# episode_index, seconds
1,0.009619
2,0.011435
3,0.010418
4,0.003913
5,0.012326
6,0.008689
7,0.002261
8,0.007928
9,0.009934
10,0.004831
11,0.008495
12,0.013377
13,0.012205
14,0.012019
15,0.010569
16,0.002006
17,0.011187
18,0.008025
19,0.008404
20,0.003820
21,0.011937
22,0.012591
23,0.003774
24,0.012010
25,0.002214
26,0.014065
27,0.065329
28,0.047396
29,0.195424
30,0.191032
31,0.239316
32,0.097265
33,0.094879
34,0.144122
35,0.142322
36,0.049042
37,0.046831
38,0.049334
39,0.050263
40,0.047781
41,0.046992
42,0.048073
43,0.047268
44,0.047522
45,0.049684
46,0.045804
47,0.094841
48,0.048133
49,0.097604
50,0.047174
51,0.048443
52,0.093199
53,0.050371
54,0.047147
55,0.046736
56,0.050311
57,0.047109
58,0.050462
59,0.047658
60,0.045910
61,0.048654
62,0.079644
63,0.049941
64,0.047539
65,0.045751
66,0.049060
67,0.046904
68,0.095797
69,0.046624
70,0.048827
71,0.046805
72,0.099587
73,0.049865
74,0.047334
75,0.047530
76,0.047874
77,0.051180
78,0.047672
79,0.047000
80,0.048652
81,0.048760
82,0.050136
83,0.046962
84,0.093983
85,0.047302
86,0.047069
87,0.050321
88,0.046891
89,0.059831
90,0.079536
91,0.050149
92,0.046521
93,0.049783
94,0.047099
95,0.049467
96,0.050502
97,0.047734
98,0.047754
99,0.093719
100,0.049122
101,0.047933
102,0.047237
103,0.045424
104,0.049316
105,0.047049
106,0.050155
107,0.047000
108,0.046307
109,0.050493
110,0.046803
111,0.046575
112,0.051112
113,0.047591
114,0.046461
115,0.048927
116,0.047697
117,0.048502
118,0.049369
119,0.046865
120,0.048571
121,0.047532
122,0.050370
123,0.048020
124,0.046657
125,0.047286
126,0.047808
127,0.047420
128,0.050770
129,0.047307
130,0.046800
131,0.050380
132,0.046964
133,0.051008
134,0.046960
135,0.047220
136,0.047682
137,0.048292
138,0.047070
139,0.050424
140,0.047136
141,0.046984
142,0.047990
143,0.048715
144,0.049014
145,0.115771
146,0.047028
147,0.051097
148,0.046815
149,0.046314
150,0.047967
151,0.046521
152,0.048607
153,0.050165
154,0.047588
155,0.049292
156,0.047734
157,0.050162
158,0.047030
159,0.046446
160,0.048426
161,0.047163
162,0.048502
163,0.049990
164,0.046765
165,0.045709
166,0.048052
167,0.047068
168,0.048188
169,0.050562
170,0.046187
171,0.048715
172,0.048623
173,0.050226
174,0.046776
175,0.047118
176,0.049168
177,0.047733
178,0.050090
179,0.047464
180,0.047408
181,0.046798
182,0.048172
183,0.051730
184,0.094598
185,0.048988
186,0.047818
187,0.050119
188,0.047497
189,0.047475
190,0.048779
191,0.047145
192,0.046441
193,0.051012
194,0.046295
195,0.046888
196,0.048499
197,0.046935
198,0.050210
199,0.047521
200,0.046974
201,0.049479
202,0.047120
203,0.047741
204,0.049904
205,0.046966
206,0.045833
207,0.048374
208,0.048132
209,0.051734
210,0.047270
211,0.045966
212,0.049693
213,0.047096
214,0.051296
215,0.048034
216,0.047222
217,0.048605
218,0.047775
219,0.046111
220,0.050346
221,0.047515
222,0.047704
223,0.048649
224,0.046758
225,0.051316
226,0.046816
227,0.095075
228,0.048962
229,0.047104
230,0.050529
231,0.047206
232,0.048478
233,0.046921
234,0.048680
235,0.049178
236,0.047491
237,0.050331
238,0.047584
239,0.048353
240,0.049388
241,0.047039
242,0.045622
243,0.049171
244,0.046323
245,0.048731
246,0.048698
247,0.046999
248,0.048510
249,0.048747
250,0.050968
251,0.093910
252,0.047658
253,0.046724
254,0.046342
255,0.050169
256,0.142554
257,0.046549
258,0.143507
259,0.187724
260,0.188727
261,0.144484
262,0.188881
263,0.097156
264,0.140604
265,0.098283
266,0.094043
267,0.098125
268,0.095476
269,0.045411
270,0.048294
271,0.047266
272,0.050794
273,0.046627
274,0.047266
275,0.047616
276,0.048485
277,0.046660
278,0.050082
279,0.047085
280,0.047727
281,0.047584
282,0.143858
283,0.141005
284,0.047205
285,0.050250
286,0.094000
287,0.048282
288,0.049410
289,0.049999
290,0.047269
291,0.046940
292,0.140903
293,0.145198
294,0.093870
295,0.046656
296,0.050720
297,0.047072
298,0.047557
299,0.048514
300,0.097566
301,0.046495
302,0.046903
303,0.048709
304,0.047344
305,0.047249
306,0.050650
307,0.047183
308,0.045881
309,0.049684
310,0.048394
311,0.097099
312,0.048649
313,0.047174
314,0.050682
315,0.047123
316,0.046383
317,0.048446
318,0.048022
319,0.047426
320,0.050615
321,0.047797
322,0.049519
323,0.047362
324,0.048379
325,0.096016
326,0.046738
327,0.048224
328,0.047073
329,0.051091
330,0.047477
331,0.047113
332,0.046729
333,0.047753
334,0.051244
335,0.046872
336,0.046767
337,0.048720
338,0.046805
339,0.048744
340,0.049912
341,0.046681
342,0.045770
343,0.048586
344,0.091774
345,0.051728
346,0.048070
347,0.048237
348,0.049512
349,0.050906
350,0.047636
351,0.046394
352,0.049413
353,0.047734
354,0.051735
355,0.048295
356,0.047164
357,0.048464
358,0.049379
359,0.051208
360,0.045718
361,0.049552
362,0.099502
363,0.047088
364,0.047579
365,0.052148
366,0.047755
367,0.050021
368,0.047969
369,0.096278
370,0.047026
371,0.050965
372,0.046613
373,0.046622
374,0.048657
375,0.047801
376,0.050623
377,0.047710
378,0.140723
379,0.046952
380,0.050731
381,0.047685
382,0.048445
383,0.048322
384,0.097016
385,0.048738
386,0.048004
387,0.048184
388,0.046808
389,0.050495
390,0.062620
391,0.050665
392,0.047352
393,0.047063
394,0.050085
395,0.046477
396,0.050243
397,0.047384
398,0.046630
399,0.049291
400,0.047218
401,0.047972
402,0.050557
403,0.047920
404,0.047485
405,0.047646
406,0.047275
407,0.097530
408,0.048778
409,0.047869
410,0.046930
411,0.050036
412,0.046698
413,0.045965
414,0.095802
415,0.047362
416,0.049730
417,0.046711
418,0.048364
419,0.048108
420,0.049666
421,0.047629
422,0.046876
423,0.048578
424,0.047394
425,0.048158
426,0.050184
427,0.047533
428,0.046240
429,0.048398
430,0.047694
431,0.050491
432,0.047782
433,0.048678
434,0.048386
435,0.046355
436,0.049885
437,0.047373
438,0.047014
439,0.047275
440,0.044407
441,0.051472
442,0.045803
443,0.046467
444,0.045887
445,0.046127
446,0.045709
447,0.046388
448,0.047226
449,0.047085
450,0.045855
451,0.091317
452,0.045777
453,0.046116
454,0.045444
455,0.046657
456,0.048373
457,0.046050
458,0.046739
459,0.045856
460,0.045577
461,0.046006
462,0.050424
463,0.047390
464,0.091853
465,0.045766
466,0.045853
467,0.045692
468,0.046273
469,0.048639
470,0.045887
471,0.046736
472,0.046316
473,0.045197
474,0.045520
475,0.045467
476,0.048850
477,0.045765
478,0.045660
479,0.046595
480,0.046178
481,0.046349
482,0.048536
483,0.046098
484,0.046826
485,0.046373
486,0.046216
487,0.045045
488,0.046698
489,0.046284
490,0.046663
491,0.047111
492,0.046627
493,0.046269
494,0.045377
495,0.045825
496,0.045249
497,0.048443
498,0.046474
499,0.046805
500,0.046619
501,0.046283
502,0.045108
503,0.045885
504,0.046498
505,0.047241
506,0.047466
507,0.046105
508,0.046226
509,0.047332
510,0.046534
511,0.045258
512,0.046227
513,0.048564
514,0.045854
515,0.046233
516,0.046438
517,0.045675
518,0.046581
519,0.048508
520,0.046864
521,0.046520
522,0.045894
523,0.047274
524,0.046010
525,0.045588
526,0.045434
527,0.049369
528,0.047020
529,0.046114
530,0.046215
531,0.045911
532,0.045867
533,0.045677
534,0.045775
535,0.046258
536,0.046572
537,0.047741
538,0.046314
539,0.046679
540,0.046061
541,0.045771
542,0.048887
543,0.045635
544,0.046223
545,0.046401
546,0.046833
547,0.045959
548,0.045950
549,0.045663
550,0.046097
551,0.047515
552,0.046741
553,0.046471
554,0.045915
555,0.046973
556,0.090687
557,0.045688
558,0.045272
559,0.048919
560,0.047649
561,0.138414
562,0.045728
563,0.045989
564,0.047151
565,0.054649
566,0.140269
567,0.047345
568,0.046965
569,0.047328
570,0.045348
571,0.045324
572,0.046089
573,0.046739
574,0.045789
575,0.046015
576,0.047925
577,0.046448
578,0.045990
579,0.045757
580,0.046449
581,0.140548
582,0.046155
583,0.046197
584,0.137825
585,0.047010
586,0.045609
587,0.046505
588,0.046068
589,0.047551
590,0.046159
591,0.046363
592,0.046540
593,0.045575
594,0.046642
595,0.049466
596,0.138401
597,0.137602
598,0.139238
599,0.138535
600,0.137586
601,0.186427
602,0.231453
603,0.137384
604,0.184170
605,0.137143
606,0.091328
607,0.141716
608,0.136343
609,0.091487
610,0.145146
611,0.135838
612,0.091577
613,0.139997
614,0.137124
615,0.184925
616,0.185510
617,0.188882
618,0.139096
619,0.185472
620,0.139228
621,0.183509
622,0.184675
623,0.182921
624,0.183978
625,0.186864
626,0.182520
627,0.184093
628,0.200917
629,0.137585
630,0.181499
631,0.184806
632,0.184889
633,0.046660
634,0.094330
635,0.139336
636,0.090874
637,0.046022
638,0.045656
639,0.045714
640,0.045777
641,0.046209
642,0.045420
643,0.092183
644,0.045893
645,0.043765
646,0.034140
647,0.067432
648,0.033434
649,0.035735
650,0.046652
651,0.046989
652,0.046239
653,0.046305
654,0.045401
655,0.045837
656,0.045206
657,0.046085
658,0.045821
659,0.045816
660,0.045197
661,0.046170
662,0.048649
663,0.047164
664,0.046154
665,0.045991
666,0.045272
667,0.046393
668,0.045377
669,0.045148
670,0.045958
671,0.045814
672,0.046135
673,0.045623
674,0.045388
675,0.045444
676,0.045761
677,0.045339
678,0.045910
679,0.046387
680,0.045645
681,0.046162
682,0.046156
683,0.048328
684,0.046717
685,0.045861
686,0.045951
687,0.046110
688,0.046338
689,0.045770
690,0.046073
691,0.046736
692,0.047300
693,0.048119
694,0.045344
695,0.046345
696,0.046316
697,0.047066
698,0.092212
699,0.092231
700,0.137263
701,0.091831
702,0.094013
703,0.047864
704,0.138546
705,0.137785
706,0.138886
707,0.178463
708,0.142155
709,0.144880
710,0.142576
711,0.189990
712,0.191692
713,0.186100
714,0.049984
715,0.047579
716,0.046812
717,0.047982
718,0.047336
719,0.047829
720,0.050608
721,0.047818
722,0.049535
723,0.047040
724,0.047518
725,0.050023
726,0.047140
727,0.047450
728,0.048224
729,0.047949
730,0.050902
731,0.047525
732,0.046853
733,0.047636
734,0.048041
735,0.048382
736,0.049670
737,0.047274
738,0.046259
739,0.049059
740,0.046730
741,0.049937
742,0.048517
743,0.046627
744,0.046322
745,0.048035
746,0.046222
747,0.047066
748,0.050067
749,0.046295
750,0.048480
751,0.046947
752,0.046715
753,0.049400
754,0.047822
755,0.045899
756,0.048271
757,0.047211
758,0.047776
759,0.050097
760,0.046729
761,0.046258
762,0.050704
763,0.047384
764,0.050040
765,0.046861
766,0.046184
767,0.049094
768,0.048471
769,0.097801
770,0.046508
771,0.047625
772,0.047924
773,0.047619
774,0.051317
775,0.046680
776,0.047772
777,0.047943
778,0.046548
779,0.050795
780,0.047058
781,0.046300
782,0.048086
783,0.046241
784,0.046492
785,0.050268
786,0.047103
787,0.048164
788,0.048083
789,0.097370
790,0.047414
791,0.046994
792,0.061872
793,0.047329
794,0.046368
795,0.047834
796,0.047971
797,0.050556
798,0.047369
799,0.046739
800,0.049212
801,0.047218
802,0.050869
803,0.047113
804,0.047583
805,0.047154
806,0.048182
807,0.047768
808,0.050474
809,0.047532
810,0.046464
811,0.048774
812,0.046871
813,0.096892
814,0.046810
815,0.045314
816,0.095661
817,0.048946
818,0.050063
819,0.046924
820,0.046618
821,0.048854
822,0.046641
823,0.048334
824,0.049742
825,0.095728
826,0.047009
827,0.046526
828,0.097353
829,0.046597
830,0.047634
831,0.047926
832,0.047102
833,0.048508
834,0.050051
835,0.046538
836,0.045821
837,0.050572
838,0.050588
839,0.046862
840,0.046362
841,0.048171
842,0.046980
843,0.046797
844,0.049496
845,0.047849
846,0.047074
847,0.047797
848,0.047263
849,0.047372
850,0.050097
851,0.045559
852,0.048867
853,0.047377
854,0.050487
855,0.048975
856,0.047212
857,0.048401
858,0.047719
859,0.047530
860,0.050437
861,0.047370
862,0.046865
863,0.048397
864,0.049886
865,0.051393
866,0.047498
867,0.047734
868,0.047787
869,0.046679
870,0.046521
871,0.050408
872,0.048025
873,0.046586
874,0.048225
875,0.048024
876,0.047172
877,0.050924
878,0.046773
879,0.047374
880,0.047851
881,0.047389
882,0.050545
883,0.048165
884,0.047500
885,0.047381
886,0.047874
887,0.047108
888,0.050511
889,0.047344
890,0.046884
891,0.049503
892,0.060733
893,0.047235
894,0.048521
895,0.049124
896,0.047805
897,0.047146
898,0.046716
899,0.046753
900,0.047066
901,0.047834
902,0.050265
903,0.046108
904,0.047982
905,0.048022
906,0.047507
907,0.097071
908,0.046229
909,0.048776
910,0.047020
911,0.098151
912,0.093305
913,0.094513
914,0.098691
915,0.047248
916,0.140542
917,0.046395
918,0.049694
919,0.046972
920,0.047155
921,0.048263
922,0.045682
923,0.047403
924,0.050894
925,0.046669
926,0.047874
927,0.047953
928,0.047707
929,0.050625
930,0.047049
931,0.047618
932,0.046872
933,0.048240
934,0.047267
935,0.051012
936,0.047073
937,0.047035
938,0.050584
939,0.047140
940,0.050775
941,0.047558
942,0.046818
943,0.049810
944,0.046603
945,0.051354
946,0.047005
947,0.046805
948,0.048262
949,0.047075
950,0.046951
951,0.050607
952,0.046233
953,0.049440
954,0.047056
955,0.047098
956,0.050276
957,0.046296
958,0.046388
959,0.049243
960,0.046851
961,0.047982
962,0.050914
963,0.047094
964,0.046129
965,0.050175
966,0.046539
967,0.050396
968,0.047168
969,0.047450
970,0.048615
971,0.048431
972,0.048925
973,0.050330
974,0.047712
975,0.047348
976,0.048804
977,0.047297
978,0.050971
979,0.046753
980,0.047742
981,0.047972
982,0.047079
983,0.144319
984,0.186096
985,0.205168
986,0.140901
987,0.046754
988,0.189479
989,0.049925
990,0.047029
991,0.050109
992,0.046497
993,0.049421
994,0.047026
995,0.046963
996,0.050836
997,0.047394
998,0.046632
999,0.049750
1000,0.047434
1001,0.046333
1002,0.050557
1003,0.047016
1004,0.046236
1005,0.048452
1006,0.048850
1007,0.050274
1008,0.047485
1009,0.047147
1010,0.048283
1011,0.046700
1012,0.046205
1013,0.050310
1014,0.047234
1015,0.047202
1016,0.048638
1017,0.046884
1018,0.046085
1019,0.050131
1020,0.046765
1021,0.048875
1022,0.046983
1023,0.047039
1024,0.046466
1025,0.050860
1026,0.046866
1027,0.046440
1028,0.048407
1029,0.046521
1030,0.047253
1031,0.045989
1032,0.049548
1033,0.046825
1034,0.047717
1035,0.046686
1036,0.046871
1037,0.046793
1038,0.050973
1039,0.046403
1040,0.046147
1041,0.046478
1042,0.048451
1043,0.047564
1044,0.050789
1045,0.047451
1046,0.047119
1047,0.049973
1048,0.048402
1049,0.049873
1050,0.047492
1051,0.045541
1052,0.048863
1053,0.047363
1054,0.046920
1055,0.050218
1056,0.046775
1057,0.046686
1058,0.049020
1059,0.046529
1060,0.046572
1061,0.096966
1062,0.048104
1063,0.094989
1064,0.049377
1065,0.048452
1066,0.047247
1067,0.046755
1068,0.046841
1069,0.047235
1070,0.050049
1071,0.046859
1072,0.046568
1073,0.048414
1074,0.047180
1075,0.048330
1076,0.095925
1077,0.095032
1078,0.108072
1079,0.048045
1080,0.047505
1081,0.051147
1082,0.047926
1083,0.049335
1084,0.046345
1085,0.046629
1086,0.050771
1087,0.047033
1088,0.046474
1089,0.047717
1090,0.048177
1091,0.047391
1092,0.046832
1093,0.050432
1094,0.046562
1095,0.046202
1096,0.049433
1097,0.047606
1098,0.050969
1099,0.047173
1100,0.048559
1101,0.046494
1102,0.045929
1103,0.049445
1104,0.047514
1105,0.047537
1106,0.046465
1107,0.048171
1108,0.046419
1109,0.050655
1110,0.045825
1111,0.045674
1112,0.048263
1113,0.046914
1114,0.046644
1115,0.049778
1116,0.046961
1117,0.046523
1118,0.048800
1119,0.046711
1120,0.047304
1121,0.050735
1122,0.047251
1123,0.045907
1124,0.048372
1125,0.047647
1126,0.047098
1127,0.050592
1128,0.046161
1129,0.046079
1130,0.048636
1131,0.047127
1132,0.046502
1133,0.050489
1134,0.047470
1135,0.046263
1136,0.047174
1137,0.049075
1138,0.050384
1139,0.047487
1140,0.047199
1141,0.047772
1142,0.048544
1143,0.046990
1144,0.046729
1145,0.050467
1146,0.046949
1147,0.046142
1148,0.048442
1149,0.046585
1150,0.046084
1151,0.050745
1152,0.046199
1153,0.045426
1154,0.047076
1155,0.046357
1156,0.048133
1157,0.046673
1158,0.050685
1159,0.046725
1160,0.046920
1161,0.049379
1162,0.047227
1163,0.046527
1164,0.049757
1165,0.046923
1166,0.045631
1167,0.048845
1168,0.046861
1169,0.047360
1170,0.049998
1171,0.046535
1172,0.045414
1173,0.046664
1174,0.048448
1175,0.046724
1176,0.050877
1177,0.047905
1178,0.046223
1179,0.048599
1180,0.047783
1181,0.047503
1182,0.061764
1183,0.047658
1184,0.046686
1185,0.050196
1186,0.046455
1187,0.046652
1188,0.048042
1189,0.047070
1190,0.046288
1191,0.050341
1192,0.047009
1193,0.046594
1194,0.049058
1195,0.046486
1196,0.050957
1197,0.047523
1198,0.046263
1199,0.047248
1200,0.047727
1201,0.048324
1202,0.050067
1203,0.047489
1204,0.048213
1205,0.049555
1206,0.047634
1207,0.050699
1208,0.047210
1209,0.046572
1210,0.047321
1211,0.047955
1212,0.046854
1213,0.050436
1214,0.046909
1215,0.046491
1216,0.048105
1217,0.047448
1218,0.050525
1219,0.046922
1220,0.046329
1221,0.050766
1222,0.047109
1223,0.050650
1224,0.047908
1225,0.047000
1226,0.049597
1227,0.046977
1228,0.046926
1229,0.050839
1230,0.047556
1231,0.046428
1232,0.049903
1233,0.046321
1234,0.050335
1235,0.047031
1236,0.046617
1237,0.047561
1238,0.047583
1239,0.047296
1240,0.051637
1241,0.047310
1242,0.046263
1243,0.047851
1244,0.048741
1245,0.049190
1246,0.049167
1247,0.046115
1248,0.049282
1249,0.047830
1250,0.050127
1251,0.047285
1252,0.046596
1253,0.047635
1254,0.048015
1255,0.047591
1256,0.050971
1257,0.046865
1258,0.046924
1259,0.049228
1260,0.047485
1261,0.050563
1262,0.047579
1263,0.047320
1264,0.047377
1265,0.049816
1266,0.047805
1267,0.051251
1268,0.046445
1269,0.046525
1270,0.048426
1271,0.047795
1272,0.047966
1273,0.048339
1274,0.048641
1275,0.046579
1276,0.046286
1277,0.050685
1278,0.047204
1279,0.046645
1280,0.047518
1281,0.048474
1282,0.046869
1283,0.050594
1284,0.048357
1285,0.046648
1286,0.063739
1287,0.046528
1288,0.047214
1289,0.047707
1290,0.047566
1291,0.050967
1292,0.047738
1293,0.046924
1294,0.046655
1295,0.047395
1296,0.047508
1297,0.050713
1298,0.046723
1299,0.047000
1300,0.048253
1301,0.047590
1302,0.046827
1303,0.142709
1304,0.047311
1305,0.048089
1306,0.097922
1307,0.047120
1308,0.143889
1309,0.144664
1310,0.140280
1311,0.143618
1312,0.140791
1313,0.144113
1314,0.142121
1315,0.144343
1316,0.142077
1317,0.143043
1318,0.142428
1319,0.142011
1320,0.141453
1321,0.144114
1322,0.138311
1323,0.114093
1324,0.059408
1325,0.054454
1326,0.053804
1327,0.053111
1328,0.065467
1329,0.037423
1330,0.098804
1331,0.028203
1332,0.057051
1333,0.028396
1334,0.028351
1335,0.027942
1336,0.028072
1337,0.028165
1338,0.028301
1339,0.027914
1340,0.028141
1341,0.028148
1342,0.028175
1343,0.027808
1344,0.035748
1345,0.030116
1346,0.028871
1347,0.028482
1348,0.028772
1349,0.028584
1350,0.027513
1351,0.027380
1352,0.029060
1353,0.030655
1354,0.031558
1355,0.040280
1356,0.046648
1357,0.040733
1358,0.041681
1359,0.041052
1360,0.030280
1361,0.041628
1362,0.037434
1363,0.031440
1364,0.031234
1365,0.031562
1366,0.060790
1367,0.045962
1368,0.041517
1369,0.039657
1370,0.053658
1371,0.040523
1372,0.030236
1373,0.032472
1374,0.031247
1375,0.028051
1376,0.029409
1377,0.028687
1378,0.028728
1379,0.029025
1380,0.028938
1381,0.028551
1382,0.028650
1383,0.028727
1384,0.038860
1385,0.043998
1386,0.044078
1387,0.044392
1388,0.044410
1389,0.045336
1390,0.045117
1391,0.045319
1392,0.045479
1393,0.044455
1394,0.047179
1395,0.048278
1396,0.047453
1397,0.046247
1398,0.046481
1399,0.032184
1400,0.047415
1401,0.088587
1402,0.130593
1403,0.044662
1404,0.132601
1405,0.090198
1406,0.135746
1407,0.140651
1408,0.133373
1409,0.135100
1410,0.131966
1411,0.087976
1412,0.128476
1413,0.133907
1414,0.131784
1415,0.135005
1416,0.132792
1417,0.134957
1418,0.049140
1419,0.048314
1420,0.048198
1421,0.048697
1422,0.045589
1423,0.044532
1424,0.043539
1425,0.048122
1426,0.048010
1427,0.047813
1428,0.049431
1429,0.047300
1430,0.047240
1431,0.045631
1432,0.047256
1433,0.047178
1434,0.048303
1435,0.049089
1436,0.046333
1437,0.044689
1438,0.043619
1439,0.043824
1440,0.044588
1441,0.043701
1442,0.044471
1443,0.044388
1444,0.043665
1445,0.044478
1446,0.044205
1447,0.045184
1448,0.044445
1449,0.044829
1450,0.043969
1451,0.044236
1452,0.059710
1453,0.045018
1454,0.044596
1455,0.048686
1456,0.047368
1457,0.047784
1458,0.047309
1459,0.048903
1460,0.047134
1461,0.048710
1462,0.046156
1463,0.049007
1464,0.048283
1465,0.046427
1466,0.049037
1467,0.049017
1468,0.048906
1469,0.047990
1470,0.048106
1471,0.047532
1472,0.049181
1473,0.048624
1474,0.048804
1475,0.048942
1476,0.049090
1477,0.048500
1478,0.051537
1479,0.072565
1480,0.044563
1481,0.044730
1482,0.048094
1483,0.048614
1484,0.047773
1485,0.047856
1486,0.047686
1487,0.048802
1488,0.049433
1489,0.047617
1490,0.049047
1491,0.048380
1492,0.048262
1493,0.047433
1494,0.079253
1495,0.044354
1496,0.044279
1497,0.047019
1498,0.047784
1499,0.048832
1500,0.044751
1501,0.044923
1502,0.047756
1503,0.047799
1504,0.048525
1505,0.048403
1506,0.048372
1507,0.030757
1508,0.046209
1509,0.040752
1510,0.032483
1511,0.048000
1512,0.045043
1513,0.047825
1514,0.047535
1515,0.041329
1516,0.030998
1517,0.030977
1518,0.039154
1519,0.043210
1520,0.044104
1521,0.035799
1522,0.047474
1523,0.071520
1524,0.046383
1525,0.045331
1526,0.038022
1527,0.036868
1528,0.033060
1529,0.034134
1530,0.063628
1531,0.066264
1532,0.064972
1533,0.034256
1534,0.046372
1535,0.044947
1536,0.047277
1537,0.045146
1538,0.044920
1539,0.045201
1540,0.103632
1541,0.062802
1542,0.043598
1543,0.051326
1544,0.043676
1545,0.042724
1546,0.043430
1547,0.043925
1548,0.097310
1549,0.047967
1550,0.045838
1551,0.045469
1552,0.046213
1553,0.119476
1554,0.043958
1555,0.046117
1556,0.046589
1557,0.047874
1558,0.052085
1559,0.046049
1560,0.044620
1561,0.044358
1562,0.048273
1563,0.048461
1564,0.048696
1565,0.049073
1566,0.049393
1567,0.048448
1568,0.048741
1569,0.047347
1570,0.048815
1571,0.049290
1572,0.048061
1573,0.047932
1574,0.049507
1575,0.049050
1576,0.047983
1577,0.048777
1578,0.047884
1579,0.048012
1580,0.049200
1581,0.048608
1582,0.048708
1583,0.047824
1584,0.048004
1585,0.048613
1586,0.049490
1587,0.097222
1588,0.048945
1589,0.048347
1590,0.048091
1591,0.095657
1592,0.097239
1593,0.094885
1594,0.047176
1595,0.145773
1596,0.097138
1597,0.145709
1598,0.145299
1599,0.194481
1600,0.140151
1601,0.029178
1602,0.080251
1603,0.087716
1604,0.087789
1605,0.043751
1606,0.043890
1607,0.043201
1608,0.043859
1609,0.043745
1610,0.043678
1611,0.043661
1612,0.043402
1613,0.043370
1614,0.043997
1615,0.043382
1616,0.044072
1617,0.043552
1618,0.043865
1619,0.043892
1620,0.040223
1621,0.028820
1622,0.039856
1623,0.045674
1624,0.043912
1625,0.044422
1626,0.045731
1627,0.044243
1628,0.044699
1629,0.044640
1630,0.048147
1631,0.048266
1632,0.048774
1633,0.048653
1634,0.048887
1635,0.049313
1636,0.048896
1637,0.047992
1638,0.049111
1639,0.047937
1640,0.049281
1641,0.047920
1642,0.048428
1643,0.048073
1644,0.049360
1645,0.048662
1646,0.048999
1647,0.048634
1648,0.049259
1649,0.049289
1650,0.048103
1651,0.047763
1652,0.048921
1653,0.048321
1654,0.048325
1655,0.048491
1656,0.048716
1657,0.048187
1658,0.048928
1659,0.049016
1660,0.048225
1661,0.047327
1662,0.048211
1663,0.048693
1664,0.049235
1665,0.047929
1666,0.048798
1667,0.049147
1668,0.049131
1669,0.048341
1670,0.049275
1671,0.049433
1672,0.049321
1673,0.048926
1674,0.049163
1675,0.049198
1676,0.049968
1677,0.047679
1678,0.049597
1679,0.048110
1680,0.048436
1681,0.048484
1682,0.082607
1683,0.047258
1684,0.051212
1685,0.051322
1686,0.051122
1687,0.051377
1688,0.052178
1689,0.051002
1690,0.052285
1691,0.052169
1692,0.052478
1693,0.051021
1694,0.051740
1695,0.051552
1696,0.051162
1697,0.051904
1698,0.051797
1699,0.051792
1700,0.104713
1701,0.046204
1702,0.046253
1703,0.046192
1704,0.046333
1705,0.045704
1706,0.046025
1707,0.046284
1708,0.046388
1709,0.046133
1710,0.046150
1711,0.045952
1712,0.045981
1713,0.045810
1714,0.046061
1715,0.046279
1716,0.045922
1717,0.046225
1718,0.045869
1719,0.046112
1720,0.046149
1721,0.046062
1722,0.045947
1723,0.046484
1724,0.046699
1725,0.046627
1726,0.046271
1727,0.045178
1728,0.046156
1729,0.046719
1730,0.045826
1731,0.046071
1732,0.045831
1733,0.046058
1734,0.045746
1735,0.046028
1736,0.045405
1737,0.045633
1738,0.045445
1739,0.045411
1740,0.045800
1741,0.045219
1742,0.045648
1743,0.045793
1744,0.045732
1745,0.045003
1746,0.044982
1747,0.045108
1748,0.045866
1749,0.045502
1750,0.045955
1751,0.045915
1752,0.045277
1753,0.045222
1754,0.045400
1755,0.045528
1756,0.045352
1757,0.045221
1758,0.045423
1759,0.045244
1760,0.045508
1761,0.045431
1762,0.045605
1763,0.045009
1764,0.044979
1765,0.044796
1766,0.045314
1767,0.046146
1768,0.044842
1769,0.045041
1770,0.045394
1771,0.044725
1772,0.045617
1773,0.045663
1774,0.045331
1775,0.045130
1776,0.045219
1777,0.045228
1778,0.044980
1779,0.044848
1780,0.045481
1781,0.045975
1782,0.045134
1783,0.044953
1784,0.046139
1785,0.045272
1786,0.045515
1787,0.045522
1788,0.045158
1789,0.045624
1790,0.046528
1791,0.045314
1792,0.046258
1793,0.045340
1794,0.045991
1795,0.044980
1796,0.044561
1797,0.045642
1798,0.048122
1799,0.046022
1800,0.046415
1801,0.046139
1802,0.047278
1803,0.047851
1804,0.047475
1805,0.047372
1806,0.046982
1807,0.047551
1808,0.051333
1809,0.050668
1810,0.051553
1811,0.050631
1812,0.051484
1813,0.050816
1814,0.050435
1815,0.102288
1816,0.051597
1817,0.051298
1818,0.052184
1819,0.052501
1820,0.051811
1821,0.051146
1822,0.050367
1823,0.051921
1824,0.051562
1825,0.049995
1826,0.052093
1827,0.051540
1828,0.050592
1829,0.051277
1830,0.051842
1831,0.052499
1832,0.102919
1833,0.051899
1834,0.050954
1835,0.050566
1836,0.052035
1837,0.051764
1838,0.051633
1839,0.050446
1840,0.050928
1841,0.051268
1842,0.052283
1843,0.052037
1844,0.101036
1845,0.051709
1846,0.050692
1847,0.101069
1848,0.051915
1849,0.102549
1850,0.154198
1851,0.051876
1852,0.051771
1853,0.103129
1854,0.100471
1855,0.154832
1856,0.102955
1857,0.102269
1858,0.103001
1859,0.101597
1860,0.101610
1861,0.100176
1862,0.102263
1863,0.103393
1864,0.051747
1865,0.102405
1866,0.102576
1867,0.051794
1868,0.101542
1869,0.101902
1870,0.100928
1871,0.052658
1872,0.051503
1873,0.051370
1874,0.051698
1875,0.052016
1876,0.051309
1877,0.051263
1878,0.052068
1879,0.051169
1880,0.049720
1881,0.052380
1882,0.052183
1883,0.052050
1884,0.051727
1885,0.051801
1886,0.051098
1887,0.051923
1888,0.051288
1889,0.051988
1890,0.050152
1891,0.052465
1892,0.052006
1893,0.051319
1894,0.051314
1895,0.052218
1896,0.052549
1897,0.051359
1898,0.051250
1899,0.051530
1900,0.051272
1901,0.052091
1902,0.052319
1903,0.050991
1904,0.050307
1905,0.051444
1906,0.049677
1907,0.050873
1908,0.051322
1909,0.051842
1910,0.051481
1911,0.050947
1912,0.050884
1913,0.049925
1914,0.051401
1915,0.050811
1916,0.051617
1917,0.052230
1918,0.051852
1919,0.052033
1920,0.051947
1921,0.051073
1922,0.051622
1923,0.051583
1924,0.051790
1925,0.051194
1926,0.051921
1927,0.062597
1928,0.047357
1929,0.048806
1930,0.047450
1931,0.045612
1932,0.045762
1933,0.045513
1934,0.044775
1935,0.045208
1936,0.046418
1937,0.045120
1938,0.045556
1939,0.045488
1940,0.045591
1941,0.045041
1942,0.045832
1943,0.045714
1944,0.045850
1945,0.045563
1946,0.043981
1947,0.043592
1948,0.044033
1949,0.045242
1950,0.044851
1951,0.044335
1952,0.044505
1953,0.044924
1954,0.044866
1955,0.044911
1956,0.045071
1957,0.045041
1958,0.044657
1959,0.044988
1960,0.044624
1961,0.044660
1962,0.044720
1963,0.044568
1964,0.044612
1965,0.045633
1966,0.045750
1967,0.044902
1968,0.044660
1969,0.044280
1970,0.045709
1971,0.048621
1972,0.049428
1973,0.048688
1974,0.049252
1975,0.048161
1976,0.048784
1977,0.048790
1978,0.048770
1979,0.049126
1980,0.047042
1981,0.048170
1982,0.049217
1983,0.049153
1984,0.048116
1985,0.048693
1986,0.048956
1987,0.048841
1988,0.048949
1989,0.048247
1990,0.048565
1991,0.048786
1992,0.047315
1993,0.048934
1994,0.049406
1995,0.048369
1996,0.048087
1997,0.049040
1998,0.048432
1999,0.048377
2000,0.048184
2001,0.047954
2002,0.048614
2003,0.048212
2004,0.048004
2005,0.048647
2006,0.049230
2007,0.047885
2008,0.048287
2009,0.046462
2010,0.048366
2011,0.049231
2012,0.048120
2013,0.048573
2014,0.048726
2015,0.049239
2016,0.047231
2017,0.048788
2018,0.048249
2019,0.048789
2020,0.048894
2021,0.048914
2022,0.048187
2023,0.046671
2024,0.047548
2025,0.046649
2026,0.049699
2027,0.049401
2028,0.049442
2029,0.047859
2030,0.048250
2031,0.048221
2032,0.048040
2033,0.039878
2034,0.044821
2035,0.044689
2036,0.044507
2037,0.045343
2038,0.045321
2039,0.044743
2040,0.044428
2041,0.045257
2042,0.045131
2043,0.044532
2044,0.044038
2045,0.044765
2046,0.044436
2047,0.045922
2048,0.045278
2049,0.044903
2050,0.044703
2051,0.045258
2052,0.044739
2053,0.048750
2054,0.049184
2055,0.048566
2056,0.048800
2057,0.046900
2058,0.048308
2059,0.048694
2060,0.046714
2061,0.048723
2062,0.048608
2063,0.048977
2064,0.048630
2065,0.044800
2066,0.044221
2067,0.044418
2068,0.043983
2069,0.044202
2070,0.044091
2071,0.043742
2072,0.047402
2073,0.047424
2074,0.047600
# total_episodes=2074, avg_seconds=0.054826
