# episode_index, seconds
1,0.001942
2,0.010212
3,0.003579
4,0.007260
5,0.003172
6,0.003624
7,0.014887
8,0.006759
9,0.003593
10,0.002261
11,0.003334
12,0.002086
13,0.006705
14,0.002056
15,0.011549
16,0.005102
17,0.006862
18,0.002084
19,0.006780
20,0.008390
21,0.002052
22,0.001735
23,0.005323
24,0.002096
25,0.001838
26,0.008349
27,0.002267
28,0.003479
29,0.002108
30,0.001791
31,0.003124
32,0.012431
33,0.008795
34,0.008405
35,0.011380
36,0.005327
37,0.001981
38,0.009880
39,0.006936
40,0.007581
41,0.088989
42,0.042768
43,0.127922
44,0.041978
45,0.043434
46,0.128006
47,0.125512
48,0.084776
49,0.042792
50,0.041903
51,0.042318
52,0.042271
53,0.044000
54,0.041922
55,0.049388
56,0.043071
57,0.042976
58,0.042563
59,0.042519
60,0.042645
61,0.043486
62,0.043193
63,0.043011
64,0.042007
65,0.042484
66,0.043549
67,0.042202
68,0.042893
69,0.041826
70,0.044806
71,0.042751
72,0.042525
73,0.042338
74,0.042038
75,0.042176
76,0.042483
77,0.043368
78,0.043229
79,0.041777
80,0.042179
81,0.043447
82,0.042671
83,0.042005
84,0.042248
85,0.042551
86,0.041772
87,0.043826
88,0.042586
89,0.042215
90,0.084961
91,0.042496
92,0.043022
93,0.052818
94,0.042637
95,0.041813
96,0.041969
97,0.043415
98,0.042350
99,0.042899
100,0.042367
101,0.041765
102,0.085715
103,0.042683
104,0.210589
105,0.042675
106,0.128104
107,0.200473
108,0.042605
109,0.125292
110,0.127490
111,0.084701
112,0.084587
113,0.127497
114,0.125978
115,0.083050
116,0.042206
117,0.084713
118,0.042680
119,0.042473
120,0.042762
121,0.043504
122,0.042750
123,0.042613
124,0.038580
125,0.029389
126,0.028413
127,0.037756
128,0.042731
129,0.042235
130,0.041957
131,0.043450
132,0.042470
133,0.042309
134,0.042212
135,0.041632
136,0.041931
137,0.043026
138,0.042669
139,0.043088
140,0.042747
141,0.042127
142,0.042796
143,0.042664
144,0.042255
145,0.042524
146,0.042157
147,0.042160
148,0.043398
149,0.043215
150,0.047416
151,0.042112
152,0.042621
153,0.042667
154,0.042163
155,0.043047
156,0.042630
157,0.042811
158,0.042580
159,0.043480
160,0.042555
161,0.043006
162,0.042564
163,0.042490
164,0.042076
165,0.042854
166,0.042868
167,0.042338
168,0.042539
169,0.042314
170,0.042740
171,0.042534
172,0.042517
173,0.042691
174,0.041803
175,0.043401
176,0.041927
177,0.042892
178,0.042528
179,0.042454
180,0.043450
181,0.042645
182,0.042152
183,0.042803
184,0.041989
185,0.043217
186,0.042630
187,0.042655
188,0.042822
189,0.043416
190,0.056640
191,0.042387
192,0.042414
193,0.042451
194,0.041932
195,0.042411
196,0.043151
197,0.042285
198,0.042316
199,0.042512
200,0.042888
201,0.043130
202,0.042730
203,0.042492
204,0.042418
205,0.041788
206,0.041691
207,0.041912
208,0.043190
209,0.042862
210,0.042190
211,0.042094
212,0.041981
213,0.043272
214,0.042335
215,0.042540
216,0.042742
217,0.041698
218,0.041932
219,0.042293
220,0.042662
221,0.042946
222,0.042482
223,0.042314
224,0.043254
225,0.042523
226,0.042215
227,0.042513
228,0.041546
229,0.041852
230,0.043004
231,0.043482
232,0.042615
233,0.042891
234,0.042474
235,0.043237
236,0.042697
237,0.042755
238,0.042463
239,0.042220
240,0.042019
241,0.043506
242,0.042433
243,0.042416
244,0.041908
245,0.041964
246,0.042163
247,0.043536
248,0.042054
249,0.042697
250,0.042104
251,0.041761
252,0.042939
253,0.043322
254,0.083734
255,0.041525
256,0.043135
257,0.043090
258,0.084248
259,0.042752
260,0.041976
261,0.043697
262,0.084429
263,0.042464
264,0.042162
265,0.085788
266,0.085426
267,0.128133
268,0.042259
269,0.042571
270,0.167835
271,0.133271
272,0.042608
273,0.086461
274,0.042955
275,0.042578
276,0.123409
277,0.042060
278,0.131349
279,0.043405
280,0.042823
281,0.084814
282,0.043314
283,0.042036
284,0.043458
285,0.042518
286,0.042366
287,0.042602
288,0.042474
289,0.042050
290,0.044325
291,0.042809
292,0.042363
293,0.042647
294,0.042102
295,0.042772
296,0.042670
297,0.042901
298,0.042479
299,0.042288
300,0.042124
301,0.041993
302,0.042872
303,0.042646
304,0.042712
305,0.042517
306,0.041889
307,0.042671
308,0.043792
309,0.042481
310,0.042832
311,0.042366
312,0.042970
313,0.043134
314,0.042388
315,0.042360
316,0.042351
317,0.042246
318,0.042215
319,0.081993
320,0.043089
321,0.042811
322,0.042547
323,0.041969
324,0.043113
325,0.042519
326,0.042589
327,0.071149
328,0.044459
329,0.034386
330,0.026842
331,0.026861
332,0.026902
333,0.027172
334,0.026206
335,0.026357
336,0.026130
337,0.031037
338,0.042745
339,0.042422
340,0.042807
341,0.042539
342,0.043318
343,0.042300
344,0.043131
345,0.046097
346,0.043422
347,0.041881
348,0.042375
349,0.042058
350,0.042104
351,0.042464
352,0.043333
353,0.042246
354,0.049779
355,0.042946
356,0.041946
357,0.042611
358,0.042242
359,0.042861
360,0.042617
361,0.043143
362,0.042718
363,0.041964
364,0.042150
365,0.043363
366,0.043156
367,0.042167
368,0.042463
369,0.042242
370,0.043300
371,0.042343
372,0.042857
373,0.042735
374,0.042002
375,0.043513
376,0.042103
377,0.043003
378,0.042703
379,0.041605
380,0.041424
381,0.042781
382,0.042717
383,0.042085
384,0.042252
385,0.042191
386,0.042993
387,0.042102
388,0.043161
389,0.042925
390,0.042196
391,0.042955
392,0.042178
393,0.042404
394,0.042373
395,0.042146
396,0.042542
397,0.042573
398,0.042646
399,0.042685
400,0.042216
401,0.042137
402,0.042206
403,0.042922
404,0.041927
405,0.042664
406,0.042610
407,0.042590
408,0.043037
409,0.057578
410,0.042567
411,0.042434
412,0.042337
413,0.041771
414,0.042873
415,0.042861
416,0.042702
417,0.042588
418,0.042200
419,0.042081
420,0.043169
421,0.042775
422,0.042831
423,0.042561
424,0.041886
425,0.043119
426,0.042305
427,0.042329
428,0.042477
429,0.041810
430,0.042973
431,0.042452
432,0.042978
433,0.043214
434,0.042033
435,0.043044
436,0.043392
437,0.042960
438,0.042272
439,0.041983
440,0.041747
441,0.043955
442,0.042352
443,0.043259
444,0.042257
445,0.042196
446,0.043714
447,0.041885
448,0.041932
449,0.042214
450,0.042164
451,0.042449
452,0.042088
453,0.041360
454,0.043460
455,0.042728
456,0.042709
457,0.042870
458,0.037343
459,0.033001
460,0.042633
461,0.042418
462,0.043557
463,0.042297
464,0.042916
465,0.042405
466,0.042372
467,0.042033
468,0.042525
469,0.042623
470,0.042901
471,0.042408
472,0.041913
473,0.042835
474,0.042270
475,0.042663
476,0.042299
477,0.042230
478,0.042242
479,0.043218
480,0.042370
481,0.042358
482,0.043167
483,0.042878
484,0.042792
485,0.042950
486,0.084688
487,0.042984
488,0.042839
489,0.042380
490,0.042594
491,0.041505
492,0.042553
493,0.042993
494,0.042392
495,0.042458
496,0.126383
497,0.042988
498,0.084745
499,0.084442
500,0.088073
501,0.042225
502,0.042555
503,0.043236
504,0.043044
505,0.042509
506,0.042296
507,0.083205
508,0.043152
509,0.084487
510,0.042488
511,0.041084
512,0.041929
513,0.085732
514,0.167799
515,0.042800
516,0.043184
517,0.042563
518,0.125844
519,0.085388
520,0.084708
521,0.084043
522,0.042224
523,0.042989
524,0.042293
525,0.085119
526,0.042229
527,0.042591
528,0.042792
529,0.042766
530,0.042060
531,0.042277
532,0.085501
533,0.042904
534,0.084156
535,0.085120
536,0.041695
537,0.042387
538,0.042487
539,0.041766
540,0.084288
541,0.042851
542,0.042612
543,0.041504
544,0.041728
545,0.042747
546,0.042095
547,0.042752
548,0.042855
549,0.041599
550,0.042719
551,0.043133
552,0.042292
553,0.042758
554,0.041366
555,0.042918
556,0.042872
557,0.042744
558,0.042227
559,0.043173
560,0.042441
561,0.041787
562,0.042941
563,0.042486
564,0.042594
565,0.042835
566,0.042533
567,0.042392
568,0.043022
569,0.042392
570,0.042508
571,0.043787
572,0.042409
573,0.042462
574,0.042516
575,0.042815
576,0.043392
577,0.043181
578,0.042348
579,0.042668
580,0.042330
581,0.043235
582,0.043016
583,0.042179
584,0.042567
585,0.043025
586,0.042568
587,0.042463
588,0.041941
589,0.041830
590,0.042116
591,0.044344
592,0.042736
593,0.042736
594,0.041943
595,0.042170
596,0.043319
597,0.042853
598,0.042259
599,0.043057
600,0.043261
601,0.042812
602,0.043282
603,0.042479
604,0.042163
605,0.042933
606,0.042885
607,0.042718
608,0.042411
609,0.043700
610,0.041886
611,0.084300
612,0.041928
613,0.043653
614,0.083944
615,0.042126
616,0.042235
617,0.042840
618,0.169513
619,0.141087
620,0.084213
621,0.125436
622,0.084620
623,0.083744
624,0.169509
625,0.127128
626,0.042106
627,0.127490
628,0.042074
629,0.042195
630,0.083824
631,0.085112
632,0.083818
633,0.043540
634,0.084133
635,0.041891
636,0.041809
637,0.042317
638,0.042849
639,0.042556
640,0.042572
641,0.042516
642,0.043238
643,0.042332
644,0.042465
645,0.042736
646,0.042570
647,0.042144
648,0.084929
649,0.042386
650,0.042365
651,0.041805
652,0.044029
653,0.042210
654,0.042347
655,0.042167
656,0.042116
657,0.042739
658,0.042641
659,0.044047
660,0.043522
661,0.042561
662,0.042859
663,0.042623
664,0.042527
665,0.043349
666,0.042831
667,0.041856
668,0.042478
669,0.083745
670,0.085118
671,0.042667
672,0.084538
673,0.043722
674,0.042609
675,0.042867
676,0.124590
677,0.042485
678,0.042180
679,0.042209
680,0.085702
681,0.042506
682,0.042566
683,0.042330
684,0.042356
685,0.126699
686,0.042038
687,0.084463
688,0.043310
689,0.042359
690,0.042897
691,0.042236
692,0.043706
693,0.043482
694,0.042547
695,0.042289
696,0.042470
697,0.043062
698,0.042090
699,0.042697
700,0.042456
701,0.041963
702,0.043208
703,0.042496
704,0.042769
705,0.042445
706,0.041831
707,0.042482
708,0.042916
709,0.056344
710,0.042541
711,0.042197
712,0.042101
713,0.043915
714,0.042079
715,0.042596
716,0.042334
717,0.042185
718,0.043384
719,0.042689
720,0.042274
721,0.042273
722,0.044125
723,0.042236
724,0.042429
725,0.042293
726,0.041905
727,0.043306
728,0.042572
729,0.042296
730,0.042349
731,0.041935
732,0.043469
733,0.042393
734,0.042851
735,0.042452
736,0.042245
737,0.043283
738,0.041271
739,0.042579
740,0.042473
741,0.042357
742,0.043188
743,0.042384
744,0.042679
745,0.042174
746,0.042708
747,0.085530
748,0.042769
749,0.042520
750,0.041674
751,0.042336
752,0.043421
753,0.042865
754,0.042383
755,0.042723
756,0.043151
757,0.042704
758,0.043075
759,0.042151
760,0.042222
761,0.041992
762,0.043313
763,0.042837
764,0.126167
765,0.043570
766,0.042281
767,0.042545
768,0.126361
769,0.043062
770,0.042947
771,0.042200
772,0.042324
773,0.042499
774,0.042213
775,0.043028
776,0.042657
777,0.126758
778,0.042193
779,0.042288
780,0.042310
781,0.042972
782,0.042758
783,0.042598
784,0.042623
785,0.042398
786,0.044130
787,0.043367
788,0.042516
789,0.042717
790,0.042443
791,0.043515
792,0.042869
793,0.042831
794,0.042259
795,0.042280
796,0.042937
797,0.042909
798,0.042201
799,0.041933
800,0.042431
801,0.042571
802,0.042580
803,0.042606
804,0.042772
805,0.042643
806,0.042382
807,0.042916
808,0.042838
809,0.042287
810,0.042131
811,0.043816
812,0.042216
813,0.043084
814,0.084660
815,0.127374
816,0.042422
817,0.057999
818,0.125532
819,0.042402
820,0.043118
821,0.084581
822,0.041981
823,0.042121
824,0.128295
825,0.126769
826,0.042033
827,0.042174
828,0.043781
829,0.043377
830,0.042547
831,0.041575
832,0.042891
833,0.043595
834,0.084838
835,0.042714
836,0.041880
837,0.043496
838,0.042237
839,0.042879
840,0.042409
841,0.042413
842,0.043312
843,0.042128
844,0.042628
845,0.042704
846,0.041912
847,0.041366
848,0.043550
849,0.042510
850,0.043391
851,0.042209
852,0.042543
853,0.041880
854,0.041752
855,0.042168
856,0.043635
857,0.042888
858,0.041675
859,0.041945
860,0.042308
861,0.042230
862,0.125271
863,0.029643
864,0.026962
865,0.026919
866,0.026675
867,0.026516
868,0.078390
869,0.033722
870,0.042333
871,0.043172
872,0.042279
873,0.042892
874,0.042321
875,0.042140
876,0.043228
877,0.042775
878,0.042240
879,0.042124
880,0.042399
881,0.043399
882,0.043320
883,0.042805
884,0.042648
885,0.041688
886,0.043114
887,0.041868
888,0.042379
889,0.042585
890,0.042351
891,0.041775
892,0.041887
893,0.043346
894,0.042380
895,0.042231
896,0.043031
897,0.042556
898,0.042127
899,0.042396
900,0.043253
901,0.042300
902,0.042996
903,0.042349
904,0.042547
905,0.043457
906,0.042421
907,0.042321
908,0.042690
909,0.041454
910,0.042187
911,0.043438
912,0.042139
913,0.042713
914,0.042560
915,0.042120
916,0.042641
917,0.041761
918,0.043591
919,0.042569
920,0.042821
921,0.042475
922,0.043280
923,0.042424
924,0.042609
925,0.043003
926,0.056889
927,0.042352
928,0.082552
929,0.043321
930,0.041456
931,0.042846
932,0.042739
933,0.043153
934,0.042639
935,0.042389
936,0.042093
937,0.042195
938,0.042290
939,0.127942
940,0.042817
941,0.042385
942,0.042399
943,0.043265
944,0.042248
945,0.042734
946,0.042683
947,0.041431
948,0.042435
949,0.043998
950,0.043125
951,0.042390
952,0.042373
953,0.043435
954,0.042325
955,0.042706
956,0.042475
957,0.126393
958,0.041933
959,0.042372
960,0.042533
961,0.085369
962,0.126826
963,0.042668
964,0.042127
965,0.043374
966,0.042043
967,0.126748
968,0.043323
969,0.042456
970,0.168070
971,0.042717
972,0.043418
973,0.042618
974,0.042657
975,0.042272
976,0.041826
977,0.043331
978,0.042529
979,0.041985
980,0.042627
981,0.042119
982,0.042810
983,0.042363
984,0.042146
985,0.042478
986,0.041309
987,0.043049
988,0.042058
989,0.042964
990,0.083832
991,0.042175
992,0.043105
993,0.041985
994,0.042324
995,0.042458
996,0.042647
997,0.043321
998,0.042265
999,0.042774
1000,0.042498
1001,0.042552
1002,0.042869
1003,0.042877
1004,0.042790
1005,0.042946
1006,0.042021
1007,0.042020
1008,0.042933
1009,0.043079
1010,0.042046
1011,0.042077
1012,0.043588
1013,0.042103
1014,0.042561
1015,0.042252
1016,0.042559
1017,0.042502
1018,0.043438
1019,0.042602
1020,0.042669
1021,0.042493
1022,0.041845
1023,0.043322
1024,0.042307
1025,0.042842
1026,0.042932
1027,0.042925
1028,0.041624
1029,0.042899
1030,0.056537
1031,0.042228
1032,0.042694
1033,0.043174
1034,0.127182
1035,0.035597
1036,0.079178
1037,0.042909
1038,0.127057
1039,0.126400
1040,0.127030
1041,0.126958
1042,0.126052
1043,0.124553
1044,0.126475
1045,0.168988
1046,0.167949
1047,0.166870
1048,0.127019
1049,0.169213
1050,0.168576
1051,0.084159
1052,0.042705
1053,0.043424
1054,0.042979
1055,0.042545
1056,0.042641
1057,0.042273
1058,0.042648
1059,0.042985
1060,0.042049
1061,0.042541
1062,0.042726
1063,0.041738
1064,0.043310
1065,0.043070
1066,0.042596
1067,0.042575
1068,0.041459
1069,0.043416
1070,0.042939
1071,0.043210
1072,0.042598
1073,0.043644
1074,0.042361
1075,0.042952
1076,0.042557
1077,0.042671
1078,0.043999
1079,0.042722
1080,0.042345
1081,0.042131
1082,0.041946
1083,0.043209
1084,0.042130
1085,0.042649
1086,0.042263
1087,0.042003
1088,0.041796
1089,0.043345
1090,0.041116
1091,0.042136
1092,0.042756
1093,0.042112
1094,0.043062
1095,0.042748
1096,0.042987
1097,0.042717
1098,0.042782
1099,0.043070
1100,0.042521
1101,0.043075
1102,0.042113
1103,0.042220
1104,0.043416
1105,0.043042
1106,0.042092
1107,0.042473
1108,0.041698
1109,0.042349
1110,0.042476
1111,0.042259
1112,0.042699
1113,0.057517
1114,0.042550
1115,0.042312
1116,0.043589
1117,0.042160
1118,0.042193
1119,0.042249
1120,0.042208
1121,0.043554
1122,0.042701
1123,0.042195
1124,0.043122
1125,0.043833
1126,0.042698
1127,0.042928
1128,0.042367
1129,0.042519
1130,0.042622
1131,0.043234
1132,0.042831
1133,0.042174
1134,0.042485
1135,0.043072
1136,0.042768
1137,0.042667
1138,0.042513
1139,0.042573
1140,0.042293
1141,0.043214
1142,0.042546
1143,0.042716
1144,0.041587
1145,0.042755
1146,0.043388
1147,0.042341
1148,0.042452
1149,0.043130
1150,0.043630
1151,0.042249
1152,0.042494
1153,0.042785
1154,0.042054
1155,0.043275
1156,0.042299
1157,0.042963
1158,0.043730
1159,0.031352
1160,0.030066
1161,0.037857
1162,0.045168
1163,0.043256
1164,0.039853
1165,0.041104
1166,0.030270
1167,0.030589
1168,0.030245
1169,0.037611
1170,0.045350
1171,0.042398
1172,0.039590
1173,0.045100
1174,0.032726
1175,0.038203
1176,0.038156
1177,0.038327
1178,0.037563
1179,0.038012
1180,0.037720
1181,0.038011
1182,0.038174
1183,0.036860
1184,0.037735
1185,0.038387
1186,0.037636
1187,0.037411
1188,0.037734
1189,0.037334
1190,0.036477
1191,0.038170
1192,0.038208
1193,0.037705
1194,0.037597
1195,0.034010
1196,0.032112
1197,0.029338
1198,0.028045
1199,0.028274
1200,0.028075
1201,0.028068
1202,0.028631
1203,0.028889
1204,0.028019
1205,0.027951
1206,0.027848
1207,0.028074
1208,0.028659
1209,0.028952
1210,0.057994
1211,0.028725
1212,0.028981
1213,0.057427
1214,0.028793
1215,0.028856
1216,0.028453
1217,0.033382
1218,0.030670
1219,0.028887
1220,0.028185
1221,0.028132
1222,0.028391
1223,0.028773
1224,0.028620
1225,0.028433
1226,0.027846
1227,0.028542
1228,0.028454
1229,0.028649
1230,0.028354
1231,0.028601
1232,0.028420
1233,0.028651
1234,0.028332
1235,0.028576
1236,0.028672
1237,0.028968
1238,0.028469
1239,0.031936
1240,0.032731
1241,0.031887
1242,0.028077
1243,0.029757
1244,0.029301
1245,0.029407
1246,0.029302
1247,0.029801
1248,0.029090
1249,0.029751
1250,0.028016
1251,0.039469
1252,0.043851
1253,0.043517
1254,0.043791
1255,0.043605
1256,0.043436
1257,0.043950
1258,0.043576
1259,0.042854
1260,0.043023
1261,0.043212
1262,0.042666
1263,0.043213
1264,0.042687
1265,0.043390
1266,0.043744
1267,0.043380
1268,0.043757
1269,0.043460
1270,0.042930
1271,0.043219
1272,0.043927
1273,0.043395
1274,0.043307
1275,0.043546
1276,0.043771
1277,0.043545
1278,0.043701
1279,0.043432
1280,0.043741
1281,0.043308
1282,0.043680
1283,0.043658
1284,0.043720
1285,0.043302
1286,0.043509
1287,0.043570
1288,0.043459
1289,0.043265
1290,0.044061
1291,0.043800
1292,0.043580
1293,0.043214
1294,0.043167
1295,0.042786
1296,0.043198
1297,0.043562
1298,0.043504
1299,0.043303
1300,0.043057
1301,0.043792
1302,0.043313
1303,0.043314
1304,0.043345
1305,0.043486
1306,0.043325
1307,0.043724
1308,0.043339
1309,0.043526
1310,0.043913
1311,0.044103
1312,0.043369
1313,0.043569
1314,0.043502
1315,0.043142
1316,0.043683
1317,0.042980
1318,0.042701
1319,0.043030
1320,0.043203
1321,0.043195
1322,0.042943
1323,0.042736
1324,0.043500
1325,0.043457
1326,0.043240
1327,0.043200
1328,0.043727
1329,0.043758
1330,0.043644
1331,0.043256
1332,0.044180
1333,0.093540
1334,0.042374
1335,0.043433
1336,0.042902
1337,0.043622
1338,0.044768
1339,0.043713
1340,0.043878
1341,0.043683
1342,0.043068
1343,0.046116
1344,0.043769
1345,0.042929
1346,0.043599
1347,0.044386
1348,0.043909
1349,0.044188
1350,0.043609
1351,0.043470
1352,0.043735
1353,0.046193
1354,0.048025
1355,0.051634
1356,0.043444
1357,0.043498
1358,0.043110
1359,0.043209
1360,0.043176
1361,0.043603
1362,0.042990
1363,0.044180
1364,0.043438
1365,0.043484
1366,0.043636
1367,0.043273
1368,0.043474
1369,0.043440
1370,0.043808
1371,0.043962
1372,0.043294
1373,0.043725
1374,0.043335
1375,0.043595
1376,0.043963
1377,0.043554
1378,0.043386
1379,0.043760
1380,0.042819
1381,0.043880
1382,0.043397
1383,0.043696
1384,0.043822
1385,0.044159
1386,0.043564
1387,0.043338
1388,0.043338
1389,0.043447
1390,0.043674
1391,0.043349
1392,0.043131
1393,0.044159
1394,0.043734
1395,0.043515
1396,0.043264
1397,0.043897
1398,0.042983
1399,0.043889
1400,0.043762
1401,0.043646
1402,0.044260
1403,0.043502
1404,0.043790
1405,0.043617
1406,0.043179
1407,0.043979
1408,0.047094
1409,0.043137
1410,0.043917
1411,0.043939
1412,0.043490
1413,0.043626
1414,0.043404
1415,0.043951
1416,0.043820
1417,0.043861
1418,0.043950
1419,0.043514
1420,0.043780
1421,0.043043
1422,0.043762
1423,0.043116
1424,0.043564
1425,0.043785
1426,0.043606
1427,0.042985
1428,0.043198
1429,0.043637
1430,0.043246
1431,0.043520
1432,0.044020
1433,0.043508
1434,0.043258
1435,0.043096
1436,0.044199
1437,0.043473
1438,0.042919
1439,0.043791
1440,0.043314
1441,0.043634
1442,0.043559
1443,0.043355
1444,0.043914
1445,0.043671
1446,0.043642
1447,0.043854
1448,0.042891
1449,0.043522
1450,0.043683
1451,0.043677
1452,0.043545
1453,0.043695
1454,0.043570
1455,0.043898
1456,0.043759
1457,0.044103
1458,0.043696
1459,0.043194
1460,0.043801
1461,0.043221
1462,0.043113
1463,0.044081
1464,0.043287
1465,0.043856
1466,0.043821
1467,0.043310
1468,0.043680
1469,0.043484
1470,0.043332
1471,0.043714
1472,0.043385
1473,0.086595
1474,0.043705
1475,0.043814
1476,0.087610
1477,0.050577
1478,0.040600
1479,0.042353
1480,0.042258
1481,0.042332
1482,0.085973
1483,0.087509
1484,0.044002
1485,0.043633
1486,0.043904
1487,0.043447
1488,0.043657
1489,0.044204
1490,0.043839
1491,0.043862
1492,0.043324
1493,0.044431
1494,0.043705
1495,0.044050
1496,0.043916
1497,0.043686
1498,0.043464
1499,0.044008
1500,0.044020
1501,0.043904
1502,0.043491
1503,0.043345
1504,0.043265
1505,0.043698
1506,0.044446
1507,0.043781
1508,0.044141
1509,0.044062
1510,0.043896
1511,0.044065
1512,0.043641
1513,0.086628
1514,0.043172
1515,0.043147
1516,0.043296
1517,0.043711
1518,0.043160
1519,0.043387
1520,0.043346
1521,0.043642
1522,0.043554
1523,0.043461
1524,0.043352
1525,0.043815
1526,0.043619
1527,0.043382
1528,0.043517
1529,0.043565
1530,0.043295
1531,0.043156
1532,0.043464
1533,0.043231
1534,0.043265
1535,0.043587
1536,0.043312
1537,0.043696
1538,0.043357
1539,0.043690
1540,0.043558
1541,0.043796
1542,0.043538
1543,0.043613
1544,0.043683
1545,0.044191
1546,0.043801
1547,0.043288
1548,0.043857
1549,0.044165
1550,0.043208
1551,0.043806
1552,0.044021
1553,0.044177
1554,0.043463
1555,0.042262
1556,0.031816
1557,0.041461
1558,0.042136
1559,0.042262
1560,0.042219
1561,0.042838
1562,0.042034
1563,0.041898
1564,0.042586
1565,0.044206
1566,0.043341
1567,0.043469
1568,0.043287
1569,0.044460
1570,0.044018
1571,0.043705
1572,0.043714
1573,0.043976
1574,0.043676
1575,0.043418
1576,0.043638
1577,0.043522
1578,0.043801
1579,0.043584
1580,0.043398
1581,0.043922
1582,0.043801
1583,0.043813
1584,0.043511
1585,0.043850
1586,0.043401
1587,0.044275
1588,0.043794
1589,0.044116
1590,0.044425
1591,0.043338
1592,0.043509
1593,0.043658
1594,0.044069
1595,0.043651
1596,0.043817
1597,0.043875
1598,0.043867
1599,0.043762
1600,0.044229
1601,0.044085
1602,0.043330
1603,0.043569
1604,0.044066
1605,0.043986
1606,0.043636
1607,0.043999
1608,0.043952
1609,0.087490
1610,0.043856
1611,0.087409
1612,0.043451
1613,0.043595
1614,0.043392
1615,0.043951
1616,0.043782
1617,0.043959
1618,0.043224
1619,0.063509
1620,0.048033
1621,0.044459
1622,0.045121
1623,0.044843
1624,0.044618
1625,0.044586
1626,0.044527
1627,0.044072
1628,0.044344
1629,0.043721
1630,0.043712
1631,0.043187
1632,0.043630
1633,0.043761
1634,0.043518
1635,0.044794
1636,0.043773
1637,0.044091
1638,0.046274
1639,0.048431
1640,0.048536
1641,0.047970
1642,0.046822
1643,0.043506
1644,0.043747
1645,0.045396
1646,0.043466
1647,0.043738
1648,0.044079
1649,0.044975
1650,0.044576
1651,0.047320
1652,0.048307
1653,0.048670
1654,0.048923
1655,0.047698
1656,0.048856
1657,0.048582
1658,0.048688
1659,0.048126
1660,0.048326
1661,0.047933
1662,0.047992
1663,0.048688
1664,0.047961
1665,0.048272
1666,0.047309
1667,0.048254
1668,0.047474
1669,0.048011
1670,0.047979
1671,0.048485
1672,0.048724
1673,0.047925
1674,0.048876
1675,0.048713
1676,0.047202
1677,0.048873
1678,0.048639
1679,0.048220
1680,0.048147
1681,0.048387
1682,0.048305
1683,0.048279
1684,0.049112
1685,0.048176
1686,0.048749
1687,0.047930
1688,0.047443
1689,0.047081
1690,0.047495
1691,0.048501
1692,0.048347
1693,0.049536
1694,0.047564
1695,0.047778
1696,0.047923
1697,0.047837
1698,0.057081
1699,0.042953
1700,0.042830
1701,0.044354
1702,0.043966
1703,0.044078
1704,0.043804
1705,0.043424
1706,0.043265
1707,0.043626
1708,0.043368
1709,0.043465
1710,0.042750
1711,0.042686
1712,0.043573
1713,0.043407
1714,0.043661
1715,0.043964
1716,0.043578
1717,0.043485
1718,0.043234
1719,0.043169
1720,0.043038
1721,0.043278
1722,0.042698
1723,0.043317
1724,0.043170
1725,0.043326
1726,0.043501
1727,0.043531
1728,0.043584
1729,0.044427
1730,0.042824
1731,0.042905
1732,0.039884
1733,0.040921
1734,0.043675
1735,0.043067
1736,0.043532
1737,0.042715
1738,0.043651
1739,0.044207
1740,0.043579
1741,0.043983
1742,0.043724
1743,0.043204
1744,0.044079
1745,0.044201
1746,0.043477
1747,0.043108
1748,0.043822
1749,0.044065
1750,0.043420
1751,0.043843
1752,0.044474
1753,0.047247
1754,0.048413
1755,0.048241
1756,0.047328
1757,0.048190
1758,0.047826
1759,0.047031
1760,0.047730
1761,0.047780
1762,0.047974
1763,0.043624
1764,0.044108
1765,0.047360
1766,0.048153
1767,0.047288
1768,0.048678
1769,0.048936
1770,0.047848
1771,0.047591
1772,0.048290
1773,0.046910
1774,0.045020
1775,0.048467
1776,0.048116
1777,0.046400
1778,0.048130
1779,0.048368
1780,0.048284
1781,0.046523
1782,0.047342
1783,0.048958
1784,0.048733
1785,0.048200
1786,0.049416
1787,0.047749
1788,0.048739
1789,0.048362
1790,0.048673
1791,0.049282
1792,0.048312
1793,0.048578
1794,0.048291
1795,0.048745
1796,0.048349
1797,0.048709
1798,0.048216
1799,0.048467
1800,0.048016
1801,0.048398
1802,0.049443
1803,0.048733
1804,0.048680
1805,0.048744
1806,0.048263
1807,0.048427
1808,0.057420
1809,0.043780
1810,0.043037
1811,0.044142
1812,0.043694
1813,0.043429
1814,0.043815
1815,0.043167
1816,0.042877
1817,0.043360
1818,0.042573
1819,0.043502
1820,0.042998
1821,0.043564
1822,0.043272
1823,0.042667
1824,0.043725
1825,0.043132
1826,0.042906
1827,0.043020
1828,0.042373
1829,0.043191
1830,0.043135
1831,0.043372
1832,0.042662
1833,0.043132
1834,0.043534
1835,0.043324
1836,0.043047
1837,0.043519
1838,0.042865
1839,0.043224
1840,0.043218
1841,0.043468
1842,0.043221
1843,0.043158
1844,0.043169
1845,0.043164
1846,0.043488
1847,0.043685
1848,0.043921
1849,0.043606
1850,0.042951
1851,0.042985
1852,0.043653
1853,0.043476
1854,0.043254
1855,0.043557
1856,0.043289
1857,0.043784
1858,0.043694
1859,0.043987
1860,0.043936
1861,0.043588
1862,0.043839
1863,0.043927
1864,0.043773
1865,0.043797
1866,0.043768
1867,0.043816
1868,0.043761
1869,0.043402
1870,0.043657
1871,0.043507
1872,0.043736
1873,0.043885
1874,0.043760
1875,0.043955
1876,0.044068
1877,0.043777
1878,0.043354
1879,0.043429
1880,0.043699
1881,0.044039
1882,0.043735
1883,0.043990
1884,0.043870
1885,0.043713
1886,0.043993
1887,0.043767
1888,0.043615
1889,0.043796
1890,0.043589
1891,0.043793
1892,0.043780
1893,0.043877
1894,0.043531
1895,0.092995
1896,0.048882
1897,0.047488
1898,0.047751
1899,0.048670
1900,0.048081
1901,0.048260
1902,0.048589
1903,0.048597
1904,0.048372
1905,0.045120
1906,0.048716
1907,0.048516
1908,0.048988
1909,0.047686
1910,0.047727
1911,0.048377
1912,0.048332
1913,0.048850
1914,0.048585
1915,0.047938
1916,0.049085
1917,0.048227
1918,0.047768
1919,0.048247
1920,0.047706
1921,0.048915
1922,0.048328
1923,0.047229
1924,0.048111
1925,0.047804
1926,0.047613
1927,0.047804
1928,0.047593
1929,0.047940
1930,0.047486
1931,0.048623
1932,0.047514
1933,0.047608
1934,0.048789
1935,0.047338
1936,0.047961
1937,0.048080
1938,0.047495
1939,0.047102
1940,0.048691
1941,0.047911
1942,0.048919
1943,0.046971
1944,0.048330
1945,0.048293
1946,0.047936
1947,0.046875
1948,0.049261
1949,0.047688
1950,0.048118
1951,0.047563
1952,0.048153
1953,0.047900
1954,0.048421
1955,0.048617
1956,0.048952
1957,0.047018
1958,0.047922
1959,0.046067
1960,0.047090
1961,0.047693
1962,0.048442
1963,0.048996
1964,0.046572
1965,0.048624
1966,0.048035
1967,0.047208
1968,0.048210
1969,0.048010
1970,0.048246
1971,0.048638
1972,0.049014
1973,0.048264
1974,0.047820
1975,0.048223
1976,0.047213
1977,0.047777
1978,0.047707
1979,0.048507
1980,0.046940
1981,0.047483
1982,0.048546
1983,0.048257
1984,0.047918
1985,0.047963
1986,0.048578
1987,0.048268
1988,0.049093
1989,0.048385
1990,0.047376
1991,0.047923
1992,0.048235
1993,0.047382
1994,0.048074
1995,0.047834
1996,0.048861
1997,0.047996
1998,0.048188
1999,0.047839
2000,0.048229
2001,0.047964
2002,0.046875
2003,0.048141
2004,0.048621
2005,0.047491
2006,0.047290
2007,0.048061
2008,0.048370
2009,0.047547
2010,0.047338
2011,0.047769
2012,0.048114
2013,0.048221
2014,0.048111
2015,0.047792
2016,0.047946
2017,0.048312
2018,0.047358
2019,0.047458
2020,0.048360
2021,0.047690
2022,0.048069
2023,0.047770
2024,0.048306
2025,0.044876
2026,0.043318
2027,0.044247
2028,0.043949
2029,0.044227
2030,0.043574
2031,0.047344
2032,0.048121
2033,0.046377
2034,0.048242
2035,0.047913
2036,0.048355
2037,0.048720
2038,0.047738
2039,0.047751
2040,0.048671
2041,0.048534
2042,0.048490
2043,0.047468
2044,0.047359
2045,0.048728
2046,0.048669
2047,0.048307
2048,0.048572
2049,0.048081
2050,0.048066
2051,0.048176
2052,0.048042
2053,0.047034
2054,0.048018
2055,0.047474
2056,0.046841
2057,0.048512
2058,0.048531
2059,0.047526
2060,0.048987
2061,0.048205
2062,0.048409
2063,0.048179
2064,0.047232
2065,0.048888
2066,0.048844
2067,0.048370
2068,0.048683
2069,0.047816
2070,0.048712
2071,0.048783
2072,0.048017
2073,0.048838
2074,0.048933
2075,0.047832
2076,0.045995
2077,0.046305
2078,0.043980
2079,0.047106
2080,0.048022
2081,0.047468
2082,0.046077
2083,0.049038
2084,0.048309
2085,0.048063
2086,0.047505
2087,0.047802
2088,0.048149
2089,0.047837
2090,0.048487
2091,0.048380
2092,0.048491
2093,0.047651
2094,0.048735
2095,0.047812
2096,0.048294
2097,0.048130
2098,0.048731
2099,0.048197
2100,0.047969
2101,0.048651
2102,0.048214
2103,0.049162
2104,0.047924
2105,0.047505
2106,0.047763
2107,0.048684
2108,0.047627
2109,0.047333
2110,0.048937
2111,0.048009
2112,0.048985
2113,0.048779
2114,0.047991
2115,0.048693
2116,0.048241
2117,0.048600
2118,0.045541
2119,0.045843
2120,0.047676
2121,0.047774
2122,0.047852
2123,0.047327
2124,0.045551
2125,0.048549
2126,0.048098
2127,0.049058
2128,0.048689
2129,0.047321
2130,0.057364
2131,0.043066
2132,0.042644
2133,0.043533
2134,0.043983
2135,0.043314
2136,0.043858
2137,0.043471
2138,0.043684
2139,0.043310
2140,0.043725
2141,0.043414
2142,0.043335
2143,0.043077
2144,0.043515
2145,0.043392
2146,0.043549
2147,0.043635
2148,0.044039
2149,0.043615
2150,0.043585
2151,0.043391
2152,0.043638
2153,0.043149
2154,0.043175
2155,0.043178
2156,0.042910
2157,0.043619
2158,0.043865
2159,0.043441
2160,0.042800
2161,0.043862
2162,0.043516
2163,0.043355
2164,0.043952
2165,0.042813
2166,0.043200
2167,0.043649
2168,0.042277
2169,0.043231
2170,0.043113
2171,0.043284
2172,0.042773
2173,0.042677
2174,0.042005
2175,0.035065
2176,0.042274
2177,0.043393
2178,0.043776
2179,0.043388
2180,0.043141
2181,0.043884
2182,0.048314
2183,0.048196
2184,0.048317
2185,0.046039
2186,0.045481
2187,0.046177
2188,0.048316
2189,0.048639
2190,0.048023
2191,0.047622
2192,0.047440
2193,0.047336
2194,0.044534
2195,0.048243
2196,0.048529
2197,0.048968
2198,0.047782
2199,0.046815
2200,0.048523
2201,0.049075
2202,0.047652
2203,0.047597
2204,0.048646
2205,0.047692
2206,0.045112
2207,0.045698
2208,0.046622
2209,0.048199
2210,0.045231
2211,0.047313
2212,0.047804
2213,0.048965
2214,0.047299
2215,0.047399
2216,0.047690
2217,0.047657
2218,0.048064
2219,0.048123
2220,0.047966
2221,0.047108
2222,0.048853
2223,0.048703
2224,0.047995
2225,0.048677
2226,0.046077
2227,0.048348
2228,0.047988
2229,0.048465
2230,0.048506
2231,0.048482
2232,0.048785
2233,0.048285
2234,0.049066
2235,0.048915
2236,0.048741
2237,0.048244
2238,0.048623
2239,0.048333
2240,0.057091
2241,0.043313
2242,0.042797
2243,0.043496
2244,0.043839
2245,0.043948
2246,0.043586
2247,0.043159
2248,0.043380
2249,0.043526
2250,0.043535
2251,0.043791
2252,0.043754
2253,0.043438
2254,0.043568
2255,0.043323
2256,0.042903
2257,0.042880
# total_episodes=2257, avg_seconds=0.046182
