# episode_index, seconds
1,0.001326
2,0.000980
3,0.003493
4,0.000740
5,0.002463
6,0.002964
7,0.003013
8,0.003437
9,0.000773
10,0.002915
11,0.003440
12,0.002489
13,0.002974
14,0.002938
15,0.002922
16,0.000747
17,0.001897
18,0.001297
19,0.001826
20,0.002897
21,0.002991
22,0.003451
23,0.002369
24,0.002899
25,0.003470
26,0.031548
27,0.130462
28,0.104615
29,0.079589
30,0.027120
31,0.106931
32,0.080393
33,0.080305
34,0.078720
35,0.052232
36,0.026314
37,0.052483
38,0.052187
39,0.078520
40,0.026591
41,0.053155
42,0.026426
43,0.078440
44,0.079678
45,0.027209
46,0.080499
47,0.053748
48,0.026873
49,0.080597
50,0.026909
51,0.026924
52,0.027259
53,0.027327
54,0.027067
55,0.027101
56,0.027050
57,0.026871
58,0.053723
59,0.027000
60,0.027276
61,0.026989
62,0.027242
63,0.026834
64,0.026755
65,0.107212
66,0.080868
67,0.027124
68,0.027052
69,0.026996
70,0.027279
71,0.026909
72,0.026999
73,0.027219
74,0.026930
75,0.026973
76,0.027216
77,0.027114
78,0.053699
79,0.080533
80,0.027352
81,0.053873
82,0.027229
83,0.027083
84,0.053978
85,0.027055
86,0.027075
87,0.027089
88,0.026912
89,0.027285
90,0.026893
91,0.079162
92,0.026587
93,0.026599
94,0.078819
95,0.026524
96,0.026351
97,0.026627
98,0.052631
99,0.026464
100,0.026353
101,0.027012
102,0.053508
103,0.027023
104,0.027002
105,0.027266
106,0.026823
107,0.080256
108,0.026977
109,0.053921
110,0.027293
111,0.026990
112,0.027213
113,0.053825
114,0.027130
115,0.080726
116,0.026998
117,0.027196
118,0.027008
119,0.027052
120,0.027164
121,0.026990
122,0.026729
123,0.027138
124,0.026861
125,0.054054
126,0.026978
127,0.027290
128,0.026918
129,0.054087
130,0.026946
131,0.027196
132,0.027035
133,0.026838
134,0.027307
135,0.026820
136,0.027126
137,0.027268
138,0.026945
139,0.027023
140,0.027067
141,0.027245
142,0.032976
143,0.032369
144,0.026588
145,0.026476
146,0.026506
147,0.026233
148,0.026816
149,0.027193
150,0.026997
151,0.026897
152,0.026760
153,0.027033
154,0.028432
155,0.027408
156,0.026961
157,0.027192
158,0.027026
159,0.027151
160,0.027042
161,0.026925
162,0.027212
163,0.026793
164,0.026860
165,0.027178
166,0.026773
167,0.027082
168,0.027038
169,0.026981
170,0.027238
171,0.026965
172,0.026774
173,0.027249
174,0.026990
175,0.027256
176,0.053612
177,0.027095
178,0.027025
179,0.027161
180,0.027082
181,0.027027
182,0.027168
183,0.027046
184,0.026948
185,0.027079
186,0.026971
187,0.027302
188,0.027120
189,0.026953
190,0.054811
191,0.053790
192,0.026818
193,0.054085
194,0.053872
195,0.053727
196,0.053838
197,0.027177
198,0.053674
199,0.054061
200,0.053887
201,0.054030
202,0.027159
203,0.053724
204,0.080603
205,0.054052
206,0.053797
207,0.053754
208,0.053723
209,0.053733
210,0.027050
211,0.027106
212,0.026793
213,0.053741
214,0.026995
215,0.026955
216,0.027247
217,0.027102
218,0.027164
219,0.026904
220,0.026957
221,0.027213
222,0.053655
223,0.027170
224,0.026911
225,0.027194
226,0.027137
227,0.053784
228,0.026949
229,0.027389
230,0.027306
231,0.027043
232,0.027200
233,0.027153
234,0.027064
235,0.027203
236,0.026988
237,0.026920
238,0.026828
239,0.026809
240,0.026772
241,0.026932
242,0.026792
243,0.026788
244,0.026819
245,0.026848
246,0.026830
247,0.026784
248,0.026736
249,0.026786
250,0.026920
251,0.026806
252,0.026748
253,0.027020
254,0.026731
255,0.026714
256,0.026782
257,0.026969
258,0.026883
259,0.026929
260,0.026839
261,0.027002
262,0.026956
263,0.026863
264,0.026701
265,0.027030
266,0.026765
267,0.026837
268,0.027107
269,0.026899
270,0.026815
271,0.026907
272,0.026740
273,0.026387
274,0.026746
275,0.026798
276,0.026930
277,0.026867
278,0.026935
279,0.026916
280,0.026735
281,0.026877
282,0.026885
283,0.026800
284,0.026770
285,0.026983
286,0.026884
287,0.026873
288,0.026709
289,0.026818
290,0.026866
291,0.026884
292,0.026794
293,0.026797
294,0.026760
295,0.026762
296,0.026939
297,0.026862
298,0.026763
299,0.026769
300,0.026871
301,0.026919
302,0.026782
303,0.026977
304,0.026718
305,0.027003
306,0.043272
307,0.026029
308,0.026021
309,0.026263
310,0.026203
311,0.026198
312,0.026405
313,0.026372
314,0.026432
315,0.026432
316,0.026328
317,0.026364
318,0.026455
319,0.026635
320,0.026499
321,0.026303
322,0.026269
323,0.026295
324,0.026351
325,0.026348
326,0.026257
327,0.026257
328,0.026197
329,0.026252
330,0.052380
331,0.026205
332,0.026318
333,0.026151
334,0.026335
335,0.026229
336,0.053244
337,0.027066
338,0.026956
339,0.026939
340,0.053006
341,0.053549
342,0.053556
343,0.026814
344,0.053513
345,0.053569
346,0.053493
347,0.053410
348,0.053619
349,0.053648
350,0.080057
351,0.053285
352,0.053380
353,0.078385
354,0.052309
355,0.052265
356,0.026179
357,0.026402
358,0.026591
359,0.026824
360,0.053731
361,0.053680
362,0.026866
363,0.026959
364,0.026856
365,0.026910
366,0.027144
367,0.027130
368,0.026983
369,0.027304
370,0.027182
371,0.026794
372,0.027146
373,0.027016
374,0.054103
375,0.027016
376,0.027045
377,0.027010
378,0.026892
379,0.026987
380,0.026865
381,0.027198
382,0.027166
383,0.027113
384,0.027047
385,0.027195
386,0.027012
387,0.027057
388,0.027167
389,0.027321
390,0.027053
391,0.026733
392,0.026747
393,0.026668
394,0.026289
395,0.026518
396,0.026500
397,0.026722
398,0.026477
399,0.026890
400,0.027305
401,0.027127
402,0.027070
403,0.026846
404,0.026864
405,0.027274
406,0.027123
407,0.027216
408,0.027384
409,0.026936
410,0.027235
411,0.026938
412,0.026999
413,0.027191
414,0.027092
415,0.027213
416,0.027175
417,0.026977
418,0.027188
419,0.027131
420,0.027078
421,0.027342
422,0.026846
423,0.026919
424,0.027199
425,0.027013
426,0.027285
427,0.027238
428,0.027069
429,0.027398
430,0.027045
431,0.027264
432,0.027105
433,0.026635
434,0.027631
435,0.028094
436,0.026537
437,0.026555
438,0.026203
439,0.026520
440,0.026805
441,0.026476
442,0.026692
443,0.026389
444,0.026800
445,0.026637
446,0.026422
447,0.026461
448,0.026454
449,0.026711
450,0.026393
451,0.026350
452,0.026417
453,0.026763
454,0.026476
455,0.026631
456,0.026899
457,0.027296
458,0.026984
459,0.027107
460,0.027251
461,0.054075
462,0.027076
463,0.027067
464,0.027213
465,0.027009
466,0.027232
467,0.027315
468,0.027013
469,0.027379
470,0.027016
471,0.027052
472,0.027203
473,0.027156
474,0.027010
475,0.053834
476,0.027119
477,0.027075
478,0.026789
479,0.027213
480,0.027116
481,0.054025
482,0.026924
483,0.027094
484,0.027043
485,0.027094
486,0.053840
487,0.054075
488,0.027076
489,0.053908
490,0.027163
491,0.027163
492,0.026839
493,0.027133
494,0.026616
495,0.053910
496,0.027157
497,0.026978
498,0.053794
499,0.081033
500,0.027069
501,0.026680
502,0.026542
503,0.052656
504,0.026559
505,0.053335
506,0.026519
507,0.026675
508,0.026648
509,0.026410
510,0.026355
511,0.026470
512,0.026459
513,0.026562
514,0.026659
515,0.026760
516,0.026314
517,0.026418
518,0.026599
519,0.026406
520,0.026498
521,0.026494
522,0.026844
523,0.026335
524,0.026603
525,0.026713
526,0.026322
527,0.026438
528,0.026465
529,0.026503
530,0.026989
531,0.026918
532,0.027146
533,0.027095
534,0.026991
535,0.027208
536,0.026829
537,0.027030
538,0.027284
539,0.027004
540,0.026973
541,0.027351
542,0.027033
543,0.027252
544,0.026854
545,0.026965
546,0.027225
547,0.026257
548,0.026391
549,0.026694
550,0.026310
551,0.026843
552,0.026438
553,0.026610
554,0.026485
555,0.026426
556,0.026500
557,0.026616
558,0.026416
559,0.026341
560,0.026490
561,0.026572
562,0.026408
563,0.026521
564,0.026465
565,0.026623
566,0.026406
567,0.026428
568,0.026642
569,0.026574
570,0.026394
571,0.026378
572,0.026411
573,0.026727
574,0.026279
575,0.026379
576,0.026406
577,0.026700
578,0.026315
579,0.026414
580,0.026439
581,0.026491
582,0.026614
583,0.026335
584,0.026835
585,0.027152
586,0.026774
587,0.026916
588,0.027227
589,0.027136
590,0.027302
591,0.026697
592,0.026871
593,0.027175
594,0.026854
595,0.027178
596,0.026911
597,0.026999
598,0.027118
599,0.026673
600,0.026668
601,0.026695
602,0.026325
603,0.026476
604,0.026341
605,0.026314
606,0.026277
607,0.026326
608,0.026263
609,0.026500
610,0.026785
611,0.042732
612,0.026229
613,0.026142
614,0.026400
615,0.026341
616,0.026363
617,0.026335
618,0.078167
619,0.078318
620,0.026313
621,0.078394
622,0.104411
623,0.105053
624,0.106565
625,0.080117
626,0.080099
627,0.079841
628,0.080076
629,0.080307
630,0.053277
631,0.052548
632,0.053240
633,0.080198
634,0.079757
635,0.053686
636,0.080004
637,0.052638
638,0.052154
639,0.026156
640,0.026467
641,0.053255
642,0.080154
643,0.080318
644,0.080077
645,0.079954
646,0.053293
647,0.053375
648,0.079870
649,0.106796
650,0.079753
651,0.053520
652,0.080058
653,0.027081
654,0.106763
655,0.080142
656,0.079986
657,0.079434
658,0.104427
659,0.105584
660,0.107091
661,0.106602
662,0.079681
663,0.079812
664,0.079973
665,0.053512
666,0.053642
667,0.053479
668,0.080290
669,0.053587
670,0.026738
671,0.053094
672,0.026904
673,0.053592
674,0.053606
675,0.053539
676,0.026868
677,0.027032
678,0.026827
679,0.026946
680,0.026902
681,0.026971
682,0.026958
683,0.026990
684,0.026848
685,0.027066
686,0.026902
687,0.026846
688,0.026951
689,0.026985
690,0.026921
691,0.026848
692,0.026887
693,0.026805
694,0.027006
695,0.026818
696,0.026947
697,0.026949
698,0.026844
699,0.026858
700,0.026991
701,0.026918
702,0.026830
703,0.026471
704,0.043220
705,0.026114
706,0.026229
707,0.026305
708,0.026275
709,0.026320
710,0.026509
711,0.026151
712,0.026382
713,0.026460
714,0.026223
715,0.026296
716,0.026159
717,0.026233
718,0.026270
719,0.026156
720,0.026252
721,0.026356
722,0.026279
723,0.026215
724,0.026260
725,0.026320
726,0.026273
727,0.026280
728,0.026437
729,0.026283
730,0.026293
731,0.026211
732,0.026320
733,0.026570
734,0.026391
735,0.026364
736,0.026233
737,0.026532
738,0.026299
739,0.026179
740,0.026158
741,0.026125
742,0.026268
743,0.026295
744,0.026372
745,0.026312
746,0.026290
747,0.026208
748,0.026237
749,0.026233
750,0.026218
751,0.104697
752,0.026664
753,0.026922
754,0.026503
755,0.026242
756,0.026210
757,0.026515
758,0.026487
759,0.026648
760,0.026831
761,0.026820
762,0.026710
763,0.026643
764,0.026870
765,0.026743
766,0.026330
767,0.026279
768,0.026176
769,0.026346
770,0.026158
771,0.026153
772,0.026496
773,0.026617
774,0.026766
775,0.026718
776,0.026749
777,0.027002
778,0.026658
779,0.026835
780,0.026901
781,0.026947
782,0.026951
783,0.026851
784,0.026781
785,0.027009
786,0.026924
787,0.026935
788,0.026868
789,0.026944
790,0.026962
791,0.026926
792,0.026927
793,0.027204
794,0.026777
795,0.026911
796,0.026789
797,0.026991
798,0.026775
799,0.026841
800,0.079981
801,0.079521
802,0.080019
803,0.106704
804,0.053704
805,0.026964
806,0.026800
807,0.026818
808,0.026904
809,0.026985
810,0.026981
811,0.026822
812,0.026697
813,0.027052
814,0.026841
815,0.026797
816,0.026907
817,0.027078
818,0.026940
819,0.026783
820,0.026836
821,0.026890
822,0.026956
823,0.026904
824,0.027039
825,0.026912
826,0.026811
827,0.026985
828,0.027109
829,0.027011
830,0.026826
831,0.026840
832,0.026948
833,0.026962
834,0.026936
835,0.026841
836,0.026860
837,0.027086
838,0.026781
839,0.026973
840,0.026828
841,0.026827
842,0.026788
843,0.026729
844,0.026903
845,0.026949
846,0.026853
847,0.026893
848,0.026823
849,0.026997
850,0.026946
851,0.026981
852,0.053570
853,0.026869
854,0.026856
855,0.026988
856,0.026998
857,0.026905
858,0.026833
859,0.053518
860,0.026860
861,0.026953
862,0.026911
863,0.026340
864,0.026689
865,0.026898
866,0.026850
867,0.026821
868,0.026614
869,0.026251
870,0.026467
871,0.026215
872,0.026457
873,0.026307
874,0.026400
875,0.026215
876,0.026242
877,0.043455
878,0.026145
879,0.026230
880,0.026276
881,0.026193
882,0.026308
883,0.026346
884,0.026225
885,0.026434
886,0.026284
887,0.026245
888,0.026252
889,0.026475
890,0.026338
891,0.052154
892,0.026232
893,0.026233
894,0.026314
895,0.026274
896,0.026290
897,0.026329
898,0.026208
899,0.026984
900,0.026815
901,0.027003
902,0.026862
903,0.026912
904,0.026835
905,0.026944
906,0.053494
907,0.053447
908,0.026693
909,0.026598
910,0.026279
911,0.026282
912,0.026368
913,0.026325
914,0.026314
915,0.026484
916,0.026358
917,0.026319
918,0.026345
919,0.026269
920,0.026244
921,0.026255
922,0.026438
923,0.026331
924,0.026209
925,0.026467
926,0.026356
927,0.026232
928,0.026314
929,0.026433
930,0.026277
931,0.026327
932,0.026240
933,0.026325
934,0.026259
935,0.026242
936,0.026152
937,0.026359
938,0.026344
939,0.026229
940,0.026259
941,0.026245
942,0.026433
943,0.026378
944,0.026392
945,0.026314
946,0.026194
947,0.026174
948,0.026214
949,0.026398
950,0.026335
951,0.026282
952,0.026385
953,0.026381
954,0.026361
955,0.026262
956,0.026127
957,0.026331
958,0.026268
959,0.026214
960,0.026188
961,0.026284
962,0.052168
963,0.052372
964,0.052199
965,0.052436
966,0.078285
967,0.078322
968,0.078101
969,0.078476
970,0.078312
971,0.104419
972,0.104116
973,0.078455
974,0.078446
975,0.052709
976,0.052872
977,0.026435
978,0.026216
979,0.026371
980,0.026448
981,0.026401
982,0.026322
983,0.026932
984,0.027021
985,0.027116
986,0.026826
987,0.026877
988,0.026893
989,0.027097
990,0.026970
991,0.026870
992,0.026918
993,0.027013
994,0.027027
995,0.027241
996,0.026832
997,0.026917
998,0.026902
999,0.027044
1000,0.026808
1001,0.026964
1002,0.026905
1003,0.026963
1004,0.027231
1005,0.027114
1006,0.026925
1007,0.026934
1008,0.026928
1009,0.026980
1010,0.026902
1011,0.026673
1012,0.026272
1013,0.026296
1014,0.026330
1015,0.026320
1016,0.026282
1017,0.026370
1018,0.026322
1019,0.026310
1020,0.026276
1021,0.026305
1022,0.026382
1023,0.026283
1024,0.026311
1025,0.026351
1026,0.026216
1027,0.026394
1028,0.026210
1029,0.026455
1030,0.026364
1031,0.026403
1032,0.026244
1033,0.026271
1034,0.026249
1035,0.026183
1036,0.026879
1037,0.027529
1038,0.026464
1039,0.026218
1040,0.026495
1041,0.026840
1042,0.026916
1043,0.026859
1044,0.026933
1045,0.026951
1046,0.026916
1047,0.026859
1048,0.026729
1049,0.026802
1050,0.026872
1051,0.026841
1052,0.026839
1053,0.026969
1054,0.026781
1055,0.026895
1056,0.027061
1057,0.053543
1058,0.026871
1059,0.053376
1060,0.026886
1061,0.053558
1062,0.080186
1063,0.080602
1064,0.080889
1065,0.081047
1066,0.108157
1067,0.080585
1068,0.080472
1069,0.080814
1070,0.080788
1071,0.080852
1072,0.081007
1073,0.080897
1074,0.080767
1075,0.053946
1076,0.054097
1077,0.053953
1078,0.027314
1079,0.027290
1080,0.026996
1081,0.027205
1082,0.026975
1083,0.053975
1084,0.027156
1085,0.027191
1086,0.027287
1087,0.026993
1088,0.027365
1089,0.027037
1090,0.026970
1091,0.027417
1092,0.026994
1093,0.027141
1094,0.027304
1095,0.026891
1096,0.027400
1097,0.027337
1098,0.027069
1099,0.027480
1100,0.027156
1101,0.027165
1102,0.027405
1103,0.027139
1104,0.027080
1105,0.027245
1106,0.027129
1107,0.027235
1108,0.027010
1109,0.027100
1110,0.027303
1111,0.027048
1112,0.026994
1113,0.027273
1114,0.026932
1115,0.027198
1116,0.027191
1117,0.026888
1118,0.027169
1119,0.026971
1120,0.027002
1121,0.027160
1122,0.027008
1123,0.027058
1124,0.026911
1125,0.026608
1126,0.027169
1127,0.027131
1128,0.027096
1129,0.027144
1130,0.026978
1131,0.027195
1132,0.026870
1133,0.027105
1134,0.027243
1135,0.027023
1136,0.027255
1137,0.027312
1138,0.027070
1139,0.027282
1140,0.026948
1141,0.026973
1142,0.027287
1143,0.027036
1144,0.027157
1145,0.027183
1146,0.027150
1147,0.027146
1148,0.053732
1149,0.054092
1150,0.053957
1151,0.027055
1152,0.053912
1153,0.054034
1154,0.054057
1155,0.053817
1156,0.080359
1157,0.080571
1158,0.053845
1159,0.053513
1160,0.080694
1161,0.054116
1162,0.054343
1163,0.053926
1164,0.053736
1165,0.027396
1166,0.027086
1167,0.027303
1168,0.027168
1169,0.027205
1170,0.042837
1171,0.026143
1172,0.026608
1173,0.026591
1174,0.026485
1175,0.026469
1176,0.026455
1177,0.027018
1178,0.026701
1179,0.026845
1180,0.027206
1181,0.027324
1182,0.027050
1183,0.027172
1184,0.026883
1185,0.027154
1186,0.027286
1187,0.026788
1188,0.026825
1189,0.026354
1190,0.026360
1191,0.026753
1192,0.026391
1193,0.026909
1194,0.026863
1195,0.026968
1196,0.027166
1197,0.027069
1198,0.027286
1199,0.026772
1200,0.026395
1201,0.026793
1202,0.026450
1203,0.026725
1204,0.026606
1205,0.026638
1206,0.026772
1207,0.026376
1208,0.026571
1209,0.026523
1210,0.026439
1211,0.027004
1212,0.026539
1213,0.026619
1214,0.026414
1215,0.026401
1216,0.026879
1217,0.026531
1218,0.026591
1219,0.026282
1220,0.052397
1221,0.026723
1222,0.026795
1223,0.052861
1224,0.052741
1225,0.026928
1226,0.026633
1227,0.052737
1228,0.053462
1229,0.027093
1230,0.053931
1231,0.053993
1232,0.053929
1233,0.027344
1234,0.053096
1235,0.026321
1236,0.026489
1237,0.027142
1238,0.027017
1239,0.027310
1240,0.027186
1241,0.027112
1242,0.027206
1243,0.027120
1244,0.027067
1245,0.027144
1246,0.026865
1247,0.027017
1248,0.026919
1249,0.027115
1250,0.027321
1251,0.027099
1252,0.026976
1253,0.027506
1254,0.026973
1255,0.027089
1256,0.027082
1257,0.027163
1258,0.026948
1259,0.027075
1260,0.053277
1261,0.026640
1262,0.053188
1263,0.026878
1264,0.027282
1265,0.027055
1266,0.054031
1267,0.027320
1268,0.027196
1269,0.027141
1270,0.054118
1271,0.053880
1272,0.053839
1273,0.053737
1274,0.053326
1275,0.026861
1276,0.026831
1277,0.053439
1278,0.080098
1279,0.027049
1280,0.080060
1281,0.026877
1282,0.026805
1283,0.080086
1284,0.079891
1285,0.080771
1286,0.080580
1287,0.080522
1288,0.080575
1289,0.081120
1290,0.080517
1291,0.080378
1292,0.053783
1293,0.053809
1294,0.026984
1295,0.026913
1296,0.026910
1297,0.027021
1298,0.026902
1299,0.026753
1300,0.026876
1301,0.026951
1302,0.027012
1303,0.027040
1304,0.026892
1305,0.027160
1306,0.026847
1307,0.026827
1308,0.026921
1309,0.026941
1310,0.026867
1311,0.026960
1312,0.027007
1313,0.026951
1314,0.042702
1315,0.026189
1316,0.026339
1317,0.026422
1318,0.026374
1319,0.026362
1320,0.026449
1321,0.026633
1322,0.026573
1323,0.026452
1324,0.026407
1325,0.026566
1326,0.026409
1327,0.026548
1328,0.026405
1329,0.026462
1330,0.026310
1331,0.026490
1332,0.026315
1333,0.026439
1334,0.026362
1335,0.026375
1336,0.026409
1337,0.026600
1338,0.026415
1339,0.026545
1340,0.026359
1341,0.026489
1342,0.026609
1343,0.026645
1344,0.026571
1345,0.026644
1346,0.026304
1347,0.026459
1348,0.026509
1349,0.026747
1350,0.026406
1351,0.026436
1352,0.026669
1353,0.026628
1354,0.026481
1355,0.026613
1356,0.026616
1357,0.026362
1358,0.026397
1359,0.026349
1360,0.026343
1361,0.026670
1362,0.026608
1363,0.026482
1364,0.026610
1365,0.026407
1366,0.026742
1367,0.026498
1368,0.026301
1369,0.026419
1370,0.026329
1371,0.026772
1372,0.026401
1373,0.026692
1374,0.026598
1375,0.026470
1376,0.026497
1377,0.026410
1378,0.026793
1379,0.026336
1380,0.026333
1381,0.026618
1382,0.052895
1383,0.053034
1384,0.027157
1385,0.027114
1386,0.053047
1387,0.052988
1388,0.052707
1389,0.052791
1390,0.026619
1391,0.052818
1392,0.053081
1393,0.026757
1394,0.026470
1395,0.052726
1396,0.052726
1397,0.052941
1398,0.026559
1399,0.026610
1400,0.026312
1401,0.053071
1402,0.026461
1403,0.026734
1404,0.026272
1405,0.026657
1406,0.026661
1407,0.026488
1408,0.026406
1409,0.026547
1410,0.026766
1411,0.026346
1412,0.026410
1413,0.026490
1414,0.026484
1415,0.026577
1416,0.026476
1417,0.026585
1418,0.026568
1419,0.026444
1420,0.026406
1421,0.026276
1422,0.026521
1423,0.026541
1424,0.026472
1425,0.026731
1426,0.026548
1427,0.026739
1428,0.026561
1429,0.026552
1430,0.026685
1431,0.027073
1432,0.027076
1433,0.026873
1434,0.026517
1435,0.026568
1436,0.026671
1437,0.026752
1438,0.026659
1439,0.052863
1440,0.052604
1441,0.026464
1442,0.026461
1443,0.026754
1444,0.027088
1445,0.027267
1446,0.027324
1447,0.027138
1448,0.027271
1449,0.027186
1450,0.027055
1451,0.027061
1452,0.027173
1453,0.027157
1454,0.027410
1455,0.027074
1456,0.027120
1457,0.027184
1458,0.027113
1459,0.026970
1460,0.026542
1461,0.026517
1462,0.026709
1463,0.026210
1464,0.026493
1465,0.026381
1466,0.026587
1467,0.026471
1468,0.026548
1469,0.026553
1470,0.026453
1471,0.026465
1472,0.026472
1473,0.026681
1474,0.026645
1475,0.026411
1476,0.026549
1477,0.026461
1478,0.026424
1479,0.026676
1480,0.026461
1481,0.026680
1482,0.026392
1483,0.026388
1484,0.026660
1485,0.026510
1486,0.026529
1487,0.026606
1488,0.042622
1489,0.026380
1490,0.026272
1491,0.026671
1492,0.026537
1493,0.027172
1494,0.027299
1495,0.027207
1496,0.027195
1497,0.027044
1498,0.026997
1499,0.027318
1500,0.026919
1501,0.027002
1502,0.027011
1503,0.026920
1504,0.027021
1505,0.026947
1506,0.026965
1507,0.027215
1508,0.027082
1509,0.027146
1510,0.027118
1511,0.026829
1512,0.027300
1513,0.027237
1514,0.027129
1515,0.027211
1516,0.026968
1517,0.027141
1518,0.026981
1519,0.027086
1520,0.027055
1521,0.027009
1522,0.026911
1523,0.027221
1524,0.027002
1525,0.027168
1526,0.027164
1527,0.027006
1528,0.027118
1529,0.026878
1530,0.026503
1531,0.026691
1532,0.026468
1533,0.026556
1534,0.026509
1535,0.026632
1536,0.026804
1537,0.027169
1538,0.080576
1539,0.027110
1540,0.026970
1541,0.080724
1542,0.080681
1543,0.080417
1544,0.080587
1545,0.080724
1546,0.080365
1547,0.080652
1548,0.080871
1549,0.080455
1550,0.053562
1551,0.054067
1552,0.027121
1553,0.026996
1554,0.054094
1555,0.027040
1556,0.054028
1557,0.026953
1558,0.027152
1559,0.053750
1560,0.027128
1561,0.027022
1562,0.027206
1563,0.027201
1564,0.027107
1565,0.027339
1566,0.026989
1567,0.027000
1568,0.027306
1569,0.027149
1570,0.027197
1571,0.027362
1572,0.027003
1573,0.027166
1574,0.027014
1575,0.026979
1576,0.027160
1577,0.027128
1578,0.026903
1579,0.027305
1580,0.027099
1581,0.027095
1582,0.027030
1583,0.026987
1584,0.027181
1585,0.027038
1586,0.026867
1587,0.026794
1588,0.026356
1589,0.026691
1590,0.026439
1591,0.026620
1592,0.026672
1593,0.026535
1594,0.026328
1595,0.026582
1596,0.026588
1597,0.026520
1598,0.026366
1599,0.026521
1600,0.026543
1601,0.026583
1602,0.026437
1603,0.026366
1604,0.026737
1605,0.026593
1606,0.026567
1607,0.026421
1608,0.026348
1609,0.026573
1610,0.026302
1611,0.026749
1612,0.026458
1613,0.026734
1614,0.026588
1615,0.026381
1616,0.026489
1617,0.026393
1618,0.026640
1619,0.026481
1620,0.026388
1621,0.026634
1622,0.026394
1623,0.026508
1624,0.026775
1625,0.026952
1626,0.027214
1627,0.026957
1628,0.027134
1629,0.026916
1630,0.026982
1631,0.027332
1632,0.027034
1633,0.027106
1634,0.027115
1635,0.026972
1636,0.027294
1637,0.027127
1638,0.027105
1639,0.027032
1640,0.027030
1641,0.027048
1642,0.027446
1643,0.026997
1644,0.027128
1645,0.026709
1646,0.026586
1647,0.026718
1648,0.026386
1649,0.043980
1650,0.026446
1651,0.026122
1652,0.026424
1653,0.026469
1654,0.026726
1655,0.026422
1656,0.026224
1657,0.026486
1658,0.026449
1659,0.026604
1660,0.026378
1661,0.052640
1662,0.052702
1663,0.026331
1664,0.026535
1665,0.026422
1666,0.053081
1667,0.026972
1668,0.054058
1669,0.053979
1670,0.026999
1671,0.053905
1672,0.053893
1673,0.027326
1674,0.053760
1675,0.053746
1676,0.027161
1677,0.053743
1678,0.053662
1679,0.027098
1680,0.053676
1681,0.054143
1682,0.027274
1683,0.026776
1684,0.026861
1685,0.027253
1686,0.026842
1687,0.027371
1688,0.027110
1689,0.027148
1690,0.027287
1691,0.026916
1692,0.026875
1693,0.026865
1694,0.026786
1695,0.026999
1696,0.027030
1697,0.026899
1698,0.026782
1699,0.026872
1700,0.026917
1701,0.026999
1702,0.026887
1703,0.026994
1704,0.026762
1705,0.026896
1706,0.026937
1707,0.026808
1708,0.026821
1709,0.026964
1710,0.026776
1711,0.026828
1712,0.026935
1713,0.026950
1714,0.026962
1715,0.026853
1716,0.026832
1717,0.026913
1718,0.026810
1719,0.026730
1720,0.026779
1721,0.027049
1722,0.026858
1723,0.026950
1724,0.026958
1725,0.026947
1726,0.026934
1727,0.026897
1728,0.026829
1729,0.026860
1730,0.026889
1731,0.026962
1732,0.027031
1733,0.026980
1734,0.026734
1735,0.026839
1736,0.026895
1737,0.027003
1738,0.026776
1739,0.026909
1740,0.026920
1741,0.026723
1742,0.026795
1743,0.026887
1744,0.026901
1745,0.026808
1746,0.026807
1747,0.026940
1748,0.026927
1749,0.027011
1750,0.026771
1751,0.026906
1752,0.026627
1753,0.026521
1754,0.026608
1755,0.026307
1756,0.026314
1757,0.026420
1758,0.026303
1759,0.026337
1760,0.026297
1761,0.026254
1762,0.026405
1763,0.026302
1764,0.026588
1765,0.027043
1766,0.027055
1767,0.026927
1768,0.026856
1769,0.026950
1770,0.026856
1771,0.026719
1772,0.026838
1773,0.026875
1774,0.026652
1775,0.026535
1776,0.026598
1777,0.026889
1778,0.026977
1779,0.026825
1780,0.026959
1781,0.026951
1782,0.026877
1783,0.026957
1784,0.026942
1785,0.027035
1786,0.026914
1787,0.026806
1788,0.026884
1789,0.026822
1790,0.026352
1791,0.026355
1792,0.026415
1793,0.026367
1794,0.026296
1795,0.026226
1796,0.026237
1797,0.026247
1798,0.026244
1799,0.026305
1800,0.026351
1801,0.026260
1802,0.026270
1803,0.026341
1804,0.026214
1805,0.026460
1806,0.026538
1807,0.026376
1808,0.026728
1809,0.026975
1810,0.027030
1811,0.026893
1812,0.026931
1813,0.027155
1814,0.027143
1815,0.026911
1816,0.027057
1817,0.027019
1818,0.026980
1819,0.026930
1820,0.026922
1821,0.027010
1822,0.027231
1823,0.045112
1824,0.026351
1825,0.026430
1826,0.026198
1827,0.026339
1828,0.026318
1829,0.026408
1830,0.026354
1831,0.026336
1832,0.026423
1833,0.026551
1834,0.026623
1835,0.026422
1836,0.026228
1837,0.026390
1838,0.026501
1839,0.026312
1840,0.026433
1841,0.026398
1842,0.026259
1843,0.026223
1844,0.026297
1845,0.026372
1846,0.026318
1847,0.026333
1848,0.026514
1849,0.026429
1850,0.026316
1851,0.026341
1852,0.026330
1853,0.026452
1854,0.026275
1855,0.026224
1856,0.026315
1857,0.026322
1858,0.026338
1859,0.026353
1860,0.052220
1861,0.026277
1862,0.026436
1863,0.026300
1864,0.026336
1865,0.026295
1866,0.026233
1867,0.052294
1868,0.052341
1869,0.052419
1870,0.052066
1871,0.052287
1872,0.052246
1873,0.052424
1874,0.078470
1875,0.078644
1876,0.078373
1877,0.078689
1878,0.052403
1879,0.052394
1880,0.078334
1881,0.052337
1882,0.079645
1883,0.080166
1884,0.080183
1885,0.080247
1886,0.053729
1887,0.026929
1888,0.052869
1889,0.053079
1890,0.026295
1891,0.052300
1892,0.026263
1893,0.026446
1894,0.052385
1895,0.026359
1896,0.026386
1897,0.026761
1898,0.026871
1899,0.026836
1900,0.026408
1901,0.026654
1902,0.026423
1903,0.026298
1904,0.026289
1905,0.026370
1906,0.026276
1907,0.026261
1908,0.026317
1909,0.026304
1910,0.026386
1911,0.026273
1912,0.026461
1913,0.026714
1914,0.027045
1915,0.026971
1916,0.026646
1917,0.026371
1918,0.026389
1919,0.026649
1920,0.026890
1921,0.026568
1922,0.026410
1923,0.026369
1924,0.026262
1925,0.026456
1926,0.026206
1927,0.026463
1928,0.026304
1929,0.026304
1930,0.026356
1931,0.026110
1932,0.026352
1933,0.026314
1934,0.026367
1935,0.026368
1936,0.026275
1937,0.026400
1938,0.026404
1939,0.026315
1940,0.026668
1941,0.026766
1942,0.026528
1943,0.026618
1944,0.026671
1945,0.026397
1946,0.026550
1947,0.026399
1948,0.026461
1949,0.026273
1950,0.026814
1951,0.026883
1952,0.026712
1953,0.026985
1954,0.026867
1955,0.026777
1956,0.026996
1957,0.026933
1958,0.026913
1959,0.026964
1960,0.026842
1961,0.027007
1962,0.027002
1963,0.026816
1964,0.027001
1965,0.026835
1966,0.026865
1967,0.026790
1968,0.026857
1969,0.026980
1970,0.026864
1971,0.026492
1972,0.027031
1973,0.026965
1974,0.026805
1975,0.026674
1976,0.026639
1977,0.026332
1978,0.027664
1979,0.026337
1980,0.026526
1981,0.026829
1982,0.026797
1983,0.026732
1984,0.026865
1985,0.026935
1986,0.026812
1987,0.026820
1988,0.026668
1989,0.026938
1990,0.026845
# total_episodes=1990, avg_seconds=0.032330
