# episode_index, seconds
1,0.004841
2,0.002221
3,0.002587
4,0.003640
5,0.003610
6,0.004245
7,0.003418
8,0.003096
9,0.003119
10,0.002516
11,0.003573
12,0.003015
13,0.003095
14,0.003027
15,0.002582
16,0.002658
17,0.003096
18,0.003031
19,0.003624
20,0.003498
21,0.081715
22,0.077717
23,0.129991
24,0.130047
25,0.104236
26,0.104093
27,0.104231
28,0.078314
29,0.078332
30,0.052273
31,0.079159
32,0.078276
33,0.078363
34,0.104405
35,0.104290
36,0.104319
37,0.104480
38,0.078519
39,0.078391
40,0.104402
41,0.104448
42,0.104505
43,0.078353
44,0.078264
45,0.078443
46,0.104391
47,0.104382
48,0.078343
49,0.078388
50,0.078355
51,0.078353
52,0.078370
53,0.104521
54,0.104595
55,0.078430
56,0.078392
57,0.104448
58,0.104456
59,0.078472
60,0.104485
61,0.104510
62,0.104540
63,0.104558
64,0.078335
65,0.078459
66,0.078425
67,0.078371
68,0.078512
69,0.052453
70,0.104404
71,0.078410
72,0.104654
73,0.078504
74,0.078771
75,0.052354
76,0.080636
77,0.104902
78,0.104743
79,0.078756
80,0.078524
81,0.078586
82,0.078579
83,0.104607
84,0.078714
85,0.078555
86,0.107086
87,0.105405
88,0.052557
89,0.078621
90,0.104608
91,0.078561
92,0.052598
93,0.078542
94,0.078620
95,0.078422
96,0.104525
97,0.078568
98,0.078384
99,0.078628
100,0.078559
101,0.078551
102,0.107572
103,0.078455
104,0.078377
105,0.078543
106,0.078499
107,0.078483
108,0.052454
109,0.078738
110,0.078380
111,0.078417
112,0.078493
113,0.052515
114,0.052501
115,0.052355
116,0.078584
117,0.078459
118,0.052471
119,0.052398
120,0.052357
121,0.052464
122,0.052374
123,0.052446
124,0.026394
125,0.078612
126,0.026308
127,0.052360
128,0.052510
129,0.026418
130,0.026308
131,0.052344
132,0.026288
133,0.052485
134,0.026350
135,0.052470
136,0.026351
137,0.052429
138,0.026340
139,0.026268
140,0.026363
141,0.052465
142,0.052439
143,0.052445
144,0.026316
145,0.052409
146,0.052456
147,0.026413
148,0.052451
149,0.052386
150,0.052609
151,0.026385
152,0.052540
153,0.052497
154,0.052580
155,0.026431
156,0.052491
157,0.026563
158,0.052631
159,0.052617
160,0.026439
161,0.026531
162,0.078868
163,0.026453
164,0.052587
165,0.052674
166,0.026401
167,0.052499
168,0.026403
169,0.026463
170,0.026436
171,0.052571
172,0.026471
173,0.026605
174,0.052655
175,0.052558
176,0.026425
177,0.052711
178,0.052664
179,0.043361
180,0.026369
181,0.052526
182,0.026482
183,0.026502
184,0.052639
185,0.026505
186,0.052631
187,0.052706
188,0.052589
189,0.052748
190,0.026475
191,0.026444
192,0.052518
193,0.026483
194,0.026378
195,0.026436
196,0.052578
197,0.052631
198,0.026425
199,0.052633
200,0.026462
201,0.026520
202,0.052654
203,0.026455
204,0.052736
205,0.026519
206,0.026483
207,0.053161
208,0.026408
209,0.053248
210,0.026672
211,0.052689
212,0.026869
213,0.026704
214,0.026835
215,0.026539
216,0.053229
217,0.053212
218,0.026550
219,0.026697
220,0.026748
221,0.026486
222,0.026750
223,0.026626
224,0.026618
225,0.026858
226,0.026459
227,0.026596
228,0.026614
229,0.053322
230,0.026584
231,0.052843
232,0.026867
233,0.026443
234,0.053281
235,0.026432
236,0.026828
237,0.053047
238,0.026590
239,0.026563
240,0.026530
241,0.026741
242,0.053059
243,0.026448
244,0.026783
245,0.026690
246,0.026708
247,0.053065
248,0.026833
249,0.053039
250,0.026814
251,0.026590
252,0.026637
253,0.052826
254,0.026771
255,0.053122
256,0.026414
257,0.026513
258,0.052628
259,0.052521
260,0.026397
261,0.026507
262,0.026362
263,0.026451
264,0.052622
265,0.026560
266,0.026444
267,0.026500
268,0.026525
269,0.026537
270,0.052602
271,0.026467
272,0.026516
273,0.026495
274,0.026436
275,0.026430
276,0.026409
277,0.026474
278,0.026408
279,0.026373
280,0.026493
281,0.026478
282,0.052535
283,0.026410
284,0.026420
285,0.026444
286,0.026454
287,0.026408
288,0.052568
289,0.026476
290,0.026534
291,0.026437
292,0.026397
293,0.026465
294,0.026386
295,0.026519
296,0.026336
297,0.026490
298,0.026501
299,0.026439
300,0.026419
301,0.026501
302,0.026421
303,0.026399
304,0.026408
305,0.026482
306,0.026332
307,0.026388
308,0.026431
309,0.026552
310,0.026350
311,0.026374
312,0.026422
313,0.026431
314,0.026424
315,0.026288
316,0.026394
317,0.026394
318,0.052506
319,0.026377
320,0.026389
321,0.026411
322,0.026437
323,0.026390
324,0.052517
325,0.026423
326,0.026420
327,0.026422
328,0.026402
329,0.052511
330,0.026476
331,0.052757
332,0.026455
333,0.026563
334,0.026504
335,0.026473
336,0.026381
337,0.052487
338,0.026412
339,0.026452
340,0.026396
341,0.078804
342,0.052539
343,0.026477
344,0.078832
345,0.078762
346,0.078560
347,0.078662
348,0.052590
349,0.078864
350,0.078668
351,0.078709
352,0.078615
353,0.079151
354,0.078705
355,0.078685
356,0.078629
357,0.078836
358,0.052606
359,0.052465
360,0.026495
361,0.026505
362,0.026457
363,0.052540
364,0.052574
365,0.026560
366,0.026372
367,0.026390
368,0.052534
369,0.026404
370,0.052523
371,0.052497
372,0.052597
373,0.052625
374,0.052561
375,0.026385
376,0.052732
377,0.026454
378,0.026386
379,0.026391
380,0.026519
381,0.026417
382,0.026412
383,0.026353
384,0.026464
385,0.026435
386,0.026376
387,0.026480
388,0.026413
389,0.026565
390,0.026360
391,0.026445
392,0.026450
393,0.026451
394,0.026381
395,0.026414
396,0.026380
397,0.026578
398,0.026415
399,0.026470
400,0.052538
401,0.026546
402,0.026409
403,0.052601
404,0.026358
405,0.052471
406,0.026433
407,0.052619
408,0.026487
409,0.026452
410,0.026523
411,0.026421
412,0.026446
413,0.052691
414,0.026437
415,0.026387
416,0.052598
417,0.026655
418,0.052652
419,0.052690
420,0.052612
421,0.052886
422,0.026412
423,0.026476
424,0.052698
425,0.026458
426,0.026433
427,0.026401
428,0.026436
429,0.026561
430,0.052525
431,0.026483
432,0.026447
433,0.052868
434,0.026394
435,0.026448
436,0.026573
437,0.026474
438,0.026411
439,0.052560
440,0.026472
441,0.052668
442,0.026420
443,0.052509
444,0.052659
445,0.026653
446,0.052713
447,0.052622
448,0.052555
449,0.052614
450,0.052620
451,0.052642
452,0.078697
453,0.052701
454,0.052575
455,0.052496
456,0.026442
457,0.052768
458,0.052555
459,0.052556
460,0.026581
461,0.026612
462,0.026392
463,0.026469
464,0.052598
465,0.052605
466,0.078653
467,0.052600
468,0.078754
469,0.078811
470,0.078669
471,0.078721
472,0.078725
473,0.078791
474,0.078822
475,0.078672
476,0.105016
477,0.078768
478,0.078704
479,0.078816
480,0.052586
481,0.078665
482,0.052784
483,0.053028
484,0.052924
485,0.053222
486,0.052768
487,0.052891
488,0.052946
489,0.053015
490,0.078906
491,0.052768
492,0.079183
493,0.052926
494,0.052992
495,0.079031
496,0.079213
497,0.079371
498,0.079141
499,0.105373
500,0.079485
501,0.079507
502,0.079234
503,0.079096
504,0.105271
505,0.105354
506,0.105257
507,0.105497
508,0.104894
509,0.078644
510,0.105072
511,0.105536
512,0.079581
513,0.079501
514,0.079295
515,0.079418
516,0.052769
517,0.079474
518,0.052912
519,0.053019
520,0.053231
521,0.053300
522,0.026636
523,0.026509
524,0.026522
525,0.026612
526,0.052837
527,0.026569
528,0.026821
529,0.052672
530,0.026389
531,0.026553
532,0.026459
533,0.026514
534,0.026495
535,0.052635
536,0.026393
537,0.052804
538,0.052602
539,0.026407
540,0.052637
541,0.026508
542,0.026413
543,0.052510
544,0.052714
545,0.052600
546,0.052514
547,0.078551
548,0.078535
549,0.078666
550,0.078463
551,0.078426
552,0.078358
553,0.104652
554,0.078593
555,0.104515
556,0.078625
557,0.104594
558,0.078538
559,0.078457
560,0.078465
561,0.078512
562,0.078564
563,0.078719
564,0.078821
565,0.078675
566,0.078509
567,0.078613
568,0.078355
569,0.052406
570,0.052383
571,0.052341
572,0.052315
573,0.052489
574,0.052727
575,0.026464
576,0.052435
577,0.026438
578,0.026347
579,0.052544
580,0.078649
581,0.078822
582,0.052625
583,0.078593
584,0.078365
585,0.078814
586,0.078411
587,0.078267
588,0.078331
589,0.078774
590,0.078549
591,0.078324
592,0.078747
593,0.052505
594,0.052429
595,0.052259
596,0.052629
597,0.052718
598,0.052495
599,0.052604
600,0.026579
601,0.026980
602,0.026371
603,0.026813
604,0.026512
605,0.026619
606,0.026690
607,0.026396
608,0.026509
609,0.026505
610,0.026546
611,0.026448
612,0.026443
613,0.026696
614,0.026401
615,0.026814
616,0.026621
617,0.026485
618,0.026494
619,0.026600
620,0.026650
621,0.026902
622,0.026424
623,0.026681
624,0.026508
625,0.026720
626,0.053099
627,0.026738
628,0.052820
629,0.026754
630,0.026415
631,0.026643
632,0.026636
633,0.026620
634,0.026468
635,0.026530
636,0.053008
637,0.053241
638,0.052591
639,0.026600
640,0.052921
641,0.026762
642,0.026791
643,0.052775
644,0.026579
645,0.026945
646,0.026727
647,0.052824
648,0.026501
649,0.053166
650,0.026374
651,0.052716
652,0.026855
653,0.052836
654,0.053158
655,0.026466
656,0.026282
657,0.053146
658,0.026404
659,0.026392
660,0.026595
661,0.026870
662,0.052741
663,0.053083
664,0.026523
665,0.052817
666,0.052939
667,0.026455
668,0.052859
669,0.053084
670,0.053053
671,0.052997
672,0.053043
673,0.053138
674,0.052753
675,0.079054
676,0.079122
677,0.052984
678,0.079187
679,0.053035
680,0.079426
681,0.079208
682,0.079335
683,0.079587
684,0.079111
685,0.079309
686,0.079294
687,0.079776
688,0.079555
689,0.079041
690,0.079206
691,0.079381
692,0.079153
693,0.078934
694,0.079342
695,0.079348
696,0.052798
697,0.053207
698,0.053015
699,0.053211
700,0.026376
701,0.026669
702,0.026615
703,0.026695
704,0.026293
705,0.026731
706,0.026865
707,0.026477
708,0.026576
709,0.026743
710,0.026651
711,0.026714
712,0.026492
713,0.026965
714,0.026515
715,0.026475
716,0.026605
717,0.026630
718,0.026948
719,0.026568
720,0.026412
721,0.053224
722,0.026347
723,0.026457
724,0.026629
725,0.026986
726,0.026486
727,0.026602
728,0.026715
729,0.026838
730,0.052718
731,0.026833
732,0.026668
733,0.026584
734,0.026636
735,0.026587
736,0.026700
737,0.052726
738,0.026803
739,0.026710
740,0.026721
741,0.052824
742,0.026723
743,0.026537
744,0.026727
745,0.026637
746,0.053162
747,0.026361
748,0.026684
749,0.053041
750,0.052572
751,0.052633
752,0.079315
753,0.053360
754,0.079341
755,0.052970
756,0.079296
757,0.053106
758,0.078884
759,0.052927
760,0.078924
761,0.079275
762,0.053107
763,0.052855
764,0.052637
765,0.052324
766,0.052319
767,0.052658
768,0.052772
769,0.053010
770,0.078670
771,0.078888
772,0.079034
773,0.079011
774,0.052931
775,0.026593
776,0.052875
777,0.026341
778,0.053025
779,0.053113
780,0.026568
781,0.052823
782,0.026603
783,0.052907
784,0.052779
785,0.026812
786,0.026273
787,0.026459
788,0.026480
789,0.053023
790,0.026547
791,0.026617
792,0.052951
793,0.052538
794,0.026431
795,0.053052
796,0.052768
797,0.026711
798,0.026556
799,0.026659
800,0.026689
801,0.053180
802,0.026668
803,0.026357
804,0.026855
805,0.026524
806,0.026351
807,0.053049
808,0.026741
809,0.026421
810,0.026675
811,0.026613
812,0.026521
813,0.026768
814,0.026582
815,0.026652
816,0.026647
817,0.026552
818,0.026620
819,0.026573
820,0.026499
821,0.026470
822,0.026567
823,0.026637
824,0.026631
825,0.026817
826,0.026470
827,0.026460
828,0.026696
829,0.026487
830,0.026530
831,0.026645
832,0.026790
833,0.026590
834,0.026700
835,0.026485
836,0.026536
837,0.026814
838,0.026751
839,0.026482
840,0.026541
841,0.026687
842,0.026839
843,0.026764
844,0.026689
845,0.026548
846,0.026430
847,0.026558
848,0.052523
849,0.026414
850,0.052457
851,0.026465
852,0.026430
853,0.026316
854,0.026441
855,0.026318
856,0.026219
857,0.052593
858,0.026378
859,0.026339
860,0.026339
861,0.026450
862,0.026187
863,0.052489
864,0.026260
865,0.026347
866,0.052491
867,0.078476
868,0.078207
869,0.052539
870,0.080652
871,0.078787
872,0.078505
873,0.078626
874,0.078334
875,0.078462
876,0.052372
877,0.052322
878,0.052610
879,0.052348
880,0.052509
881,0.052409
882,0.052699
883,0.026362
884,0.026282
885,0.026282
886,0.026403
887,0.026283
888,0.026277
889,0.026445
890,0.026428
891,0.026437
892,0.026447
893,0.026449
894,0.026395
895,0.026361
896,0.026495
897,0.026444
898,0.026396
899,0.026430
900,0.026395
901,0.026370
902,0.026487
903,0.026461
904,0.026474
905,0.026402
906,0.026434
907,0.026427
908,0.026488
909,0.026345
910,0.026484
911,0.026504
912,0.026483
913,0.026323
914,0.026403
915,0.026819
916,0.026534
917,0.026261
918,0.026394
919,0.026365
920,0.026341
921,0.026368
922,0.026337
923,0.026555
924,0.026347
925,0.026527
926,0.026288
927,0.026287
928,0.026306
929,0.026297
930,0.026459
931,0.026335
932,0.026475
933,0.026326
934,0.026325
935,0.026276
936,0.026300
937,0.026381
938,0.026293
939,0.026250
940,0.026324
941,0.026312
942,0.026472
943,0.026472
944,0.026270
945,0.026333
946,0.026380
947,0.026300
948,0.026416
949,0.052355
950,0.026406
951,0.052332
952,0.026395
953,0.026387
954,0.026423
955,0.052459
956,0.026414
957,0.026375
958,0.026356
959,0.026353
960,0.026369
961,0.026427
962,0.026416
963,0.026477
964,0.026389
965,0.052347
966,0.026309
967,0.052336
968,0.052363
969,0.026409
970,0.026449
971,0.026264
972,0.026337
973,0.052477
974,0.026292
975,0.052356
976,0.026315
977,0.026379
978,0.052421
979,0.052296
980,0.026275
981,0.026323
982,0.026437
983,0.052469
984,0.026393
985,0.026504
986,0.052490
987,0.026429
988,0.026252
989,0.026562
990,0.026383
991,0.026316
992,0.026420
993,0.026351
994,0.052439
995,0.026335
996,0.052434
997,0.026368
998,0.052398
999,0.026331
1000,0.052483
1001,0.052509
1002,0.052383
1003,0.052262
1004,0.052415
1005,0.078632
1006,0.078377
1007,0.078408
1008,0.078263
1009,0.078422
1010,0.078509
1011,0.078531
1012,0.078380
1013,0.078861
1014,0.078383
1015,0.078337
1016,0.078317
1017,0.078507
1018,0.078573
1019,0.078570
1020,0.078482
1021,0.052430
1022,0.052351
1023,0.052360
1024,0.052285
1025,0.052585
1026,0.052665
1027,0.052758
1028,0.052353
1029,0.026385
1030,0.052388
1031,0.026347
1032,0.026324
1033,0.026420
1034,0.026351
1035,0.026326
1036,0.026324
1037,0.026371
1038,0.026266
1039,0.026425
1040,0.026282
1041,0.026451
1042,0.026265
1043,0.026317
1044,0.026330
1045,0.026442
1046,0.026495
1047,0.026293
1048,0.026282
1049,0.026551
1050,0.026345
1051,0.026307
1052,0.026292
1053,0.026405
1054,0.026299
1055,0.026389
1056,0.026405
1057,0.026398
1058,0.026417
1059,0.026296
1060,0.026334
1061,0.026365
1062,0.026289
1063,0.026345
1064,0.026327
1065,0.026496
1066,0.026259
1067,0.026441
1068,0.026278
1069,0.026417
1070,0.026287
1071,0.026303
1072,0.026317
1073,0.026313
1074,0.026306
1075,0.026309
1076,0.026360
1077,0.026370
1078,0.026349
1079,0.026322
1080,0.026374
1081,0.026330
1082,0.052261
1083,0.026323
1084,0.026327
1085,0.026437
1086,0.052423
1087,0.026387
1088,0.026348
1089,0.052456
1090,0.052447
1091,0.052293
1092,0.052425
1093,0.052477
1094,0.052311
1095,0.052319
1096,0.078474
1097,0.078501
1098,0.052334
1099,0.078282
1100,0.078444
1101,0.078528
1102,0.078586
1103,0.078987
1104,0.078757
1105,0.079319
1106,0.078780
1107,0.052681
1108,0.052775
1109,0.052636
1110,0.052794
1111,0.052539
1112,0.052887
1113,0.052685
1114,0.052671
1115,0.052632
1116,0.052806
1117,0.052716
1118,0.052412
1119,0.052667
1120,0.052850
1121,0.052500
1122,0.052620
1123,0.052663
1124,0.052912
1125,0.052950
1126,0.052382
1127,0.052490
1128,0.052573
1129,0.079095
1130,0.052443
1131,0.079235
1132,0.079035
1133,0.052854
1134,0.052831
1135,0.078993
1136,0.078894
1137,0.079169
1138,0.079049
1139,0.079017
1140,0.078956
1141,0.078606
1142,0.052879
1143,0.079246
1144,0.078908
1145,0.079094
1146,0.052798
1147,0.052810
1148,0.079133
1149,0.052885
1150,0.052980
1151,0.052523
1152,0.052973
1153,0.052958
1154,0.026728
1155,0.026560
1156,0.052736
1157,0.052904
1158,0.052727
1159,0.026533
1160,0.026394
1161,0.026542
1162,0.052739
1163,0.026600
1164,0.026420
1165,0.026805
1166,0.026382
1167,0.052518
1168,0.052708
1169,0.026627
1170,0.052769
1171,0.052755
1172,0.026425
1173,0.052802
1174,0.026619
1175,0.078730
1176,0.052880
1177,0.052854
1178,0.079146
1179,0.079049
1180,0.078785
1181,0.079221
1182,0.079503
1183,0.052970
1184,0.079003
1185,0.052962
1186,0.052856
1187,0.079278
1188,0.078805
1189,0.078860
1190,0.078511
1191,0.078290
1192,0.078482
1193,0.079134
1194,0.079097
1195,0.026542
1196,0.026509
1197,0.053005
1198,0.026529
1199,0.026281
1200,0.026501
1201,0.026716
1202,0.026384
1203,0.026404
1204,0.026513
1205,0.026389
1206,0.026375
1207,0.026259
1208,0.026330
1209,0.026430
1210,0.026347
1211,0.026344
1212,0.026297
1213,0.026336
1214,0.026260
1215,0.026296
1216,0.026418
1217,0.026357
1218,0.026334
1219,0.026284
1220,0.026300
1221,0.026441
1222,0.026290
1223,0.026357
1224,0.026353
1225,0.026374
1226,0.038906
1227,0.027719
1228,0.026292
1229,0.026316
1230,0.026386
1231,0.026319
1232,0.026341
1233,0.026420
1234,0.026252
1235,0.026226
1236,0.026269
1237,0.026324
1238,0.026310
1239,0.026323
1240,0.026350
1241,0.026318
1242,0.026303
1243,0.026291
1244,0.026293
1245,0.026415
1246,0.026410
1247,0.026349
1248,0.026378
1249,0.026439
1250,0.026366
1251,0.026376
1252,0.026364
1253,0.026386
1254,0.026308
1255,0.026342
1256,0.026241
1257,0.026419
1258,0.026226
1259,0.026283
1260,0.026378
1261,0.026309
1262,0.026398
1263,0.026410
1264,0.026398
1265,0.026393
1266,0.026313
1267,0.026315
1268,0.026263
1269,0.052474
1270,0.026336
1271,0.026289
1272,0.026295
1273,0.026354
1274,0.026279
1275,0.026348
1276,0.026363
1277,0.026339
1278,0.026425
1279,0.052363
1280,0.052301
1281,0.052338
1282,0.078441
1283,0.052277
1284,0.078344
1285,0.078505
1286,0.078323
1287,0.078215
1288,0.078229
1289,0.078468
1290,0.078230
1291,0.078360
1292,0.078306
1293,0.078359
1294,0.078193
1295,0.078195
1296,0.078263
1297,0.078356
1298,0.078225
1299,0.078282
1300,0.078329
1301,0.078385
1302,0.078275
1303,0.078357
1304,0.078255
1305,0.078367
1306,0.078397
1307,0.078264
1308,0.052328
1309,0.078496
1310,0.078384
1311,0.078328
1312,0.078345
1313,0.078357
1314,0.078381
1315,0.078374
1316,0.052304
1317,0.052461
1318,0.052207
1319,0.026427
1320,0.052430
1321,0.052308
1322,0.026261
1323,0.026253
1324,0.026267
1325,0.026330
1326,0.026321
1327,0.026286
1328,0.026299
1329,0.026413
1330,0.026303
1331,0.026300
1332,0.026278
1333,0.026383
1334,0.026275
1335,0.026358
1336,0.026270
1337,0.026378
1338,0.026316
1339,0.026261
1340,0.026302
1341,0.026357
1342,0.026284
1343,0.026309
1344,0.026249
1345,0.026419
1346,0.026256
1347,0.026263
1348,0.026330
1349,0.026376
1350,0.052232
1351,0.026283
1352,0.052349
1353,0.026414
1354,0.026245
1355,0.026295
1356,0.026290
1357,0.026348
1358,0.052262
1359,0.026246
1360,0.052271
1361,0.052304
1362,0.052347
1363,0.026264
1364,0.026283
1365,0.052246
1366,0.052299
1367,0.052340
1368,0.026278
1369,0.026304
1370,0.026260
1371,0.052245
1372,0.026272
1373,0.026319
1374,0.026362
1375,0.026348
1376,0.026280
1377,0.026376
1378,0.026273
1379,0.026350
1380,0.026299
1381,0.026282
1382,0.052294
1383,0.026251
1384,0.026402
1385,0.026316
1386,0.052469
1387,0.026345
1388,0.026258
1389,0.026351
1390,0.026341
1391,0.026289
1392,0.026355
1393,0.052380
1394,0.052248
1395,0.052243
1396,0.026287
1397,0.026401
1398,0.052318
1399,0.026293
1400,0.026257
1401,0.026373
1402,0.026276
1403,0.052321
1404,0.026301
1405,0.026320
1406,0.026434
1407,0.052406
1408,0.052214
# total_episodes=1408, avg_seconds=0.044904
