# episode_index, seconds
1,0.001356
2,0.003134
3,0.002560
4,0.003461
5,0.002435
6,0.002408
7,0.002999
8,0.003514
9,0.003550
10,0.003507
11,0.001341
12,0.002444
13,0.003024
14,0.003561
15,0.002984
16,0.002968
17,0.003552
18,0.002986
19,0.002989
20,0.003546
21,0.000822
22,0.002965
23,0.106966
24,0.104237
25,0.078435
26,0.078432
27,0.078497
28,0.078775
29,0.078537
30,0.078461
31,0.052471
32,0.052520
33,0.078845
34,0.078413
35,0.026308
36,0.079338
37,0.026551
38,0.052207
39,0.078532
40,0.026221
41,0.026355
42,0.026385
43,0.026509
44,0.052428
45,0.078962
46,0.026072
47,0.052588
48,0.052558
49,0.052577
50,0.026234
51,0.104847
52,0.078860
53,0.052896
54,0.026240
55,0.104645
56,0.078487
57,0.026430
58,0.078355
59,0.052419
60,0.052446
61,0.052374
62,0.052178
63,0.026487
64,0.026453
65,0.105554
66,0.078652
67,0.026367
68,0.052433
69,0.052628
70,0.052649
71,0.052643
72,0.078774
73,0.026506
74,0.026396
75,0.026569
76,0.052502
77,0.026740
78,0.052647
79,0.026453
80,0.026223
81,0.026724
82,0.052661
83,0.026295
84,0.026664
85,0.026274
86,0.026480
87,0.026307
88,0.078809
89,0.052808
90,0.026305
91,0.026714
92,0.026285
93,0.078776
94,0.052609
95,0.026658
96,0.026469
97,0.026389
98,0.026592
99,0.026401
100,0.026517
101,0.078863
102,0.026442
103,0.026599
104,0.052584
105,0.026350
106,0.052265
107,0.026504
108,0.026841
109,0.026848
110,0.026824
111,0.026602
112,0.026535
113,0.052305
114,0.026172
115,0.026178
116,0.026281
117,0.026272
118,0.026357
119,0.026268
120,0.026207
121,0.052539
122,0.026212
123,0.026313
124,0.026219
125,0.026293
126,0.052185
127,0.028448
128,0.028511
129,0.026444
130,0.026136
131,0.026324
132,0.026394
133,0.026314
134,0.026251
135,0.026265
136,0.026247
137,0.026239
138,0.026313
139,0.026215
140,0.026255
141,0.026310
142,0.026318
143,0.026260
144,0.026373
145,0.026464
146,0.026346
147,0.026163
148,0.052196
149,0.052279
150,0.026124
151,0.026148
152,0.026151
153,0.026321
154,0.026325
155,0.026206
156,0.026338
157,0.026184
158,0.026237
159,0.052117
160,0.026253
161,0.026318
162,0.026279
163,0.026577
164,0.026806
165,0.026413
166,0.026533
167,0.026883
168,0.026976
169,0.026833
170,0.026953
171,0.026831
172,0.026919
173,0.027019
174,0.026876
175,0.026916
176,0.026880
177,0.026919
178,0.026967
179,0.026789
180,0.026935
181,0.026952
182,0.026954
183,0.026861
184,0.026673
185,0.026763
186,0.026588
187,0.079960
188,0.026915
189,0.027071
190,0.026956
191,0.053362
192,0.079781
193,0.053282
194,0.078445
195,0.052477
196,0.078920
197,0.053512
198,0.053181
199,0.079921
200,0.079308
201,0.052219
202,0.077849
203,0.078227
204,0.052853
205,0.053413
206,0.079796
207,0.079733
208,0.053364
209,0.053414
210,0.053790
211,0.026879
212,0.026783
213,0.027070
214,0.026907
215,0.053597
216,0.053827
217,0.053625
218,0.026850
219,0.053577
220,0.026957
221,0.027031
222,0.026953
223,0.026954
224,0.080085
225,0.027012
226,0.106501
227,0.026983
228,0.053763
229,0.053663
230,0.026879
231,0.026931
232,0.053505
233,0.026958
234,0.026898
235,0.026982
236,0.027013
237,0.027143
238,0.032417
239,0.026809
240,0.026270
241,0.026404
242,0.026389
243,0.026366
244,0.026388
245,0.026404
246,0.026300
247,0.026362
248,0.026346
249,0.026511
250,0.026397
251,0.026278
252,0.026272
253,0.026345
254,0.026380
255,0.052308
256,0.026273
257,0.026392
258,0.026195
259,0.026360
260,0.026317
261,0.026462
262,0.026252
263,0.026425
264,0.026167
265,0.026373
266,0.026555
267,0.026340
268,0.026246
269,0.026452
270,0.026277
271,0.026257
272,0.026210
273,0.026200
274,0.026188
275,0.026288
276,0.026205
277,0.026228
278,0.026505
279,0.026239
280,0.026221
281,0.026307
282,0.026159
283,0.026141
284,0.026278
285,0.026169
286,0.026070
287,0.026184
288,0.026230
289,0.026258
290,0.026105
291,0.026407
292,0.026037
293,0.026221
294,0.026241
295,0.026123
296,0.026174
297,0.026300
298,0.026182
299,0.052014
300,0.026179
301,0.052076
302,0.051836
303,0.026106
304,0.026227
305,0.026345
306,0.051881
307,0.052264
308,0.052064
309,0.026453
310,0.051954
311,0.026130
312,0.026206
313,0.052018
314,0.026035
315,0.026108
316,0.026221
317,0.026147
318,0.026199
319,0.026180
320,0.026153
321,0.052035
322,0.026351
323,0.026078
324,0.026184
325,0.052065
326,0.026117
327,0.052112
328,0.078004
329,0.052166
330,0.052978
331,0.052462
332,0.052479
333,0.026266
334,0.026251
335,0.077849
336,0.051947
337,0.026167
338,0.051916
339,0.026186
340,0.026199
341,0.026354
342,0.026210
343,0.052019
344,0.052049
345,0.026220
346,0.052027
347,0.026163
348,0.026176
349,0.026238
350,0.026135
351,0.026318
352,0.026208
353,0.026191
354,0.026191
355,0.026149
356,0.052179
357,0.026209
358,0.026203
359,0.026165
360,0.026211
361,0.026210
362,0.026210
363,0.026390
364,0.026390
365,0.026601
366,0.052378
367,0.026606
368,0.026024
369,0.026399
370,0.052383
371,0.026505
372,0.026348
373,0.026382
374,0.026198
375,0.052527
376,0.026365
377,0.052503
378,0.078889
379,0.026482
380,0.078427
381,0.026518
382,0.078727
383,0.104698
384,0.079424
385,0.053214
386,0.053827
387,0.027289
388,0.053626
389,0.027068
390,0.026932
391,0.027025
392,0.026670
393,0.026567
394,0.052486
395,0.078898
396,0.026580
397,0.053005
398,0.026807
399,0.027159
400,0.026871
401,0.026786
402,0.026792
403,0.026830
404,0.026806
405,0.053355
406,0.053152
407,0.026842
408,0.026842
409,0.026879
410,0.026821
411,0.026689
412,0.026751
413,0.026877
414,0.026859
415,0.026810
416,0.026832
417,0.026731
418,0.026372
419,0.026292
420,0.026527
421,0.026319
422,0.026525
423,0.026369
424,0.026259
425,0.026600
426,0.052276
427,0.026281
428,0.026786
429,0.026397
430,0.026318
431,0.026573
432,0.026417
433,0.026517
434,0.026379
435,0.026364
436,0.027111
437,0.026899
438,0.027254
439,0.027330
440,0.026862
441,0.027207
442,0.026681
443,0.026530
444,0.026630
445,0.026363
446,0.026319
447,0.026230
448,0.026607
449,0.026570
450,0.026373
451,0.026503
452,0.026364
453,0.026684
454,0.026340
455,0.026104
456,0.026498
457,0.026398
458,0.026602
459,0.026376
460,0.026550
461,0.026682
462,0.026267
463,0.026727
464,0.026511
465,0.026633
466,0.026175
467,0.026368
468,0.026622
469,0.026221
470,0.026384
471,0.026284
472,0.052605
473,0.026411
474,0.026541
475,0.026392
476,0.026670
477,0.026470
478,0.026407
479,0.026586
480,0.026798
481,0.027090
482,0.027069
483,0.027119
484,0.027173
485,0.026852
486,0.026882
487,0.027114
488,0.026726
489,0.027244
490,0.026929
491,0.027012
492,0.027216
493,0.026989
494,0.027064
495,0.053749
496,0.027158
497,0.080551
498,0.080317
499,0.080473
500,0.080574
501,0.080565
502,0.107030
503,0.080444
504,0.080813
505,0.107664
506,0.080562
507,0.080469
508,0.107391
509,0.080661
510,0.107536
511,0.080024
512,0.107257
513,0.080200
514,0.107176
515,0.080407
516,0.080419
517,0.107259
518,0.104885
519,0.104464
520,0.104674
521,0.106088
522,0.107332
523,0.106984
524,0.106688
525,0.107506
526,0.107685
527,0.080632
528,0.080738
529,0.080531
530,0.080455
531,0.107366
532,0.080406
533,0.080668
534,0.107561
535,0.080257
536,0.107084
537,0.080561
538,0.080622
539,0.053919
540,0.053247
541,0.053374
542,0.054114
543,0.080286
544,0.053638
545,0.027023
546,0.027136
547,0.053660
548,0.027237
549,0.026974
550,0.053505
551,0.052683
552,0.026315
553,0.052513
554,0.052683
555,0.026875
556,0.026724
557,0.026401
558,0.052474
559,0.026429
560,0.052955
561,0.027224
562,0.027047
563,0.053773
564,0.026969
565,0.027074
566,0.053476
567,0.026982
568,0.080194
569,0.026925
570,0.027248
571,0.080721
572,0.026803
573,0.027055
574,0.080612
575,0.053656
576,0.080470
577,0.080663
578,0.080864
579,0.026922
580,0.027393
581,0.027152
582,0.080514
583,0.053859
584,0.026930
585,0.027359
586,0.026800
587,0.026641
588,0.026872
589,0.027092
590,0.080216
591,0.027227
592,0.106664
593,0.027204
594,0.026894
595,0.027253
596,0.027061
597,0.026965
598,0.027074
599,0.026941
600,0.026950
601,0.027016
602,0.106661
603,0.026467
604,0.026556
605,0.026512
606,0.026298
607,0.028113
608,0.026639
609,0.026357
610,0.026625
611,0.026270
612,0.026283
613,0.026447
614,0.026517
615,0.026912
616,0.026234
617,0.026236
618,0.026387
619,0.026334
620,0.104487
621,0.078701
622,0.052100
623,0.079614
624,0.080670
625,0.080040
626,0.080281
627,0.053769
628,0.053765
629,0.027375
630,0.026921
631,0.027000
632,0.053580
633,0.053733
634,0.026991
635,0.026702
636,0.026295
637,0.026482
638,0.052220
639,0.026209
640,0.052171
641,0.078654
642,0.026346
643,0.052470
644,0.026569
645,0.078539
646,0.078563
647,0.052320
648,0.078796
649,0.026463
650,0.026191
651,0.078771
652,0.078290
653,0.078489
654,0.078552
655,0.052368
656,0.052413
657,0.052499
658,0.052263
659,0.052321
660,0.052597
661,0.052398
662,0.026217
663,0.052097
664,0.052436
665,0.052504
666,0.052361
667,0.052503
668,0.052338
669,0.052418
670,0.026141
671,0.052737
672,0.052642
673,0.052590
674,0.026377
675,0.026458
676,0.052560
677,0.053004
678,0.026858
679,0.026588
680,0.026534
681,0.026362
682,0.026307
683,0.026127
684,0.026343
685,0.026498
686,0.026295
687,0.026456
688,0.026334
689,0.026239
690,0.026486
691,0.026098
692,0.026477
693,0.026497
694,0.026455
695,0.026198
696,0.026510
697,0.026639
698,0.052200
699,0.026185
700,0.026291
701,0.026532
702,0.026552
703,0.026326
704,0.026439
705,0.026612
706,0.026347
707,0.026689
708,0.026641
709,0.026460
710,0.026454
711,0.026243
712,0.026045
713,0.026510
714,0.026281
715,0.026209
716,0.026481
717,0.026527
718,0.026342
719,0.026295
720,0.026683
721,0.026391
722,0.026554
723,0.026668
724,0.026916
725,0.027023
726,0.026851
727,0.026760
728,0.026377
729,0.026359
730,0.026473
731,0.026061
732,0.026468
733,0.026180
734,0.026328
735,0.027125
736,0.026636
737,0.026611
738,0.026358
739,0.046645
740,0.026181
741,0.026300
742,0.026553
743,0.026301
744,0.052520
745,0.026401
746,0.026414
747,0.026230
748,0.026229
749,0.052519
750,0.026218
751,0.052072
752,0.026200
753,0.052305
754,0.026339
755,0.052377
756,0.078480
757,0.078934
758,0.078442
759,0.080339
760,0.080473
761,0.080565
762,0.079696
763,0.079754
764,0.053694
765,0.053892
766,0.053366
767,0.026470
768,0.052700
769,0.052508
770,0.052564
771,0.026435
772,0.052494
773,0.026928
774,0.026778
775,0.027180
776,0.026807
777,0.052723
778,0.026256
779,0.026517
780,0.026168
781,0.026680
782,0.026289
783,0.052557
784,0.026203
785,0.026474
786,0.026281
787,0.026522
788,0.026227
789,0.026407
790,0.026579
791,0.026326
792,0.026425
793,0.026671
794,0.026291
795,0.026468
796,0.026408
797,0.026640
798,0.026343
799,0.026482
800,0.026942
801,0.027143
802,0.027100
803,0.027020
804,0.026717
805,0.026755
806,0.026375
807,0.026318
808,0.026316
809,0.026653
810,0.053469
811,0.026795
812,0.026845
813,0.026855
814,0.026773
815,0.026791
816,0.026849
817,0.026684
818,0.026445
819,0.026294
820,0.052155
821,0.052077
822,0.052010
823,0.052115
824,0.052048
825,0.052828
826,0.053090
827,0.079958
828,0.079685
829,0.078195
830,0.079207
831,0.080283
832,0.053913
833,0.080386
834,0.080676
835,0.054078
836,0.054084
837,0.053864
838,0.027127
839,0.053340
840,0.027072
841,0.054029
842,0.026968
843,0.053742
844,0.053139
845,0.026409
846,0.052392
847,0.052635
848,0.052379
849,0.052500
850,0.026500
851,0.026563
852,0.052434
853,0.026501
854,0.026445
855,0.026502
856,0.026576
857,0.052661
858,0.026242
859,0.026254
860,0.027021
861,0.042595
862,0.026431
863,0.026132
864,0.026650
865,0.026593
866,0.026978
867,0.027284
868,0.026963
869,0.027225
870,0.027253
871,0.026942
872,0.026886
873,0.026818
874,0.027088
875,0.026998
876,0.026955
877,0.027048
878,0.027169
879,0.026837
880,0.027133
881,0.026999
882,0.027032
883,0.027212
884,0.026951
885,0.026895
886,0.026335
887,0.026228
888,0.026540
889,0.026275
890,0.026583
891,0.026402
892,0.026276
893,0.026495
894,0.026171
895,0.026412
896,0.026477
897,0.026586
898,0.026209
899,0.026430
900,0.026593
901,0.026363
902,0.026692
903,0.026134
904,0.026486
905,0.026611
906,0.026860
907,0.027056
908,0.027119
909,0.026954
910,0.027136
911,0.027051
912,0.027035
913,0.027264
914,0.026996
915,0.053547
916,0.027051
917,0.053821
918,0.026919
919,0.026394
920,0.052595
921,0.052923
922,0.080479
923,0.080294
924,0.053681
925,0.053636
926,0.053914
927,0.026992
928,0.026767
929,0.053759
930,0.027051
931,0.026812
932,0.027044
933,0.027091
934,0.026985
935,0.026702
936,0.027126
937,0.053340
938,0.027131
939,0.027099
940,0.026998
941,0.027136
942,0.027032
943,0.027165
944,0.026923
945,0.027013
946,0.027241
947,0.026990
948,0.027012
949,0.027079
950,0.026868
951,0.027045
952,0.026958
953,0.027129
954,0.027084
955,0.026638
956,0.026575
957,0.026697
958,0.026391
959,0.052418
960,0.026355
961,0.026474
962,0.026345
963,0.026635
964,0.026243
965,0.026271
966,0.026360
967,0.026638
968,0.026379
969,0.026423
970,0.026492
971,0.026555
972,0.027063
973,0.026924
974,0.026960
975,0.027151
976,0.027024
977,0.026998
978,0.026973
979,0.026574
980,0.027196
981,0.027035
982,0.027032
983,0.027002
984,0.027082
985,0.027146
986,0.027226
987,0.026911
988,0.027203
989,0.027191
990,0.027094
991,0.027175
992,0.027071
993,0.027183
994,0.027183
995,0.027083
996,0.027310
997,0.027030
998,0.027080
999,0.027316
1000,0.027006
1001,0.027136
1002,0.027139
1003,0.026805
1004,0.027018
1005,0.026948
1006,0.026933
1007,0.027287
1008,0.027046
1009,0.027006
1010,0.053791
1011,0.053745
1012,0.026976
1013,0.054077
1014,0.027319
1015,0.053735
1016,0.053654
1017,0.027164
1018,0.027200
1019,0.053654
1020,0.026983
1021,0.027060
1022,0.027118
1023,0.027058
1024,0.027232
1025,0.067414
1026,0.028681
1027,0.026157
1028,0.026447
1029,0.052449
1030,0.052615
1031,0.026432
1032,0.052606
1033,0.027020
1034,0.053876
1035,0.026883
1036,0.026976
1037,0.027184
1038,0.027037
1039,0.027089
1040,0.027057
1041,0.026969
1042,0.053811
1043,0.026884
1044,0.026844
1045,0.026498
1046,0.026436
1047,0.052394
1048,0.026186
1049,0.026266
1050,0.026500
1051,0.026239
1052,0.026563
1053,0.026433
1054,0.026315
1055,0.026422
1056,0.026451
1057,0.026634
1058,0.026424
1059,0.026536
1060,0.052328
1061,0.052701
1062,0.027126
1063,0.026892
1064,0.053963
1065,0.027114
1066,0.027144
1067,0.027187
1068,0.027015
1069,0.027178
1070,0.026940
1071,0.026659
1072,0.026536
1073,0.026373
1074,0.026520
1075,0.026253
1076,0.026143
1077,0.026568
1078,0.026371
1079,0.026724
1080,0.052607
1081,0.026320
1082,0.026291
1083,0.026457
1084,0.053515
1085,0.026474
1086,0.052691
1087,0.053166
1088,0.026933
1089,0.026902
1090,0.027107
1091,0.027061
1092,0.027303
1093,0.053732
1094,0.027093
1095,0.026753
1096,0.053707
1097,0.080115
1098,0.080393
1099,0.080546
1100,0.080354
1101,0.080707
1102,0.080706
1103,0.080333
1104,0.080219
1105,0.080392
1106,0.052850
1107,0.052264
1108,0.078655
1109,0.052519
1110,0.078637
1111,0.052192
1112,0.052698
1113,0.078490
1114,0.078354
1115,0.052542
1116,0.079870
1117,0.027064
1118,0.053828
1119,0.053928
1120,0.027037
1121,0.027319
1122,0.027207
1123,0.027009
1124,0.027295
1125,0.027185
1126,0.026832
1127,0.026696
1128,0.026302
1129,0.026457
1130,0.026424
1131,0.026706
1132,0.026544
1133,0.026455
1134,0.026466
1135,0.026182
1136,0.026984
1137,0.027205
1138,0.027057
1139,0.027015
1140,0.027156
1141,0.027001
1142,0.026923
1143,0.026751
1144,0.026657
1145,0.026976
1146,0.053664
1147,0.026939
1148,0.026894
1149,0.027156
1150,0.026729
1151,0.027157
1152,0.026899
1153,0.026727
1154,0.026605
1155,0.026445
1156,0.026505
1157,0.026313
1158,0.026094
1159,0.026479
1160,0.026213
1161,0.042496
1162,0.026003
1163,0.026756
1164,0.026849
1165,0.053640
1166,0.026956
1167,0.027152
1168,0.027051
1169,0.026933
1170,0.027106
1171,0.026890
1172,0.026969
1173,0.027275
1174,0.026841
1175,0.027195
1176,0.026925
1177,0.027098
1178,0.053779
1179,0.026913
1180,0.027155
1181,0.026755
1182,0.053727
1183,0.026833
1184,0.026646
1185,0.026602
1186,0.026587
1187,0.026717
1188,0.026875
1189,0.026906
1190,0.026326
1191,0.026617
1192,0.026543
1193,0.027033
1194,0.027250
1195,0.026964
1196,0.027077
1197,0.027081
1198,0.053723
1199,0.026930
1200,0.027067
1201,0.027165
1202,0.026947
1203,0.027101
1204,0.053649
1205,0.026998
1206,0.026953
1207,0.026926
1208,0.027143
1209,0.026908
1210,0.027219
1211,0.026967
1212,0.026810
1213,0.053977
1214,0.053872
1215,0.026989
1216,0.053706
1217,0.027060
1218,0.053447
1219,0.080289
1220,0.027043
1221,0.053596
1222,0.053702
1223,0.053867
1224,0.054152
1225,0.027188
1226,0.053861
1227,0.026976
1228,0.027179
1229,0.026925
1230,0.027308
1231,0.027032
1232,0.053849
1233,0.027035
1234,0.027024
1235,0.053766
1236,0.027198
1237,0.053659
1238,0.026932
1239,0.026999
1240,0.026926
1241,0.027124
1242,0.027035
1243,0.027062
1244,0.027044
1245,0.053727
1246,0.026770
1247,0.027153
1248,0.027092
1249,0.027078
1250,0.027145
1251,0.026920
1252,0.027098
1253,0.053942
1254,0.053823
1255,0.027016
1256,0.027158
1257,0.027062
1258,0.026653
1259,0.026967
1260,0.026991
1261,0.027193
1262,0.026983
1263,0.027090
1264,0.027188
1265,0.026999
1266,0.026367
1267,0.026651
1268,0.026337
1269,0.026575
1270,0.026460
1271,0.026478
1272,0.026374
1273,0.052681
1274,0.026251
1275,0.026395
1276,0.026153
1277,0.026326
1278,0.026639
1279,0.026310
1280,0.026533
1281,0.026409
1282,0.026736
1283,0.026382
1284,0.026487
1285,0.026544
1286,0.026329
1287,0.026490
1288,0.026278
1289,0.026270
1290,0.026364
1291,0.026496
1292,0.026499
1293,0.026294
1294,0.026533
1295,0.026177
1296,0.026469
1297,0.026447
1298,0.026296
1299,0.026551
1300,0.026309
1301,0.026164
1302,0.026459
1303,0.026506
1304,0.027242
1305,0.027080
1306,0.026924
1307,0.027150
1308,0.026760
1309,0.027160
1310,0.027053
1311,0.027028
1312,0.027159
1313,0.026844
1314,0.026825
1315,0.027197
1316,0.026877
1317,0.027093
1318,0.027062
1319,0.027030
1320,0.027147
1321,0.027033
1322,0.027002
1323,0.027206
1324,0.043088
1325,0.026388
1326,0.026216
1327,0.026303
1328,0.026590
1329,0.026323
1330,0.026512
1331,0.026185
1332,0.026191
1333,0.026527
1334,0.026256
1335,0.026624
1336,0.026330
1337,0.026530
1338,0.026353
1339,0.026319
1340,0.026533
1341,0.026494
1342,0.026603
1343,0.026438
1344,0.026419
1345,0.026477
1346,0.026364
1347,0.026566
1348,0.026105
1349,0.026388
1350,0.026569
1351,0.026461
1352,0.026476
1353,0.026385
1354,0.026618
1355,0.026321
1356,0.026545
1357,0.026227
1358,0.026273
1359,0.026512
1360,0.026256
1361,0.026691
1362,0.026335
1363,0.026171
1364,0.026362
1365,0.026419
1366,0.026513
1367,0.026313
1368,0.026453
1369,0.026213
1370,0.026314
1371,0.026504
1372,0.026131
1373,0.052887
1374,0.027004
1375,0.052946
1376,0.026424
1377,0.052534
1378,0.026538
1379,0.026197
1380,0.026480
1381,0.026490
1382,0.026360
1383,0.026437
1384,0.026339
1385,0.026673
1386,0.026276
1387,0.026489
1388,0.026203
1389,0.026489
1390,0.026387
1391,0.026114
1392,0.026212
1393,0.026130
1394,0.026247
1395,0.026151
1396,0.026166
1397,0.026313
1398,0.026269
1399,0.026124
1400,0.026268
1401,0.026206
1402,0.026131
1403,0.026105
1404,0.026142
1405,0.026287
1406,0.026173
1407,0.026201
1408,0.026215
1409,0.026247
1410,0.026176
1411,0.026175
1412,0.026138
1413,0.026213
1414,0.026137
1415,0.026162
1416,0.026174
1417,0.026218
1418,0.026163
1419,0.026133
1420,0.026235
1421,0.026283
1422,0.026115
1423,0.026327
1424,0.026147
1425,0.026233
1426,0.026234
1427,0.026283
1428,0.026130
1429,0.026213
1430,0.026180
1431,0.026067
1432,0.026179
1433,0.026203
1434,0.026159
1435,0.026278
1436,0.026183
1437,0.026263
1438,0.026126
1439,0.026214
1440,0.026203
1441,0.026253
1442,0.026227
1443,0.026200
1444,0.026227
1445,0.026386
1446,0.026247
1447,0.026129
1448,0.026163
1449,0.026215
1450,0.026200
1451,0.026124
1452,0.026127
1453,0.026161
1454,0.026180
1455,0.026156
1456,0.026284
1457,0.026216
1458,0.026276
1459,0.026195
1460,0.026175
1461,0.026342
1462,0.026163
1463,0.026162
1464,0.026219
1465,0.026158
1466,0.026292
1467,0.026260
1468,0.026217
1469,0.026224
1470,0.026132
1471,0.026201
1472,0.026213
1473,0.026291
1474,0.026313
1475,0.026142
1476,0.026299
1477,0.026355
1478,0.026171
1479,0.026192
1480,0.026228
1481,0.026266
1482,0.026378
1483,0.026183
1484,0.026190
1485,0.026269
1486,0.026371
1487,0.026197
1488,0.026206
1489,0.026216
1490,0.026169
1491,0.026009
1492,0.026390
1493,0.026239
1494,0.026121
1495,0.026219
1496,0.025988
1497,0.026297
1498,0.026071
1499,0.026222
1500,0.026043
1501,0.026287
1502,0.026229
1503,0.026274
1504,0.026188
1505,0.026192
1506,0.026147
1507,0.026230
1508,0.026029
1509,0.026355
1510,0.035552
1511,0.026828
1512,0.026179
1513,0.026262
1514,0.026169
1515,0.026156
1516,0.026498
1517,0.052192
1518,0.025983
1519,0.026259
1520,0.025986
1521,0.026504
1522,0.053062
1523,0.053198
1524,0.053392
1525,0.053530
1526,0.053855
1527,0.053780
1528,0.080563
1529,0.080408
1530,0.080061
1531,0.079951
1532,0.080495
1533,0.080596
1534,0.080523
1535,0.080309
1536,0.080437
1537,0.080432
1538,0.107189
1539,0.080288
1540,0.080243
1541,0.080255
1542,0.080084
1543,0.053664
1544,0.080310
1545,0.053669
1546,0.053974
1547,0.080484
1548,0.053875
1549,0.053779
1550,0.053469
1551,0.053561
1552,0.053551
1553,0.080352
1554,0.053693
1555,0.079703
1556,0.053355
1557,0.054195
1558,0.053838
1559,0.053336
1560,0.052306
1561,0.052731
1562,0.052505
1563,0.052679
1564,0.053100
1565,0.053087
1566,0.053442
1567,0.053774
1568,0.053904
1569,0.053880
1570,0.053515
1571,0.053633
1572,0.053560
1573,0.053913
1574,0.053707
1575,0.026872
1576,0.026725
1577,0.026942
1578,0.026388
1579,0.026530
1580,0.026493
1581,0.026830
1582,0.027233
1583,0.026665
1584,0.026905
1585,0.027312
1586,0.026847
1587,0.027201
1588,0.027110
1589,0.027139
1590,0.026943
1591,0.027103
1592,0.026923
1593,0.027211
1594,0.026717
1595,0.027143
1596,0.026929
1597,0.026950
1598,0.027220
1599,0.026859
1600,0.027055
1601,0.027026
1602,0.027005
1603,0.026942
1604,0.026844
1605,0.027144
1606,0.027005
1607,0.053597
1608,0.027262
1609,0.053649
1610,0.053742
1611,0.054105
1612,0.080474
1613,0.080320
1614,0.080652
1615,0.053761
1616,0.079908
1617,0.080656
1618,0.026923
1619,0.053996
1620,0.080463
1621,0.080279
1622,0.053804
1623,0.053983
1624,0.027062
1625,0.027103
1626,0.053521
1627,0.080472
1628,0.027058
1629,0.053859
1630,0.026998
1631,0.027202
1632,0.027232
1633,0.054191
1634,0.027164
1635,0.026936
1636,0.027253
1637,0.027048
1638,0.027186
1639,0.027182
1640,0.027016
1641,0.027072
1642,0.026938
1643,0.027197
1644,0.027102
1645,0.027029
1646,0.027128
1647,0.027190
1648,0.027172
1649,0.027050
1650,0.027083
1651,0.026806
1652,0.026971
1653,0.026883
1654,0.027245
1655,0.027240
1656,0.026940
1657,0.027113
1658,0.026655
1659,0.026166
1660,0.026522
1661,0.026218
1662,0.026233
1663,0.026351
1664,0.026710
1665,0.026460
1666,0.026420
1667,0.026475
1668,0.026382
1669,0.026483
1670,0.026441
1671,0.026282
1672,0.026610
1673,0.026330
1674,0.026543
1675,0.026283
1676,0.026609
1677,0.026676
1678,0.026332
1679,0.026514
1680,0.026323
1681,0.026589
1682,0.026321
1683,0.052645
1684,0.026420
1685,0.026310
1686,0.026331
1687,0.026355
1688,0.026511
1689,0.026438
1690,0.052468
1691,0.026236
1692,0.026445
1693,0.026490
1694,0.052598
1695,0.026746
1696,0.026282
1697,0.052950
1698,0.052978
1699,0.052196
1700,0.026366
1701,0.052697
1702,0.052666
1703,0.052632
1704,0.052307
1705,0.026679
1706,0.052330
1707,0.052452
1708,0.052549
1709,0.026635
1710,0.026348
1711,0.052372
1712,0.026238
1713,0.053368
1714,0.027212
1715,0.053892
1716,0.053398
1717,0.026492
1718,0.052297
1719,0.026502
1720,0.026373
1721,0.026701
1722,0.026473
1723,0.026605
1724,0.026696
1725,0.026422
1726,0.026503
1727,0.026411
1728,0.026620
1729,0.026464
1730,0.026361
1731,0.026524
1732,0.026188
1733,0.026617
1734,0.026375
1735,0.026303
1736,0.026391
1737,0.026526
1738,0.026602
1739,0.026319
1740,0.026585
1741,0.026719
1742,0.026248
1743,0.026546
1744,0.026589
1745,0.026898
1746,0.026879
1747,0.026965
1748,0.027265
1749,0.026826
1750,0.026946
1751,0.027261
1752,0.027048
1753,0.027130
1754,0.027164
1755,0.027025
1756,0.027226
1757,0.026810
1758,0.026958
# total_episodes=1758, avg_seconds=0.036363
