# episode_index, seconds
1,0.006045
2,0.013225
3,0.007286
4,0.013480
5,0.014155
6,0.014346
7,0.011228
8,0.012830
9,0.014300
10,0.012592
11,0.014676
12,0.011775
13,0.007359
14,0.014032
15,0.012904
16,0.012402
17,0.002205
18,0.012579
19,0.014547
20,0.014138
21,0.062484
22,0.185087
23,0.236487
24,0.278404
25,0.094205
26,0.189498
27,0.139217
28,0.094405
29,0.140116
30,0.050100
31,0.048207
32,0.047352
33,0.046133
34,0.092185
35,0.096521
36,0.047107
37,0.098416
38,0.172011
39,0.136938
40,0.096639
41,0.093100
42,0.050828
43,0.094543
44,0.046315
45,0.046547
46,0.142238
47,0.047533
48,0.098118
49,0.047384
50,0.094297
51,0.046825
52,0.141847
53,0.139655
54,0.050007
55,0.047359
56,0.092721
57,0.092563
58,0.048857
59,0.046937
60,0.097789
61,0.093591
62,0.138760
63,0.047262
64,0.048513
65,0.046895
66,0.046024
67,0.047004
68,0.051408
69,0.047994
70,0.141697
71,0.093018
72,0.093443
73,0.050605
74,0.047042
75,0.046242
76,0.046236
77,0.046667
78,0.095730
79,0.046175
80,0.048453
81,0.049778
82,0.047952
83,0.046401
84,0.091942
85,0.141343
86,0.094155
87,0.098940
88,0.093919
89,0.048408
90,0.095018
91,0.047056
92,0.047004
93,0.051276
94,0.140712
95,0.092603
96,0.048975
97,0.046852
98,0.047755
99,0.050971
100,0.047629
101,0.046626
102,0.046409
103,0.046756
104,0.064210
105,0.139509
106,0.092012
107,0.096504
108,0.046854
109,0.050633
110,0.047271
111,0.046884
112,0.046016
113,0.046786
114,0.046878
115,0.048552
116,0.046037
117,0.047693
118,0.047492
119,0.097629
120,0.047081
121,0.047112
122,0.093999
123,0.046224
124,0.047886
125,0.096936
126,0.047435
127,0.046437
128,0.046680
129,0.047519
130,0.048148
131,0.046906
132,0.095230
133,0.050894
134,0.091992
135,0.030017
136,0.046558
137,0.050004
138,0.047178
139,0.046873
140,0.046608
141,0.100907
142,0.046924
143,0.046455
144,0.048125
145,0.049730
146,0.047017
147,0.050468
148,0.095290
149,0.047937
150,0.050446
151,0.094460
152,0.047689
153,0.099967
154,0.047028
155,0.046292
156,0.049911
157,0.093903
158,0.048402
159,0.049421
160,0.047403
161,0.046349
162,0.046011
163,0.047229
164,0.048756
165,0.047147
166,0.047112
167,0.096922
168,0.047815
169,0.093382
170,0.047776
171,0.048480
172,0.047490
173,0.047584
174,0.050896
175,0.047497
176,0.046331
177,0.046572
178,0.047297
179,0.048425
180,0.047430
181,0.046460
182,0.048224
183,0.046624
184,0.052283
185,0.037648
186,0.038277
187,0.037264
188,0.037210
189,0.037113
190,0.034502
191,0.037380
192,0.030924
193,0.029129
194,0.028570
195,0.028491
196,0.043075
197,0.029943
198,0.031837
199,0.031879
200,0.063723
201,0.032537
202,0.031686
203,0.031491
204,0.035938
205,0.031703
206,0.029104
207,0.029192
208,0.029353
209,0.028194
210,0.027858
211,0.027963
212,0.030961
213,0.031451
214,0.036982
215,0.047606
216,0.087274
217,0.040734
218,0.029959
219,0.041478
220,0.038451
221,0.037019
222,0.042244
223,0.037550
224,0.042226
225,0.038653
226,0.037830
227,0.039399
228,0.037744
229,0.046554
230,0.031447
231,0.031685
232,0.031843
233,0.031164
234,0.031135
235,0.031335
236,0.032726
237,0.039051
238,0.046549
239,0.046692
240,0.047959
241,0.047374
242,0.046175
243,0.041308
244,0.035046
245,0.044550
246,0.047535
247,0.037798
248,0.039127
249,0.038636
250,0.027759
251,0.058765
252,0.060090
253,0.029416
254,0.028908
255,0.058360
256,0.057809
257,0.089359
258,0.176662
259,0.133178
260,0.135563
261,0.089504
262,0.088468
263,0.117880
264,0.092177
265,0.134932
266,0.137878
267,0.141332
268,0.141910
269,0.091548
270,0.088974
271,0.088733
272,0.044863
273,0.090643
274,0.088899
275,0.090622
276,0.087962
277,0.139107
278,0.184404
279,0.046082
280,0.143439
281,0.103250
282,0.044947
283,0.045178
284,0.045276
285,0.045662
286,0.045040
287,0.045086
288,0.045029
289,0.044958
290,0.045598
291,0.045024
292,0.045028
293,0.045193
294,0.045550
295,0.044908
296,0.045202
297,0.045039
298,0.045166
299,0.045192
300,0.046214
301,0.045110
302,0.044947
303,0.045704
304,0.046827
305,0.045858
306,0.047051
307,0.046915
308,0.046503
309,0.044732
310,0.045683
311,0.045100
312,0.046735
313,0.045337
314,0.044599
315,0.045856
316,0.045384
317,0.045236
318,0.044397
319,0.046276
320,0.045364
321,0.045231
322,0.045684
323,0.044524
324,0.045092
325,0.044659
326,0.044231
327,0.044744
328,0.045136
329,0.044455
330,0.044623
331,0.044759
332,0.088790
333,0.044208
334,0.044980
335,0.045014
336,0.045027
337,0.089591
338,0.044819
339,0.044481
340,0.044913
341,0.044537
342,0.045028
343,0.089137
344,0.044516
345,0.085530
346,0.066448
347,0.044437
348,0.044315
349,0.047291
350,0.049462
351,0.049183
352,0.048419
353,0.048834
354,0.049108
355,0.048722
356,0.049265
357,0.049092
358,0.048662
359,0.048251
360,0.048766
361,0.047672
362,0.049331
363,0.048156
364,0.048979
365,0.050720
366,0.044606
367,0.046091
368,0.047397
369,0.048383
370,0.048563
371,0.049135
372,0.047167
373,0.049050
374,0.049636
375,0.048688
376,0.049146
377,0.048047
378,0.048922
379,0.046165
380,0.048900
381,0.047317
382,0.047649
383,0.048578
384,0.047670
385,0.047736
386,0.049505
387,0.048209
388,0.047824
389,0.048601
390,0.048598
391,0.048577
392,0.049560
393,0.048778
394,0.048580
395,0.048958
396,0.048373
397,0.048362
398,0.048572
399,0.048448
400,0.048895
401,0.048434
402,0.047976
403,0.049247
404,0.047903
405,0.048789
406,0.049025
407,0.048308
408,0.048251
409,0.048752
410,0.047950
411,0.048393
412,0.048486
413,0.048998
414,0.047158
415,0.048960
416,0.049500
417,0.096281
418,0.049243
419,0.049245
420,0.099355
421,0.044700
422,0.044692
423,0.044685
424,0.045192
425,0.045189
426,0.090028
427,0.093757
428,0.048081
429,0.048175
430,0.048979
431,0.048947
432,0.096988
433,0.048925
434,0.048516
435,0.048493
436,0.049046
437,0.048915
438,0.048352
439,0.046624
440,0.049734
441,0.097305
442,0.048300
443,0.145914
444,0.049237
445,0.048358
446,0.191699
447,0.195251
448,0.193254
449,0.241854
450,0.192517
451,0.147740
452,0.143385
453,0.096628
454,0.097467
455,0.143148
456,0.097695
457,0.097527
458,0.144312
459,0.143410
460,0.094234
461,0.097049
462,0.092432
463,0.098074
464,0.097409
465,0.096250
466,0.096297
467,0.096479
468,0.097919
469,0.096319
470,0.048709
471,0.049163
472,0.049110
473,0.049428
474,0.047747
475,0.048680
476,0.048867
477,0.048781
478,0.048363
479,0.048301
480,0.049194
481,0.048742
482,0.048409
483,0.049086
484,0.096509
485,0.046124
486,0.095797
487,0.144098
488,0.048525
489,0.092530
490,0.046060
491,0.045933
492,0.091285
493,0.045914
494,0.183052
495,0.180980
496,0.092495
497,0.192792
498,0.145192
499,0.196827
500,0.181004
501,0.182102
502,0.182482
503,0.180470
504,0.181489
505,0.183292
506,0.181029
507,0.181956
508,0.180714
509,0.180565
510,0.090025
511,0.089754
512,0.131129
513,0.177525
514,0.134339
515,0.049099
516,0.049104
517,0.097921
518,0.139492
519,0.049525
520,0.049275
521,0.049235
522,0.049280
523,0.049107
524,0.051200
525,0.135860
526,0.044528
527,0.044746
528,0.043745
529,0.044505
530,0.043855
531,0.044166
532,0.044653
533,0.044634
534,0.087997
535,0.044524
536,0.043629
537,0.042947
538,0.042674
539,0.041821
540,0.043663
541,0.044712
542,0.044059
543,0.045381
544,0.044010
545,0.044348
546,0.044329
547,0.044153
548,0.045717
549,0.046989
550,0.046679
551,0.048521
552,0.045259
553,0.045589
554,0.045406
555,0.044581
556,0.044076
557,0.043841
558,0.044189
559,0.044164
560,0.044060
561,0.044370
562,0.044061
563,0.044684
564,0.043631
565,0.038665
566,0.044721
567,0.045300
568,0.047239
569,0.048459
570,0.047655
571,0.049135
572,0.048698
573,0.048375
574,0.048844
575,0.047996
576,0.048223
577,0.049163
578,0.047349
579,0.048250
580,0.044311
581,0.028967
582,0.071040
583,0.044330
584,0.028720
585,0.040258
586,0.044200
587,0.045163
588,0.046163
589,0.044376
590,0.081548
591,0.048981
592,0.048187
593,0.045094
594,0.048202
595,0.048061
596,0.048212
597,0.063376
598,0.045577
599,0.045974
600,0.185055
601,0.046023
602,0.185103
603,0.196216
604,0.225947
605,0.232503
606,0.137849
607,0.184633
608,0.181541
609,0.226147
610,0.137340
611,0.137145
612,0.182994
613,0.046141
614,0.182099
615,0.045823
616,0.136796
617,0.137189
618,0.045367
619,0.091216
620,0.045187
621,0.091183
622,0.131380
623,0.130699
624,0.044052
625,0.089811
626,0.089020
627,0.088764
628,0.090485
629,0.088701
630,0.091989
631,0.048553
632,0.096577
633,0.096020
634,0.096452
635,0.096672
636,0.094239
637,0.093190
638,0.047945
639,0.097564
640,0.096598
641,0.097221
642,0.048493
643,0.094302
644,0.098560
645,0.095702
646,0.097094
647,0.093535
648,0.144943
649,0.048140
650,0.193156
651,0.049503
652,0.195079
653,0.191883
654,0.095067
655,0.048597
656,0.044381
657,0.045460
658,0.046300
659,0.048467
660,0.047945
661,0.047296
662,0.047136
663,0.046229
664,0.047266
665,0.047344
666,0.046899
667,0.047999
668,0.046874
669,0.049378
670,0.046159
671,0.047530
672,0.048413
673,0.047778
674,0.047145
675,0.048471
676,0.047954
677,0.045466
678,0.088955
679,0.044287
680,0.089342
681,0.088721
682,0.044216
683,0.044710
684,0.043940
685,0.044491
686,0.044784
687,0.087344
688,0.043904
689,0.043770
690,0.044048
691,0.088418
692,0.044183
693,0.044398
694,0.129681
695,0.086896
696,0.044506
697,0.133885
698,0.089011
699,0.089348
700,0.088775
701,0.091065
702,0.089541
703,0.047809
704,0.044524
705,0.045060
706,0.047092
707,0.047613
708,0.047018
709,0.093631
710,0.049037
711,0.095788
712,0.096285
713,0.048288
714,0.048396
715,0.048377
716,0.048753
717,0.046457
718,0.048494
719,0.047982
720,0.048140
721,0.048911
722,0.049307
723,0.047261
724,0.093086
725,0.048112
726,0.094454
727,0.092449
728,0.093353
729,0.046808
730,0.142922
731,0.143609
732,0.144739
733,0.143264
734,0.190701
735,0.143259
736,0.142333
737,0.144487
738,0.143128
739,0.145511
740,0.141948
741,0.242693
742,0.144208
743,0.095584
744,0.098328
745,0.047927
746,0.048723
747,0.049350
748,0.047792
749,0.047288
750,0.044656
751,0.044719
752,0.044141
753,0.036527
754,0.044765
755,0.088616
756,0.043608
757,0.045243
758,0.090313
759,0.090046
760,0.090815
761,0.045829
762,0.047991
763,0.048287
764,0.096381
765,0.045641
766,0.046353
767,0.097968
768,0.047761
769,0.096233
770,0.044433
771,0.097045
772,0.047583
773,0.048510
774,0.048413
775,0.048067
776,0.047111
777,0.047883
778,0.047459
779,0.048465
780,0.047790
781,0.047850
782,0.047221
783,0.046760
784,0.047874
785,0.049146
786,0.047919
787,0.047426
788,0.192936
789,0.191755
790,0.144413
791,0.141564
792,0.143383
793,0.142392
794,0.194545
795,0.192880
796,0.193642
797,0.145012
798,0.145278
799,0.137245
800,0.144342
801,0.144769
802,0.146071
803,0.145289
804,0.146837
805,0.044281
806,0.141928
807,0.049046
808,0.044518
809,0.096806
810,0.098118
811,0.048650
812,0.047107
813,0.045884
814,0.047846
815,0.046196
816,0.048977
817,0.047027
818,0.049144
819,0.049001
820,0.047640
821,0.048569
822,0.047482
823,0.047641
824,0.048861
825,0.048303
826,0.049183
827,0.047019
828,0.047961
829,0.048236
830,0.045522
831,0.045101
832,0.045131
833,0.044636
834,0.044276
835,0.044373
836,0.044774
837,0.047965
838,0.048957
839,0.047595
840,0.049420
841,0.048856
842,0.049299
843,0.048841
844,0.048399
845,0.047697
846,0.047882
847,0.048879
848,0.048984
849,0.047553
850,0.049012
851,0.048106
852,0.049233
853,0.048717
854,0.048961
855,0.047809
856,0.047755
857,0.048923
858,0.045915
859,0.048878
860,0.047701
861,0.048366
862,0.047058
863,0.049044
864,0.048206
865,0.047713
866,0.049368
867,0.048183
868,0.048572
869,0.049266
870,0.048591
871,0.047684
872,0.048430
873,0.048528
874,0.047146
875,0.048405
876,0.097106
877,0.049469
878,0.047051
879,0.092046
880,0.142275
881,0.048753
882,0.144389
883,0.192194
884,0.047445
885,0.047209
886,0.093483
887,0.044793
888,0.045158
889,0.044666
890,0.044567
891,0.044907
892,0.088975
893,0.089008
894,0.044440
895,0.044668
896,0.044101
897,0.045175
898,0.044506
899,0.044250
900,0.044260
901,0.044396
902,0.088412
903,0.046049
904,0.044605
905,0.044988
906,0.045573
907,0.089299
908,0.091662
909,0.045624
910,0.047164
911,0.046639
912,0.046308
913,0.048299
914,0.047810
915,0.047924
916,0.046628
917,0.048864
918,0.044755
919,0.047593
920,0.047692
921,0.049447
922,0.047567
923,0.047860
924,0.048685
925,0.044601
926,0.045015
927,0.044284
928,0.044548
929,0.044876
930,0.044009
931,0.044743
932,0.044444
933,0.043757
934,0.044404
935,0.044697
936,0.044562
937,0.044430
938,0.044450
939,0.044732
940,0.043986
941,0.043912
942,0.043543
943,0.046217
944,0.045300
945,0.044316
946,0.044392
947,0.045515
948,0.044961
949,0.045083
950,0.046884
951,0.045018
952,0.045508
953,0.046974
954,0.047868
955,0.048152
956,0.044920
957,0.048260
958,0.047005
959,0.047419
960,0.048492
961,0.045030
962,0.044795
963,0.044365
964,0.044299
965,0.044536
966,0.043968
967,0.044826
968,0.044046
969,0.044677
970,0.045161
971,0.044418
972,0.044559
973,0.044412
974,0.044582
975,0.044511
976,0.044845
977,0.043112
978,0.043816
979,0.044340
980,0.046547
981,0.044242
982,0.045664
983,0.045410
984,0.045846
985,0.045569
986,0.080510
987,0.044595
988,0.044362
989,0.044375
990,0.044664
991,0.044401
992,0.043950
993,0.045424
994,0.044442
995,0.045134
996,0.044970
997,0.044744
998,0.088581
999,0.089486
1000,0.131519
1001,0.133302
1002,0.134024
1003,0.134562
1004,0.133948
1005,0.135946
1006,0.140643
1007,0.143951
1008,0.098582
1009,0.047342
1010,0.091676
1011,0.045087
1012,0.044403
1013,0.088738
1014,0.044121
1015,0.045274
1016,0.045365
1017,0.044834
1018,0.044474
1019,0.044642
1020,0.043868
1021,0.044305
1022,0.043966
1023,0.044307
1024,0.045109
1025,0.044766
1026,0.044544
1027,0.046847
1028,0.044414
1029,0.044461
1030,0.045565
1031,0.045863
1032,0.046186
1033,0.045327
1034,0.044744
1035,0.048233
1036,0.044596
1037,0.045849
1038,0.044701
1039,0.045257
1040,0.044012
1041,0.044187
1042,0.044271
1043,0.044385
1044,0.045220
1045,0.045187
1046,0.044444
1047,0.044637
1048,0.044571
1049,0.043082
1050,0.044421
1051,0.044927
1052,0.043702
1053,0.044281
1054,0.044025
1055,0.043103
1056,0.045589
1057,0.046101
1058,0.044032
1059,0.044859
1060,0.044291
1061,0.044105
1062,0.045121
1063,0.045747
1064,0.045234
1065,0.046747
1066,0.044691
1067,0.045297
1068,0.044472
1069,0.045305
1070,0.045786
1071,0.095753
1072,0.049558
1073,0.047605
1074,0.048272
1075,0.049722
1076,0.047553
1077,0.045039
1078,0.047020
1079,0.046563
1080,0.047603
1081,0.049159
1082,0.095480
1083,0.048432
1084,0.047061
1085,0.046018
1086,0.049233
1087,0.096132
1088,0.044560
1089,0.045108
1090,0.044725
1091,0.044999
1092,0.044534
1093,0.089014
1094,0.045054
1095,0.044126
1096,0.094968
1097,0.048337
1098,0.194238
1099,0.049249
1100,0.192226
1101,0.049076
1102,0.145243
1103,0.047830
1104,0.046037
1105,0.049151
1106,0.049019
1107,0.048709
1108,0.049563
1109,0.048849
1110,0.049538
1111,0.048892
1112,0.048642
1113,0.048166
1114,0.048354
1115,0.049467
1116,0.145899
1117,0.145715
1118,0.048882
1119,0.145149
1120,0.145731
1121,0.144159
1122,0.143416
1123,0.096454
1124,0.094757
1125,0.097088
1126,0.047571
1127,0.048266
1128,0.044562
1129,0.047687
1130,0.048343
1131,0.047974
1132,0.049256
1133,0.044978
1134,0.044932
1135,0.044351
1136,0.044500
1137,0.044522
1138,0.044667
1139,0.044844
1140,0.045303
1141,0.044856
1142,0.044762
1143,0.045037
1144,0.044061
1145,0.043802
1146,0.043179
1147,0.043762
1148,0.087206
1149,0.047068
1150,0.044560
1151,0.045928
1152,0.046050
1153,0.045040
1154,0.091806
1155,0.044815
1156,0.048018
1157,0.044637
1158,0.045501
1159,0.048980
1160,0.046948
1161,0.049231
1162,0.047477
1163,0.047329
1164,0.048552
1165,0.095288
1166,0.049294
1167,0.046473
1168,0.046924
1169,0.092745
1170,0.045687
1171,0.044927
1172,0.089768
1173,0.044429
1174,0.045011
1175,0.044904
1176,0.044881
1177,0.044832
1178,0.044614
1179,0.088222
1180,0.044964
1181,0.044139
1182,0.087256
1183,0.044518
1184,0.044832
1185,0.046033
1186,0.088698
1187,0.044566
1188,0.090623
1189,0.044858
1190,0.045993
1191,0.045730
1192,0.044824
1193,0.047411
1194,0.048558
1195,0.047281
1196,0.096883
1197,0.049244
1198,0.047151
1199,0.048534
1200,0.045265
1201,0.044924
1202,0.044100
1203,0.045180
1204,0.044561
1205,0.044815
1206,0.045449
1207,0.044676
1208,0.044394
1209,0.043862
1210,0.044358
1211,0.044787
1212,0.044274
1213,0.044251
1214,0.044749
1215,0.046172
1216,0.045111
1217,0.044875
1218,0.045328
1219,0.045177
1220,0.045451
1221,0.045532
1222,0.045947
1223,0.045564
1224,0.048010
1225,0.044940
1226,0.044515
1227,0.045301
1228,0.044832
1229,0.045123
1230,0.045806
1231,0.045017
1232,0.043951
1233,0.044978
1234,0.044392
1235,0.043912
1236,0.044283
1237,0.048101
1238,0.043976
1239,0.044853
1240,0.044669
1241,0.046515
1242,0.046482
1243,0.045713
1244,0.045410
1245,0.044872
1246,0.044258
1247,0.045067
1248,0.044657
1249,0.045195
1250,0.045089
1251,0.044236
1252,0.045455
1253,0.044549
1254,0.045512
1255,0.044908
1256,0.043825
1257,0.044924
1258,0.046506
1259,0.044956
1260,0.044492
1261,0.044988
1262,0.045291
1263,0.045164
1264,0.046756
1265,0.045104
1266,0.048608
1267,0.048599
1268,0.044386
1269,0.044896
1270,0.044689
1271,0.044911
1272,0.044900
1273,0.045450
1274,0.045665
1275,0.043989
1276,0.045179
1277,0.044312
1278,0.044242
1279,0.044161
1280,0.044317
1281,0.044589
1282,0.043643
1283,0.044361
1284,0.044867
1285,0.046153
1286,0.045040
1287,0.044317
1288,0.045340
1289,0.045739
1290,0.044660
1291,0.046053
1292,0.045786
1293,0.049008
1294,0.044429
1295,0.048481
1296,0.048942
1297,0.044443
1298,0.046496
1299,0.047481
1300,0.049370
1301,0.046682
1302,0.049757
1303,0.047873
1304,0.048599
1305,0.049132
1306,0.044754
1307,0.044945
1308,0.044494
1309,0.045137
1310,0.044404
1311,0.045032
1312,0.044750
1313,0.044762
1314,0.044719
1315,0.044123
1316,0.047340
1317,0.047863
1318,0.047100
1319,0.045170
1320,0.045924
1321,0.046333
1322,0.046320
1323,0.045718
1324,0.045858
1325,0.048288
1326,0.094683
1327,0.046059
1328,0.046432
1329,0.045099
1330,0.045056
1331,0.044535
1332,0.045082
1333,0.045275
1334,0.045315
1335,0.044746
1336,0.045094
1337,0.044895
1338,0.043547
1339,0.043923
1340,0.043460
1341,0.047466
1342,0.044176
1343,0.044522
1344,0.045934
1345,0.045779
1346,0.047064
1347,0.092323
1348,0.044915
1349,0.045172
1350,0.045072
1351,0.044602
1352,0.044704
1353,0.044392
1354,0.044659
1355,0.044763
1356,0.087694
1357,0.048038
1358,0.044102
1359,0.045991
1360,0.045797
1361,0.045525
1362,0.046867
1363,0.092953
1364,0.095713
1365,0.048074
1366,0.047184
1367,0.044493
1368,0.045163
1369,0.045240
1370,0.044759
1371,0.044972
1372,0.089363
1373,0.044588
1374,0.088220
1375,0.086999
1376,0.043226
1377,0.045067
1378,0.135367
1379,0.135210
1380,0.141097
1381,0.094896
1382,0.048967
1383,0.133402
1384,0.178008
1385,0.090055
1386,0.129312
1387,0.136124
1388,0.144604
1389,0.144830
1390,0.144630
1391,0.145438
1392,0.171276
1393,0.134121
1394,0.132589
1395,0.125879
1396,0.131636
1397,0.131781
1398,0.132473
1399,0.131069
1400,0.131255
1401,0.138164
1402,0.169814
1403,0.132034
1404,0.087467
1405,0.088730
1406,0.135729
1407,0.092663
1408,0.089673
1409,0.089219
1410,0.091641
1411,0.089621
1412,0.095906
1413,0.048903
1414,0.096776
1415,0.047800
1416,0.044730
1417,0.044848
1418,0.088578
1419,0.075141
1420,0.043179
1421,0.052599
1422,0.046969
1423,0.050066
1424,0.045916
1425,0.046064
1426,0.047628
1427,0.045772
1428,0.046577
1429,0.045891
1430,0.045856
1431,0.045470
1432,0.047337
1433,0.047886
1434,0.046328
1435,0.045706
1436,0.046228
1437,0.046385
1438,0.045975
1439,0.047077
1440,0.046255
1441,0.046915
1442,0.047370
1443,0.047749
1444,0.046921
1445,0.047221
1446,0.048826
1447,0.051346
1448,0.051343
1449,0.051008
1450,0.050918
1451,0.050038
1452,0.051181
1453,0.050099
1454,0.051934
1455,0.050451
1456,0.051430
1457,0.099098
1458,0.100029
1459,0.101462
1460,0.153228
1461,0.100327
1462,0.141580
1463,0.140875
1464,0.145429
1465,0.099764
1466,0.100103
1467,0.049776
1468,0.052706
1469,0.052246
1470,0.046459
1471,0.046776
1472,0.046449
1473,0.049391
1474,0.046164
1475,0.046950
1476,0.046467
1477,0.046341
1478,0.046050
1479,0.046413
1480,0.046590
1481,0.046316
1482,0.046426
1483,0.046649
1484,0.046394
1485,0.045687
1486,0.045472
1487,0.047149
1488,0.045334
1489,0.045454
1490,0.045834
1491,0.045721
1492,0.048596
1493,0.046268
1494,0.046248
1495,0.045999
1496,0.047011
1497,0.046946
1498,0.046752
1499,0.047664
1500,0.047771
1501,0.047345
1502,0.047380
1503,0.052175
1504,0.048690
1505,0.050308
1506,0.051836
1507,0.051572
1508,0.050764
1509,0.050639
1510,0.050423
1511,0.050431
1512,0.052402
1513,0.049629
1514,0.050074
1515,0.051122
1516,0.045855
1517,0.047867
1518,0.050556
1519,0.051626
1520,0.050256
1521,0.051952
1522,0.050631
1523,0.051192
1524,0.052202
1525,0.051885
1526,0.051841
1527,0.052709
1528,0.051957
1529,0.051124
1530,0.051471
1531,0.051697
1532,0.051451
1533,0.051908
1534,0.050689
1535,0.052118
1536,0.051272
1537,0.050306
1538,0.052650
1539,0.052018
1540,0.052636
1541,0.052480
1542,0.050726
1543,0.053183
1544,0.051135
1545,0.051429
1546,0.052284
1547,0.051810
1548,0.052036
1549,0.051517
1550,0.051345
1551,0.051625
1552,0.050435
1553,0.052486
1554,0.051465
1555,0.051760
1556,0.051510
1557,0.052434
1558,0.050257
1559,0.052015
1560,0.049693
1561,0.051496
1562,0.051032
1563,0.052064
1564,0.052338
1565,0.051210
1566,0.050336
1567,0.047054
1568,0.046687
1569,0.049255
1570,0.050286
1571,0.049398
1572,0.050537
1573,0.050197
1574,0.051913
1575,0.050446
1576,0.050500
1577,0.050971
1578,0.050893
1579,0.049314
1580,0.051410
1581,0.047318
1582,0.049957
1583,0.052482
1584,0.046859
1585,0.046768
1586,0.046112
1587,0.046304
1588,0.046145
1589,0.046405
1590,0.046236
1591,0.046107
1592,0.046930
1593,0.046348
1594,0.046893
1595,0.045641
1596,0.045651
1597,0.092548
1598,0.046079
1599,0.045378
1600,0.091892
1601,0.046300
1602,0.047615
1603,0.046087
1604,0.046346
1605,0.047023
1606,0.107930
1607,0.046312
1608,0.091614
1609,0.091851
1610,0.045858
1611,0.044536
1612,0.091180
1613,0.044231
1614,0.089811
1615,0.090588
1616,0.141014
1617,0.092930
1618,0.093156
1619,0.047600
1620,0.141274
1621,0.148009
1622,0.154395
1623,0.153700
1624,0.153336
1625,0.150393
1626,0.155028
1627,0.100513
1628,0.098504
1629,0.102019
1630,0.149888
1631,0.101170
1632,0.100684
1633,0.152982
1634,0.148700
1635,0.152453
1636,0.046630
1637,0.046378
1638,0.046163
1639,0.046302
1640,0.045794
1641,0.046467
1642,0.046704
1643,0.046104
1644,0.046848
1645,0.046069
1646,0.045642
1647,0.045616
1648,0.045677
1649,0.045752
1650,0.045769
1651,0.046889
1652,0.046381
1653,0.046533
1654,0.044721
1655,0.045939
1656,0.045172
1657,0.046988
1658,0.047732
1659,0.045683
1660,0.045361
1661,0.046198
1662,0.045140
1663,0.047211
1664,0.046503
1665,0.046334
1666,0.047258
1667,0.047748
1668,0.046915
1669,0.047618
1670,0.051147
1671,0.052032
1672,0.048753
1673,0.051167
1674,0.048786
1675,0.051619
1676,0.052521
1677,0.051892
1678,0.051048
1679,0.050757
1680,0.051472
1681,0.051472
1682,0.050900
1683,0.051601
1684,0.052293
1685,0.051996
1686,0.051160
1687,0.052252
1688,0.052236
1689,0.051647
1690,0.050796
1691,0.051953
1692,0.050903
1693,0.052549
1694,0.051275
1695,0.052097
1696,0.050779
1697,0.052077
1698,0.052176
1699,0.051275
1700,0.051777
1701,0.051800
1702,0.050632
1703,0.050655
1704,0.052191
1705,0.051686
1706,0.050780
1707,0.051713
1708,0.052695
1709,0.051593
1710,0.050888
1711,0.051149
1712,0.051438
1713,0.051817
1714,0.046276
1715,0.050378
1716,0.051504
1717,0.050808
1718,0.051324
1719,0.052756
1720,0.052291
1721,0.050419
1722,0.052642
1723,0.048790
1724,0.052238
1725,0.050595
1726,0.051862
1727,0.049259
1728,0.049766
1729,0.046205
1730,0.049169
1731,0.050076
1732,0.052397
1733,0.050589
1734,0.052034
1735,0.051980
1736,0.051580
1737,0.049881
1738,0.050247
1739,0.108675
1740,0.045261
1741,0.060270
1742,0.041406
1743,0.044083
1744,0.044428
1745,0.039547
1746,0.029211
1747,0.031938
1748,0.035869
1749,0.047352
1750,0.056675
1751,0.049715
1752,0.043789
1753,0.042304
1754,0.045430
1755,0.043899
1756,0.043996
1757,0.044052
1758,0.044988
1759,0.071978
1760,0.079254
1761,0.131926
1762,0.044762
1763,0.089236
1764,0.132657
1765,0.088810
1766,0.139888
1767,0.095636
1768,0.096331
1769,0.095775
1770,0.099214
1771,0.096105
1772,0.096277
1773,0.097018
1774,0.048888
1775,0.095729
1776,0.095291
1777,0.094958
1778,0.049137
1779,0.048496
1780,0.048674
1781,0.046425
1782,0.047078
1783,0.049495
# total_episodes=1783, avg_seconds=0.062921
