# episode_index, seconds
1,0.014301
2,0.004713
3,0.008539
4,0.001981
5,0.002113
6,0.008047
7,0.015437
8,0.011181
9,0.003629
10,0.002537
11,0.002637
12,0.001911
13,0.005742
14,0.001773
15,0.012541
16,0.002555
17,0.012795
18,0.005377
19,0.002103
20,0.008449
21,0.002475
22,0.010479
23,0.002022
24,0.003831
25,0.002373
26,0.004406
27,0.002511
28,0.010549
29,0.002335
30,0.002124
31,0.001981
32,0.002108
33,0.002289
34,0.010329
35,0.012044
36,0.003922
37,0.006225
38,0.015122
39,0.002091
40,0.001930
41,0.002303
42,0.012125
43,0.009086
44,0.001757
45,0.004735
46,0.101970
47,0.051327
48,0.141792
49,0.048197
50,0.047724
51,0.098649
52,0.046409
53,0.095879
54,0.046612
55,0.097434
56,0.046418
57,0.049508
58,0.047836
59,0.047788
60,0.049967
61,0.045907
62,0.049035
63,0.046696
64,0.047240
65,0.050503
66,0.047062
67,0.046212
68,0.048419
69,0.049173
70,0.095825
71,0.046916
72,0.047480
73,0.051012
74,0.047188
75,0.047027
76,0.050126
77,0.046780
78,0.047456
79,0.050376
80,0.047819
81,0.046413
82,0.049273
83,0.047236
84,0.050733
85,0.047744
86,0.045705
87,0.050509
88,0.047528
89,0.049285
90,0.054913
91,0.048861
92,0.048902
93,0.047977
94,0.050869
95,0.047459
96,0.047360
97,0.049192
98,0.047818
99,0.049301
100,0.049324
101,0.047601
102,0.047723
103,0.048483
104,0.048089
105,0.050898
106,0.048582
107,0.046844
108,0.095787
109,0.051727
110,0.048468
111,0.047164
112,0.241480
113,0.142271
114,0.096818
115,0.141844
116,0.145639
117,0.190927
118,0.192949
119,0.194761
120,0.047114
121,0.046347
122,0.096470
123,0.047322
124,0.097707
125,0.094875
126,0.099454
127,0.047576
128,0.094190
129,0.049328
130,0.098424
131,0.047437
132,0.047674
133,0.049200
134,0.046633
135,0.047545
136,0.098193
137,0.047331
138,0.047741
139,0.047796
140,0.049081
141,0.049203
142,0.047245
143,0.047688
144,0.048660
145,0.047735
146,0.048724
147,0.047555
148,0.047471
149,0.049381
150,0.047852
151,0.051045
152,0.048348
153,0.047341
154,0.048157
155,0.047511
156,0.047835
157,0.046325
158,0.050485
159,0.047461
160,0.047046
161,0.049347
162,0.047416
163,0.047009
164,0.050052
165,0.047113
166,0.047387
167,0.048577
168,0.047038
169,0.050665
170,0.047972
171,0.047278
172,0.047651
173,0.048532
174,0.046842
175,0.050940
176,0.033138
177,0.047037
178,0.047368
179,0.049955
180,0.047816
181,0.046910
182,0.049618
183,0.046805
184,0.047543
185,0.048540
186,0.049240
187,0.047121
188,0.046831
189,0.047328
190,0.048324
191,0.046732
192,0.051439
193,0.047659
194,0.047978
195,0.047299
196,0.047711
197,0.046513
198,0.046570
199,0.050736
200,0.047585
201,0.047954
202,0.045955
203,0.049699
204,0.047427
205,0.047208
206,0.048624
207,0.046607
208,0.048570
209,0.049516
210,0.047002
211,0.050614
212,0.047610
213,0.047306
214,0.047913
215,0.049082
216,0.047281
217,0.051351
218,0.047669
219,0.047151
220,0.048949
221,0.047634
222,0.051645
223,0.048075
224,0.046472
225,0.047987
226,0.048832
227,0.047417
228,0.051457
229,0.047576
230,0.047077
231,0.049648
232,0.047829
233,0.050745
234,0.047597
235,0.046798
236,0.047455
237,0.048199
238,0.047585
239,0.049672
240,0.049787
241,0.048278
242,0.047248
243,0.048548
244,0.047826
245,0.051000
246,0.047474
247,0.046032
248,0.048404
249,0.047841
250,0.048164
251,0.049916
252,0.046892
253,0.047383
254,0.049064
255,0.047029
256,0.046994
257,0.050653
258,0.046890
259,0.046600
260,0.050465
261,0.046696
262,0.050203
263,0.046908
264,0.045200
265,0.048824
266,0.047542
267,0.047503
268,0.050716
269,0.046758
270,0.045556
271,0.047860
272,0.048297
273,0.047727
274,0.050412
275,0.046531
276,0.047198
277,0.048887
278,0.046794
279,0.047552
280,0.051408
281,0.047499
282,0.047118
283,0.048317
284,0.048488
285,0.047478
286,0.050872
287,0.047857
288,0.047678
289,0.037448
290,0.037514
291,0.038562
292,0.034662
293,0.026991
294,0.027459
295,0.026949
296,0.026963
297,0.026715
298,0.026478
299,0.026540
300,0.026369
301,0.035607
302,0.037465
303,0.036250
304,0.037991
305,0.031319
306,0.028391
307,0.028264
308,0.028374
309,0.028967
310,0.028755
311,0.028150
312,0.028646
313,0.028548
314,0.028366
315,0.028556
316,0.028755
317,0.028416
318,0.028222
319,0.027985
320,0.037894
321,0.028365
322,0.028817
323,0.028240
324,0.028298
325,0.029329
326,0.031647
327,0.031507
328,0.034872
329,0.080763
330,0.047621
331,0.084093
332,0.038727
333,0.033555
334,0.046537
335,0.036661
336,0.035604
337,0.034867
338,0.060320
339,0.044779
340,0.043525
341,0.037321
342,0.043172
343,0.040295
344,0.040311
345,0.039231
346,0.037644
347,0.035103
348,0.034522
349,0.034523
350,0.034759
351,0.035284
352,0.046256
353,0.046963
354,0.046927
355,0.046610
356,0.045391
357,0.045399
358,0.045639
359,0.045892
360,0.045824
361,0.045449
362,0.045428
363,0.046997
364,0.046016
365,0.047084
366,0.045650
367,0.046056
368,0.040013
369,0.048138
370,0.045699
371,0.045833
372,0.044984
373,0.045739
374,0.045709
375,0.045732
376,0.044972
377,0.045597
378,0.045384
379,0.045216
380,0.045046
381,0.046238
382,0.045829
383,0.046523
384,0.046751
385,0.044852
386,0.046084
387,0.046039
388,0.045650
389,0.046898
390,0.046865
391,0.048727
392,0.045561
393,0.047864
394,0.047611
395,0.046478
396,0.047085
397,0.045603
398,0.045293
399,0.045440
400,0.045400
401,0.045571
402,0.045859
403,0.045704
404,0.045662
405,0.044847
406,0.045028
407,0.045337
408,0.044962
409,0.045349
410,0.046383
411,0.045863
412,0.046092
413,0.046982
414,0.045606
415,0.045681
416,0.044945
417,0.046024
418,0.046836
419,0.045544
420,0.046854
421,0.047254
422,0.048358
423,0.047970
424,0.045768
425,0.046061
426,0.045154
427,0.046009
428,0.045154
429,0.045842
430,0.044988
431,0.045300
432,0.044821
433,0.045944
434,0.044977
435,0.047980
436,0.044942
437,0.092012
438,0.045889
439,0.045957
440,0.047518
441,0.046642
442,0.045595
443,0.045387
444,0.045887
445,0.045279
446,0.045513
447,0.045540
448,0.061111
449,0.046525
450,0.047039
451,0.093053
452,0.136115
453,0.091354
454,0.135824
455,0.045180
456,0.046115
457,0.138131
458,0.183713
459,0.186025
460,0.163981
461,0.149866
462,0.185178
463,0.184505
464,0.185264
465,0.136164
466,0.091445
467,0.045543
468,0.090840
469,0.092903
470,0.045519
471,0.045024
472,0.046190
473,0.045879
474,0.045928
475,0.044797
476,0.046009
477,0.045535
478,0.046027
479,0.090545
480,0.046946
481,0.046604
482,0.092274
483,0.045078
484,0.046379
485,0.046671
486,0.045291
487,0.047438
488,0.047237
489,0.045755
490,0.045201
491,0.045561
492,0.046591
493,0.045264
494,0.046117
495,0.047080
496,0.046585
497,0.045451
498,0.045596
499,0.045514
500,0.045808
501,0.045201
502,0.045807
503,0.045055
504,0.090325
505,0.046709
506,0.046178
507,0.047265
508,0.045901
509,0.091453
510,0.092768
511,0.047352
512,0.094855
513,0.093920
514,0.045830
515,0.045264
516,0.046533
517,0.112965
518,0.047686
519,0.045590
520,0.094229
521,0.047396
522,0.045860
523,0.048018
524,0.096748
525,0.094359
526,0.048812
527,0.047107
528,0.047212
529,0.047788
530,0.048473
531,0.047688
532,0.049079
533,0.048270
534,0.045870
535,0.045619
536,0.047617
537,0.048927
538,0.044824
539,0.047363
540,0.047088
541,0.045967
542,0.044475
543,0.044300
544,0.096419
545,0.143552
546,0.048740
547,0.144795
548,0.073505
549,0.062901
550,0.055457
551,0.045365
552,0.048033
553,0.046051
554,0.049032
555,0.048200
556,0.048704
557,0.048663
558,0.048066
559,0.048359
560,0.045007
561,0.044504
562,0.044985
563,0.046797
564,0.048894
565,0.044734
566,0.047574
567,0.046141
568,0.095651
569,0.048302
570,0.049202
571,0.047354
572,0.047478
573,0.048191
574,0.048976
575,0.048362
576,0.048363
577,0.047242
578,0.047475
579,0.047688
580,0.047194
581,0.047675
582,0.047196
583,0.046134
584,0.094638
585,0.048279
586,0.046087
587,0.045707
588,0.046240
589,0.047501
590,0.046065
591,0.047945
592,0.047831
593,0.096831
594,0.049009
595,0.048413
596,0.047260
597,0.047568
598,0.047459
599,0.048335
600,0.046289
601,0.048293
602,0.049000
603,0.048501
604,0.045816
605,0.048076
606,0.048461
607,0.046183
608,0.046568
609,0.133243
610,0.051370
611,0.045607
612,0.045685
613,0.045389
614,0.045885
615,0.045460
616,0.047120
617,0.045628
618,0.046280
619,0.050549
620,0.045107
621,0.044469
622,0.044817
623,0.044873
624,0.133926
625,0.044061
626,0.045199
627,0.045357
628,0.045230
629,0.136234
630,0.045183
631,0.043599
632,0.049550
633,0.046042
634,0.051434
635,0.045691
636,0.046726
637,0.046925
638,0.048701
639,0.049391
640,0.047360
641,0.048452
642,0.049133
643,0.048153
644,0.047652
645,0.047695
646,0.047357
647,0.049784
648,0.046557
649,0.080704
650,0.047499
651,0.046927
652,0.050596
653,0.045860
654,0.045291
655,0.045023
656,0.045194
657,0.045130
658,0.045356
659,0.045991
660,0.045835
661,0.045504
662,0.045619
663,0.045090
664,0.045290
665,0.046545
666,0.045586
667,0.047349
668,0.074530
669,0.045677
670,0.048464
671,0.046405
672,0.044781
673,0.044503
674,0.047575
675,0.048304
676,0.049127
677,0.048295
678,0.048920
679,0.048251
680,0.048809
681,0.049105
682,0.144272
683,0.047643
684,0.048420
685,0.048700
686,0.048670
687,0.048056
688,0.049003
689,0.048468
690,0.048290
691,0.047297
692,0.048181
693,0.048587
694,0.048399
695,0.048537
696,0.047844
697,0.046618
698,0.194147
699,0.049756
700,0.047732
701,0.047867
702,0.048629
703,0.048124
704,0.048384
705,0.050186
706,0.142636
707,0.047754
708,0.046311
709,0.048810
710,0.192550
711,0.047913
712,0.049008
713,0.047934
714,0.044305
715,0.049499
716,0.047473
717,0.047546
718,0.049540
719,0.047260
720,0.048606
721,0.048931
722,0.047008
723,0.049003
724,0.047177
725,0.048886
726,0.047565
727,0.049309
728,0.048721
729,0.048126
730,0.047892
731,0.046528
732,0.048105
733,0.044095
734,0.047590
735,0.048542
736,0.049315
737,0.048495
738,0.048831
739,0.047857
740,0.049465
741,0.049065
742,0.047224
743,0.046539
744,0.049306
745,0.048471
746,0.049434
747,0.048408
748,0.048399
749,0.048658
750,0.047885
751,0.048604
752,0.047764
753,0.048035
754,0.049567
755,0.048710
756,0.047309
757,0.046116
758,0.034339
759,0.043198
760,0.044165
761,0.044095
762,0.045168
763,0.044266
764,0.044328
765,0.045057
766,0.044335
767,0.045068
768,0.044850
769,0.045454
770,0.045704
771,0.045095
772,0.048782
773,0.048814
774,0.047535
775,0.046617
776,0.048852
777,0.049701
778,0.048066
779,0.048330
780,0.048458
781,0.048900
782,0.047402
783,0.049461
784,0.047057
785,0.047722
786,0.048462
787,0.047973
788,0.048183
789,0.048494
790,0.096701
791,0.048915
792,0.096577
793,0.146041
794,0.048277
795,0.047913
796,0.047765
797,0.048185
798,0.096828
799,0.040848
800,0.037895
801,0.131327
802,0.174549
803,0.087664
804,0.043537
805,0.087255
806,0.043926
807,0.087451
808,0.043806
809,0.086459
810,0.043375
811,0.043215
812,0.042701
813,0.042619
814,0.043483
815,0.044890
816,0.044800
817,0.043158
818,0.043909
819,0.044485
820,0.043689
821,0.046193
822,0.032364
823,0.043807
824,0.043498
825,0.043966
826,0.044275
827,0.129623
828,0.043565
829,0.042905
830,0.042862
831,0.045489
832,0.045794
833,0.043890
834,0.044782
835,0.044528
836,0.045300
837,0.045375
838,0.046590
839,0.044435
840,0.044777
841,0.048217
842,0.046555
843,0.047917
844,0.047999
845,0.045845
846,0.048920
847,0.047939
848,0.048087
849,0.046626
850,0.044715
851,0.044598
852,0.044747
853,0.044990
854,0.044319
855,0.044566
856,0.086657
857,0.043944
858,0.043732
859,0.043601
860,0.044430
861,0.044391
862,0.087127
863,0.087451
864,0.086990
865,0.086512
866,0.043444
867,0.043601
868,0.130493
869,0.043120
870,0.044930
871,0.046194
872,0.043615
873,0.044577
874,0.043974
875,0.045297
876,0.046092
877,0.045149
878,0.045324
879,0.044809
880,0.047874
881,0.047557
882,0.048486
883,0.047476
884,0.048674
885,0.047548
886,0.049085
887,0.049048
888,0.047088
889,0.048090
890,0.047897
891,0.048620
892,0.048760
893,0.047192
894,0.048280
895,0.048065
896,0.046890
897,0.047727
898,0.047488
899,0.047480
900,0.048405
901,0.048128
902,0.048757
903,0.048686
904,0.048479
905,0.047584
906,0.048465
907,0.048263
908,0.048519
909,0.048342
910,0.049199
911,0.047840
912,0.046838
913,0.048301
914,0.048140
915,0.048463
916,0.048402
917,0.047759
918,0.048802
919,0.049107
920,0.048360
921,0.048185
922,0.047883
923,0.049504
924,0.047458
925,0.046671
926,0.048669
927,0.049226
928,0.049473
929,0.047098
930,0.047193
931,0.048753
932,0.048460
933,0.047873
934,0.047009
935,0.047852
936,0.046601
937,0.047968
938,0.048030
939,0.048177
940,0.047318
941,0.048183
942,0.047862
943,0.048312
944,0.048075
945,0.047449
946,0.047893
947,0.047520
948,0.047981
949,0.048223
950,0.047739
951,0.046640
952,0.047526
953,0.047686
954,0.047621
955,0.048425
956,0.048305
957,0.046547
958,0.048924
959,0.047419
960,0.048507
961,0.048000
962,0.047816
963,0.047009
964,0.047601
965,0.048139
966,0.047684
967,0.048738
968,0.047505
969,0.044286
970,0.047813
971,0.048233
972,0.048056
973,0.046655
974,0.046063
975,0.048289
976,0.046438
977,0.046784
978,0.039875
979,0.044363
980,0.043793
981,0.043732
982,0.130930
983,0.132795
984,0.131725
985,0.130799
986,0.133084
987,0.135000
988,0.044898
989,0.192044
990,0.143964
991,0.047185
992,0.048516
993,0.048358
994,0.047438
995,0.048580
996,0.048441
997,0.047828
998,0.048350
999,0.047319
1000,0.048984
1001,0.047908
1002,0.048351
1003,0.048541
1004,0.048292
1005,0.048497
1006,0.048269
1007,0.049022
1008,0.047688
1009,0.048319
1010,0.048638
1011,0.048163
1012,0.061980
1013,0.055851
1014,0.048568
1015,0.048903
1016,0.048029
1017,0.048303
1018,0.048027
1019,0.048273
1020,0.048479
1021,0.047096
1022,0.049083
1023,0.049350
1024,0.047357
1025,0.048530
1026,0.048539
1027,0.048249
1028,0.048107
1029,0.048522
1030,0.049199
1031,0.048711
1032,0.047416
1033,0.047782
1034,0.047874
1035,0.048734
1036,0.047257
1037,0.048047
1038,0.048652
1039,0.048247
1040,0.047022
1041,0.047951
1042,0.046339
1043,0.048531
1044,0.047178
1045,0.045719
1046,0.048365
1047,0.048026
1048,0.047265
1049,0.046862
1050,0.048471
1051,0.047743
1052,0.047340
1053,0.045513
1054,0.046687
1055,0.047107
1056,0.048928
1057,0.047383
1058,0.046337
1059,0.094179
1060,0.047848
1061,0.047946
1062,0.044531
1063,0.044373
1064,0.044605
1065,0.044777
1066,0.044430
1067,0.044519
1068,0.043526
1069,0.043948
1070,0.044685
1071,0.043803
1072,0.043157
1073,0.044070
1074,0.043658
1075,0.044273
1076,0.043925
1077,0.043931
1078,0.086704
1079,0.044571
1080,0.128458
1081,0.125839
1082,0.133946
1083,0.132627
1084,0.132881
1085,0.136049
1086,0.143356
1087,0.142853
1088,0.192733
1089,0.142717
1090,0.047284
1091,0.095586
1092,0.095773
1093,0.094634
1094,0.047940
1095,0.070174
1096,0.048007
1097,0.047763
1098,0.048678
1099,0.047989
1100,0.047895
1101,0.048802
1102,0.048357
1103,0.047826
1104,0.048461
1105,0.047751
1106,0.048448
1107,0.048929
1108,0.048627
1109,0.048611
1110,0.047961
1111,0.048159
1112,0.048798
1113,0.047187
1114,0.047659
1115,0.047502
1116,0.048798
1117,0.048242
1118,0.048406
1119,0.048361
1120,0.048294
1121,0.048130
1122,0.047958
1123,0.047230
1124,0.048418
1125,0.048297
1126,0.047675
1127,0.048454
1128,0.048833
1129,0.048613
1130,0.048865
1131,0.047551
1132,0.048340
1133,0.047813
1134,0.048026
1135,0.048742
1136,0.048400
1137,0.047925
1138,0.046844
1139,0.048043
1140,0.048293
1141,0.047932
1142,0.045482
1143,0.047661
1144,0.047629
1145,0.047200
1146,0.044292
1147,0.044661
1148,0.044200
1149,0.044344
1150,0.044448
1151,0.043866
1152,0.044394
1153,0.044004
1154,0.044086
1155,0.044247
1156,0.044505
1157,0.044136
1158,0.044459
1159,0.043510
1160,0.043560
1161,0.044225
1162,0.044041
1163,0.043533
1164,0.044255
1165,0.044329
1166,0.047076
1167,0.043669
1168,0.044325
1169,0.044131
1170,0.045334
1171,0.044196
1172,0.045579
1173,0.044965
1174,0.047697
1175,0.047156
1176,0.047550
1177,0.048156
1178,0.046951
1179,0.046796
1180,0.046401
1181,0.047925
1182,0.047796
1183,0.046816
1184,0.048270
1185,0.048239
1186,0.047626
1187,0.047452
1188,0.044479
1189,0.046075
1190,0.047306
1191,0.047785
1192,0.048876
1193,0.048625
1194,0.047875
1195,0.046701
1196,0.048229
1197,0.045027
1198,0.044331
1199,0.043905
1200,0.088399
1201,0.043955
1202,0.044749
1203,0.131424
1204,0.132077
1205,0.087699
1206,0.087956
1207,0.087734
1208,0.132383
1209,0.132280
1210,0.130410
1211,0.131221
1212,0.130345
1213,0.043761
1214,0.087004
1215,0.043390
1216,0.043968
1217,0.132047
1218,0.087548
1219,0.043952
1220,0.042292
1221,0.085766
1222,0.042839
1223,0.043487
1224,0.042824
1225,0.044219
1226,0.044405
1227,0.045591
1228,0.043776
1229,0.044941
1230,0.044361
1231,0.045762
1232,0.046336
1233,0.044847
1234,0.044086
1235,0.047552
1236,0.047109
1237,0.046911
1238,0.048538
1239,0.047049
1240,0.048177
1241,0.047961
1242,0.047909
1243,0.048275
1244,0.048523
1245,0.047744
1246,0.048088
1247,0.047704
1248,0.048680
1249,0.047431
1250,0.048849
1251,0.047565
1252,0.047363
1253,0.047973
1254,0.048760
1255,0.046314
1256,0.048930
1257,0.047414
1258,0.047890
1259,0.048377
1260,0.047095
1261,0.048447
1262,0.048799
1263,0.047895
1264,0.047077
1265,0.046805
1266,0.047895
1267,0.048154
1268,0.048279
1269,0.048347
1270,0.047768
1271,0.046847
1272,0.048281
1273,0.046964
1274,0.047796
1275,0.047518
1276,0.047875
1277,0.045894
1278,0.047178
1279,0.047657
1280,0.046718
1281,0.044140
1282,0.045980
1283,0.044209
1284,0.045172
1285,0.048144
1286,0.044966
1287,0.044827
1288,0.044808
1289,0.044810
1290,0.044541
1291,0.044557
1292,0.044369
1293,0.044299
1294,0.043805
1295,0.044347
1296,0.044107
1297,0.043511
1298,0.042690
1299,0.043274
1300,0.044102
1301,0.046567
1302,0.043646
1303,0.044273
1304,0.044444
1305,0.046071
1306,0.045058
1307,0.045217
1308,0.044622
1309,0.047936
1310,0.048019
1311,0.048751
1312,0.049109
1313,0.047657
1314,0.048393
1315,0.047918
1316,0.048395
1317,0.046721
1318,0.047845
1319,0.047759
1320,0.048112
1321,0.046980
1322,0.048072
1323,0.048237
1324,0.048362
1325,0.047151
1326,0.046799
1327,0.045063
1328,0.048171
1329,0.047316
1330,0.047685
1331,0.046251
1332,0.048075
1333,0.046307
1334,0.046158
1335,0.047970
1336,0.048281
1337,0.048705
1338,0.048125
1339,0.047335
1340,0.047237
1341,0.048678
1342,0.048043
1343,0.047118
1344,0.048108
1345,0.047851
1346,0.048759
1347,0.049460
1348,0.046963
1349,0.048593
1350,0.048316
1351,0.048880
1352,0.047881
1353,0.048058
1354,0.144128
1355,0.048692
1356,0.048049
1357,0.046929
1358,0.048255
1359,0.047839
1360,0.046954
1361,0.048251
1362,0.143606
1363,0.047858
1364,0.048456
1365,0.047464
1366,0.048572
1367,0.047963
1368,0.048863
1369,0.048380
1370,0.048044
1371,0.048204
1372,0.048834
1373,0.047706
1374,0.047833
1375,0.047978
1376,0.047958
1377,0.048810
1378,0.048248
1379,0.048689
1380,0.047312
1381,0.048402
1382,0.048380
1383,0.047991
1384,0.048165
1385,0.048119
1386,0.048575
1387,0.048845
1388,0.048317
1389,0.047669
1390,0.047598
1391,0.047812
1392,0.047730
1393,0.047323
1394,0.047654
1395,0.047856
1396,0.049098
1397,0.046624
1398,0.047046
1399,0.048068
1400,0.047998
1401,0.048274
1402,0.048341
1403,0.047789
1404,0.048390
1405,0.047490
1406,0.048521
1407,0.046235
1408,0.047468
1409,0.047934
1410,0.048506
1411,0.048265
1412,0.047457
1413,0.048091
1414,0.047662
1415,0.048542
1416,0.047671
1417,0.048309
1418,0.048649
1419,0.144061
1420,0.143529
1421,0.141684
1422,0.143928
1423,0.143309
1424,0.145871
1425,0.096235
1426,0.142944
1427,0.048529
1428,0.143870
1429,0.048737
1430,0.048612
1431,0.096041
1432,0.095831
1433,0.047655
1434,0.049000
1435,0.095493
1436,0.046229
1437,0.048270
1438,0.047649
1439,0.049078
1440,0.048600
1441,0.048422
1442,0.048891
1443,0.049249
1444,0.048362
1445,0.048921
1446,0.047732
1447,0.047893
1448,0.046635
1449,0.048108
1450,0.047328
1451,0.048880
1452,0.046539
1453,0.048090
1454,0.047673
1455,0.047748
1456,0.048499
1457,0.047379
1458,0.048303
1459,0.047230
1460,0.048190
1461,0.048457
1462,0.048734
1463,0.048597
1464,0.047761
1465,0.047807
1466,0.049097
1467,0.048690
1468,0.047970
1469,0.047575
1470,0.048636
1471,0.047242
1472,0.047731
1473,0.048078
1474,0.048319
1475,0.048314
1476,0.048487
1477,0.048920
1478,0.047966
1479,0.048457
1480,0.047080
1481,0.044388
1482,0.044115
1483,0.043920
1484,0.044204
1485,0.044646
1486,0.045209
1487,0.047742
1488,0.047768
1489,0.048759
1490,0.048864
1491,0.048501
1492,0.048060
1493,0.047864
1494,0.048742
1495,0.049231
1496,0.048523
1497,0.048054
1498,0.047754
1499,0.047814
1500,0.049036
1501,0.047593
1502,0.047275
1503,0.048075
1504,0.049081
1505,0.048908
1506,0.049165
1507,0.044533
1508,0.043659
1509,0.044501
1510,0.044476
1511,0.044256
1512,0.044282
1513,0.044364
1514,0.043913
1515,0.044615
1516,0.044200
1517,0.044613
1518,0.043716
1519,0.043979
1520,0.044418
1521,0.043722
1522,0.044623
1523,0.043035
1524,0.043626
1525,0.049897
1526,0.043541
1527,0.044767
1528,0.044414
1529,0.045219
1530,0.044711
1531,0.046875
1532,0.044317
1533,0.047748
1534,0.045630
1535,0.048308
1536,0.048123
1537,0.045664
1538,0.047510
1539,0.048700
1540,0.046920
1541,0.047080
1542,0.046896
1543,0.048303
1544,0.047829
1545,0.048909
1546,0.048525
1547,0.046350
1548,0.047618
1549,0.045039
1550,0.044900
1551,0.043834
1552,0.044082
1553,0.044263
1554,0.044281
1555,0.044799
1556,0.044527
1557,0.044130
1558,0.044756
1559,0.044195
1560,0.044280
1561,0.043931
1562,0.043319
1563,0.043545
1564,0.043835
1565,0.044035
1566,0.044228
1567,0.042800
1568,0.043583
1569,0.043917
1570,0.042834
1571,0.042604
1572,0.042424
1573,0.042646
1574,0.044263
1575,0.046436
1576,0.042571
1577,0.043608
1578,0.044229
1579,0.043734
1580,0.044525
1581,0.044791
1582,0.044228
1583,0.060455
1584,0.050296
1585,0.048659
1586,0.048676
1587,0.048467
1588,0.049677
1589,0.049868
1590,0.047972
1591,0.048424
1592,0.049658
1593,0.048897
1594,0.047786
1595,0.048754
1596,0.048945
1597,0.049569
1598,0.048078
1599,0.049133
1600,0.049675
1601,0.048104
1602,0.048430
1603,0.049758
1604,0.049177
1605,0.049214
1606,0.047668
1607,0.049353
1608,0.047712
1609,0.048533
1610,0.049478
1611,0.048607
1612,0.048504
1613,0.049161
1614,0.049249
1615,0.049526
1616,0.048272
1617,0.049015
1618,0.049393
1619,0.048040
1620,0.048208
1621,0.049827
1622,0.047985
1623,0.048995
1624,0.048832
1625,0.048409
1626,0.048748
1627,0.049301
1628,0.049002
1629,0.049196
1630,0.048680
1631,0.048076
1632,0.048699
1633,0.047830
1634,0.048927
1635,0.048243
1636,0.048597
1637,0.048980
1638,0.048777
1639,0.048904
1640,0.096156
1641,0.048480
1642,0.048387
1643,0.049295
1644,0.048549
1645,0.048734
1646,0.048383
1647,0.047689
1648,0.048816
1649,0.049499
1650,0.048982
1651,0.048835
1652,0.048040
1653,0.048611
1654,0.049238
1655,0.049173
1656,0.049246
1657,0.048475
1658,0.048437
1659,0.049246
1660,0.048181
1661,0.049201
1662,0.048861
1663,0.048329
1664,0.048498
1665,0.048892
1666,0.047818
1667,0.050016
1668,0.049522
1669,0.048899
1670,0.048191
1671,0.049279
1672,0.049336
1673,0.049068
1674,0.047337
1675,0.048566
1676,0.047750
1677,0.049105
1678,0.048941
1679,0.047982
1680,0.049099
1681,0.049765
1682,0.049070
1683,0.048351
1684,0.048676
1685,0.046770
1686,0.045113
1687,0.044138
1688,0.044677
1689,0.044939
1690,0.043700
1691,0.044630
1692,0.044835
1693,0.044466
1694,0.044634
1695,0.045003
1696,0.044011
1697,0.044364
1698,0.043911
1699,0.044647
1700,0.043639
1701,0.044018
1702,0.043306
1703,0.044277
1704,0.043684
1705,0.043668
1706,0.043848
1707,0.043292
1708,0.044266
1709,0.044065
1710,0.043229
1711,0.043745
1712,0.043620
1713,0.044201
1714,0.043985
1715,0.042900
1716,0.043056
1717,0.046648
1718,0.043891
1719,0.044039
1720,0.044042
1721,0.044267
1722,0.044469
1723,0.045527
1724,0.044361
1725,0.044277
1726,0.043504
1727,0.044340
1728,0.045348
1729,0.043657
1730,0.043931
1731,0.044594
1732,0.046368
1733,0.047616
1734,0.047461
1735,0.046175
1736,0.047673
1737,0.046015
1738,0.046350
1739,0.044375
1740,0.045499
1741,0.044482
1742,0.045203
1743,0.045919
1744,0.047935
1745,0.044273
1746,0.044544
1747,0.045408
1748,0.045257
1749,0.046636
1750,0.044719
1751,0.044379
1752,0.046842
1753,0.048404
1754,0.044690
1755,0.045395
1756,0.048373
1757,0.047805
1758,0.043945
1759,0.044445
1760,0.044408
1761,0.044014
1762,0.044730
1763,0.044157
1764,0.044223
1765,0.045603
1766,0.044305
1767,0.044347
1768,0.045171
1769,0.044730
1770,0.040164
1771,0.028652
1772,0.041609
1773,0.046269
1774,0.045021
1775,0.044473
1776,0.045666
1777,0.047016
1778,0.046228
1779,0.047830
1780,0.048438
1781,0.048424
1782,0.048976
1783,0.048758
1784,0.048993
1785,0.048400
1786,0.048384
1787,0.049039
1788,0.048413
1789,0.047821
1790,0.076595
1791,0.049255
1792,0.043838
1793,0.044186
1794,0.044183
1795,0.042232
1796,0.044764
1797,0.043973
1798,0.044105
1799,0.043776
1800,0.044473
1801,0.043854
1802,0.043667
1803,0.044357
1804,0.044101
1805,0.043507
1806,0.043882
1807,0.044779
1808,0.050642
1809,0.041650
1810,0.046469
1811,0.045129
1812,0.044183
1813,0.050267
1814,0.048572
1815,0.048146
1816,0.048159
1817,0.048230
1818,0.095930
1819,0.047586
1820,0.047589
1821,0.047542
1822,0.047982
1823,0.048778
1824,0.048675
1825,0.047918
1826,0.046425
1827,0.047586
1828,0.046416
1829,0.046954
1830,0.048856
1831,0.046668
1832,0.046534
1833,0.047728
1834,0.047740
1835,0.048129
1836,0.048333
1837,0.046403
1838,0.044688
1839,0.044168
1840,0.045503
1841,0.047840
1842,0.047841
1843,0.047891
1844,0.049068
1845,0.045461
1846,0.047605
1847,0.048604
1848,0.046724
1849,0.045337
1850,0.043716
1851,0.044525
1852,0.044076
1853,0.044114
1854,0.044407
1855,0.044440
1856,0.043811
1857,0.044865
1858,0.043931
1859,0.044549
1860,0.043519
1861,0.043901
1862,0.043442
1863,0.044194
1864,0.044193
1865,0.043670
1866,0.043780
1867,0.043845
1868,0.043333
1869,0.043778
1870,0.043422
1871,0.044012
1872,0.043494
1873,0.043134
1874,0.043854
1875,0.043519
1876,0.044047
1877,0.043250
1878,0.043038
1879,0.042793
1880,0.042379
1881,0.042368
1882,0.042858
1883,0.042727
1884,0.042209
1885,0.043599
1886,0.042976
1887,0.044606
1888,0.045099
1889,0.043517
1890,0.044143
1891,0.043858
1892,0.045270
1893,0.044882
1894,0.046674
1895,0.044376
1896,0.044133
1897,0.048306
1898,0.048178
1899,0.046892
1900,0.048427
1901,0.048715
1902,0.048815
1903,0.048950
1904,0.030636
1905,0.038407
1906,0.030692
1907,0.035313
1908,0.029511
1909,0.038373
1910,0.050585
1911,0.045917
1912,0.076255
1913,0.030652
1914,0.030816
1915,0.140947
1916,0.045479
1917,0.047800
1918,0.043828
1919,0.044531
1920,0.043317
1921,0.045163
1922,0.044959
1923,0.085298
1924,0.044637
1925,0.045634
1926,0.045393
1927,0.044806
1928,0.044349
1929,0.044934
1930,0.045095
1931,0.045319
1932,0.045529
1933,0.046170
1934,0.044898
1935,0.044627
1936,0.045476
1937,0.129824
1938,0.063060
1939,0.048795
1940,0.041596
1941,0.053497
1942,0.063192
1943,0.037620
1944,0.065111
1945,0.051688
1946,0.050697
1947,0.034228
1948,0.036403
1949,0.041584
1950,0.091399
1951,0.047602
1952,0.048414
1953,0.047687
1954,0.047969
1955,0.047344
1956,0.048820
1957,0.048324
1958,0.047483
1959,0.047942
1960,0.047868
1961,0.048568
1962,0.048432
1963,0.049305
1964,0.049137
1965,0.048433
1966,0.048200
1967,0.048362
1968,0.048498
1969,0.048754
1970,0.045945
1971,0.046911
1972,0.047905
1973,0.048811
1974,0.098633
1975,0.044670
1976,0.045086
1977,0.044593
1978,0.045127
1979,0.045158
1980,0.044813
1981,0.045019
1982,0.045226
1983,0.044922
1984,0.044462
1985,0.045072
1986,0.044630
1987,0.045905
1988,0.044891
1989,0.045646
1990,0.044754
1991,0.045619
1992,0.046866
1993,0.045441
1994,0.045803
1995,0.046143
1996,0.045945
1997,0.045279
1998,0.046248
1999,0.047027
2000,0.048559
2001,0.048354
2002,0.048165
2003,0.048773
2004,0.047830
2005,0.048178
2006,0.047299
2007,0.048450
2008,0.047261
2009,0.048225
2010,0.048155
2011,0.047546
2012,0.048524
2013,0.048090
2014,0.048080
2015,0.049043
2016,0.047258
2017,0.048245
2018,0.048080
2019,0.049165
2020,0.047876
2021,0.047234
2022,0.048208
2023,0.048579
2024,0.048143
2025,0.045191
2026,0.048266
2027,0.046539
2028,0.047314
2029,0.047672
2030,0.048732
2031,0.048453
2032,0.047639
2033,0.046360
2034,0.047446
2035,0.048023
2036,0.048548
2037,0.047667
2038,0.048758
2039,0.046369
2040,0.048243
2041,0.046792
2042,0.048343
2043,0.048734
2044,0.047964
2045,0.046998
2046,0.045521
2047,0.048977
2048,0.047149
2049,0.047993
2050,0.048344
2051,0.048570
2052,0.047478
2053,0.047732
2054,0.046760
2055,0.048400
2056,0.048757
2057,0.048226
2058,0.046894
2059,0.046718
2060,0.047925
2061,0.047565
2062,0.048701
2063,0.048119
2064,0.048188
2065,0.048158
2066,0.048766
2067,0.048419
2068,0.048501
2069,0.046391
2070,0.045052
2071,0.048250
2072,0.047835
2073,0.047877
2074,0.048272
2075,0.046290
2076,0.046990
2077,0.047533
2078,0.048720
2079,0.048885
2080,0.048146
2081,0.047863
2082,0.047874
2083,0.047717
2084,0.048594
2085,0.048067
2086,0.048881
2087,0.047901
2088,0.047671
2089,0.047975
2090,0.047754
2091,0.048217
2092,0.047548
2093,0.046834
2094,0.048103
2095,0.048630
2096,0.048317
2097,0.047860
2098,0.048958
2099,0.048617
2100,0.048401
2101,0.048522
2102,0.048622
2103,0.047232
2104,0.045841
2105,0.047837
2106,0.048353
2107,0.048295
2108,0.047821
2109,0.046606
2110,0.049046
2111,0.048620
2112,0.049017
2113,0.048580
2114,0.047341
2115,0.047635
2116,0.048252
2117,0.047683
2118,0.048645
2119,0.048683
2120,0.049153
2121,0.047536
2122,0.048213
2123,0.049028
2124,0.048289
2125,0.046924
2126,0.047379
2127,0.049162
2128,0.048648
2129,0.046303
2130,0.049258
2131,0.048674
2132,0.045455
2133,0.047091
2134,0.048552
2135,0.045965
2136,0.047799
2137,0.046510
2138,0.047866
2139,0.048042
2140,0.048115
2141,0.048299
2142,0.047417
2143,0.047989
2144,0.048377
2145,0.047525
2146,0.046843
2147,0.047997
2148,0.048085
2149,0.043721
2150,0.045520
2151,0.044602
2152,0.044798
2153,0.045623
2154,0.043927
2155,0.044677
2156,0.044796
2157,0.043789
2158,0.046676
2159,0.047178
2160,0.044977
2161,0.046183
2162,0.044455
2163,0.045333
2164,0.046802
2165,0.044967
2166,0.044993
2167,0.046803
2168,0.048160
2169,0.046913
2170,0.048063
2171,0.048986
2172,0.048398
2173,0.048845
2174,0.047514
2175,0.046178
2176,0.048803
2177,0.047998
2178,0.048209
2179,0.048865
2180,0.048908
2181,0.048189
2182,0.048671
2183,0.049287
2184,0.049067
2185,0.048791
2186,0.046233
2187,0.049130
2188,0.049538
2189,0.047307
2190,0.047625
2191,0.047668
2192,0.047875
2193,0.046436
2194,0.048973
2195,0.046740
2196,0.044854
2197,0.048392
2198,0.048385
2199,0.047861
2200,0.048506
2201,0.048052
2202,0.049425
2203,0.048230
2204,0.048032
2205,0.048331
2206,0.048339
2207,0.048724
2208,0.048739
2209,0.047577
2210,0.047926
2211,0.048291
2212,0.047912
2213,0.047658
2214,0.048203
2215,0.049230
2216,0.046469
2217,0.047251
2218,0.048880
2219,0.064629
2220,0.045229
2221,0.044959
2222,0.044037
2223,0.044602
# total_episodes=2223, avg_seconds=0.050525
