# episode_index, seconds
1,0.002843
2,0.006317
3,0.012556
4,0.013038
5,0.009680
6,0.003870
7,0.004124
8,0.013314
9,0.012847
10,0.013132
11,0.014445
12,0.014806
13,0.011051
14,0.010434
15,0.017413
16,0.007384
17,0.013100
18,0.011417
19,0.015105
20,0.011008
21,0.014620
22,0.011604
23,0.011018
24,0.238681
25,0.137197
26,0.135465
27,0.047641
28,0.093882
29,0.133954
30,0.138794
31,0.138159
32,0.143947
33,0.091100
34,0.046429
35,0.093045
36,0.092486
37,0.046605
38,0.049954
39,0.093723
40,0.100460
41,0.045374
42,0.045554
43,0.046925
44,0.046398
45,0.049432
46,0.091844
47,0.045532
48,0.047836
49,0.046604
50,0.046918
51,0.046131
52,0.046194
53,0.049899
54,0.094269
55,0.045787
56,0.046023
57,0.047475
58,0.047761
59,0.092181
60,0.049615
61,0.047524
62,0.046214
63,0.046155
64,0.045784
65,0.047115
66,0.047623
67,0.046030
68,0.046321
69,0.047502
70,0.095455
71,0.046865
72,0.044758
73,0.047316
74,0.093180
75,0.046357
76,0.046839
77,0.046437
78,0.050242
79,0.046893
80,0.046544
81,0.046023
82,0.045316
83,0.045249
84,0.138014
85,0.036859
86,0.072750
87,0.047277
88,0.036625
89,0.027776
90,0.028044
91,0.028309
92,0.028170
93,0.027340
94,0.027303
95,0.027374
96,0.033340
97,0.032867
98,0.027791
99,0.027814
100,0.027966
101,0.028205
102,0.027872
103,0.027863
104,0.055315
105,0.055360
106,0.027833
107,0.027752
108,0.027812
109,0.029352
110,0.030324
111,0.031727
112,0.044138
113,0.047572
114,0.039975
115,0.043440
116,0.033887
117,0.078157
118,0.037995
119,0.041038
120,0.040860
121,0.036721
122,0.046704
123,0.076834
124,0.031488
125,0.037903
126,0.034737
127,0.045187
128,0.037518
129,0.036197
130,0.030761
131,0.031623
132,0.030412
133,0.030238
134,0.030257
135,0.030172
136,0.030998
137,0.032561
138,0.046140
139,0.046089
140,0.045819
141,0.046806
142,0.046321
143,0.047382
144,0.038682
145,0.038012
146,0.036542
147,0.044567
148,0.046139
149,0.041525
150,0.032145
151,0.040464
152,0.034225
153,0.028745
154,0.031140
155,0.028927
156,0.028376
157,0.028931
158,0.028938
159,0.028508
160,0.028491
161,0.030508
162,0.028622
163,0.028381
164,0.031755
165,0.045557
166,0.043866
167,0.043277
168,0.043573
169,0.044205
170,0.043255
171,0.043618
172,0.043498
173,0.043371
174,0.044063
175,0.043727
176,0.043067
177,0.043926
178,0.043162
179,0.044100
180,0.044094
181,0.048658
182,0.044645
183,0.048438
184,0.048353
185,0.047585
186,0.048032
187,0.048132
188,0.048443
189,0.046848
190,0.049410
191,0.026828
192,0.043829
193,0.044227
194,0.046272
195,0.048867
196,0.048025
197,0.047503
198,0.048437
199,0.046723
200,0.047375
201,0.048302
202,0.047608
203,0.045814
204,0.045346
205,0.048440
206,0.047349
207,0.047959
208,0.049215
209,0.048010
210,0.048001
211,0.047580
212,0.096400
213,0.048358
214,0.047789
215,0.048581
216,0.047746
217,0.047184
218,0.048791
219,0.048463
220,0.048788
221,0.047010
222,0.048638
223,0.044116
224,0.046271
225,0.048419
226,0.046927
227,0.046780
228,0.049049
229,0.047669
230,0.049082
231,0.047618
232,0.046323
233,0.047789
234,0.047713
235,0.047738
236,0.047655
237,0.048427
238,0.047787
239,0.047386
240,0.033042
241,0.036884
242,0.044936
243,0.044041
244,0.044355
245,0.043762
246,0.045129
247,0.045431
248,0.043704
249,0.044703
250,0.048311
251,0.048242
252,0.049059
253,0.047637
254,0.047403
255,0.046414
256,0.048658
257,0.047505
258,0.047091
259,0.047585
260,0.046742
261,0.045563
262,0.047893
263,0.046209
264,0.045125
265,0.046462
266,0.049130
267,0.048261
268,0.048373
269,0.047844
270,0.048136
271,0.049197
272,0.047984
273,0.048253
274,0.049197
275,0.096890
276,0.045862
277,0.048110
278,0.097189
279,0.145262
280,0.048935
281,0.047614
282,0.093519
283,0.079951
284,0.136379
285,0.136466
286,0.184518
287,0.093319
288,0.093464
289,0.093598
290,0.095581
291,0.091913
292,0.092003
293,0.090590
294,0.093776
295,0.092782
296,0.093108
297,0.046222
298,0.046678
299,0.047315
300,0.045858
301,0.045242
302,0.048108
303,0.048358
304,0.047991
305,0.046885
306,0.046434
307,0.046245
308,0.045693
309,0.044906
310,0.047791
311,0.045954
312,0.047335
313,0.046550
314,0.048777
315,0.047888
316,0.045805
317,0.048208
318,0.046895
319,0.046971
320,0.045291
321,0.045514
322,0.040722
323,0.045837
324,0.045914
325,0.046295
326,0.046257
327,0.045581
328,0.092961
329,0.045556
330,0.047095
331,0.047856
332,0.048393
333,0.045395
334,0.045685
335,0.045604
336,0.045372
337,0.046084
338,0.045045
339,0.045532
340,0.045283
341,0.045986
342,0.045351
343,0.045921
344,0.045957
345,0.045711
346,0.045162
347,0.045226
348,0.046162
349,0.046057
350,0.080964
351,0.046613
352,0.046293
353,0.047789
354,0.046190
355,0.046872
356,0.047782
357,0.047734
358,0.047781
359,0.048881
360,0.047943
361,0.048350
362,0.047792
363,0.045346
364,0.045975
365,0.047835
366,0.048197
367,0.046093
368,0.045068
369,0.045174
370,0.049057
371,0.048021
372,0.046226
373,0.045927
374,0.046410
375,0.045645
376,0.047338
377,0.048141
378,0.048634
379,0.048946
380,0.046664
381,0.047052
382,0.048288
383,0.047159
384,0.047581
385,0.047261
386,0.049341
387,0.047170
388,0.049260
389,0.048309
390,0.047531
391,0.049082
392,0.047850
393,0.047196
394,0.047217
395,0.048326
396,0.046551
397,0.046546
398,0.046937
399,0.048808
400,0.048110
401,0.046634
402,0.049210
403,0.047769
404,0.045265
405,0.045372
406,0.045592
407,0.045184
408,0.045118
409,0.046213
410,0.045234
411,0.045710
412,0.045677
413,0.046489
414,0.055618
415,0.081701
416,0.044202
417,0.044601
418,0.043522
419,0.044433
420,0.043785
421,0.044021
422,0.044216
423,0.043997
424,0.045369
425,0.044387
426,0.045382
427,0.045351
428,0.043877
429,0.044792
430,0.044286
431,0.048469
432,0.047760
433,0.047671
434,0.047750
435,0.049298
436,0.048519
437,0.044371
438,0.044360
439,0.047511
440,0.048316
441,0.048147
442,0.048430
443,0.047261
444,0.047002
445,0.047756
446,0.049030
447,0.047778
448,0.048683
449,0.047786
450,0.048244
451,0.048370
452,0.047576
453,0.047082
454,0.048315
455,0.048198
456,0.049584
457,0.048268
458,0.096716
459,0.194751
460,0.240712
461,0.193115
462,0.193690
463,0.048597
464,0.193839
465,0.145176
466,0.047931
467,0.048721
468,0.094575
469,0.044958
470,0.143623
471,0.145837
472,0.094262
473,0.096180
474,0.097668
475,0.144919
476,0.144030
477,0.194037
478,0.143701
479,0.146089
480,0.096905
481,0.148663
482,0.130834
483,0.131633
484,0.130109
485,0.124590
486,0.127756
487,0.173673
488,0.174835
489,0.131546
490,0.139754
491,0.141523
492,0.140025
493,0.140922
494,0.138697
495,0.138196
496,0.088773
497,0.044701
498,0.088380
499,0.044168
500,0.044135
501,0.044980
502,0.044013
503,0.042444
504,0.043719
505,0.042795
506,0.043161
507,0.043561
508,0.044017
509,0.087380
510,0.043381
511,0.042641
512,0.043765
513,0.044126
514,0.043747
515,0.043588
516,0.043885
517,0.043887
518,0.044019
519,0.043793
520,0.043387
521,0.043470
522,0.043536
523,0.042917
524,0.042184
525,0.042349
526,0.040146
527,0.040735
528,0.042980
529,0.042922
530,0.042317
531,0.043446
532,0.043060
533,0.043474
534,0.043071
535,0.043546
536,0.043667
537,0.043191
538,0.043946
539,0.043782
540,0.043607
541,0.045255
542,0.049507
543,0.046306
544,0.048848
545,0.047529
546,0.049010
547,0.048900
548,0.048088
549,0.048627
550,0.048454
551,0.048095
552,0.048778
553,0.049046
554,0.048376
555,0.048605
556,0.048403
557,0.046843
558,0.048904
559,0.049030
560,0.048432
561,0.048632
562,0.048151
563,0.049388
564,0.046512
565,0.049318
566,0.048379
567,0.048112
568,0.048833
569,0.048793
570,0.048744
571,0.047343
572,0.047229
573,0.048156
574,0.048476
575,0.047015
576,0.048066
577,0.048788
578,0.049027
579,0.049133
580,0.048940
581,0.047732
582,0.047957
583,0.048988
584,0.048422
585,0.048526
586,0.047536
587,0.048426
588,0.048649
589,0.049216
590,0.048548
591,0.049574
592,0.048273
593,0.048604
594,0.049481
595,0.047472
596,0.095178
597,0.047849
598,0.048177
599,0.047066
600,0.048077
601,0.048940
602,0.049014
603,0.048326
604,0.046500
605,0.097702
606,0.049191
607,0.048312
608,0.048580
609,0.048519
610,0.048019
611,0.095841
612,0.048360
613,0.048395
614,0.135674
615,0.132236
616,0.132211
617,0.131270
618,0.044812
619,0.088109
620,0.043379
621,0.086839
622,0.086287
623,0.043403
624,0.043972
625,0.087225
626,0.086910
627,0.088294
628,0.087364
629,0.044014
630,0.043692
631,0.043448
632,0.060610
633,0.085961
634,0.043757
635,0.043866
636,0.043813
637,0.043941
638,0.044542
639,0.044299
640,0.044083
641,0.043907
642,0.043391
643,0.043659
644,0.043292
645,0.044081
646,0.043200
647,0.050596
648,0.040432
649,0.043105
650,0.042147
651,0.042125
652,0.043439
653,0.044013
654,0.043311
655,0.043087
656,0.042674
657,0.043409
658,0.086090
659,0.043649
660,0.043709
661,0.139024
662,0.095953
663,0.141967
664,0.096333
665,0.145688
666,0.140861
667,0.144046
668,0.144346
669,0.144991
670,0.143596
671,0.140733
672,0.191944
673,0.142072
674,0.095207
675,0.092116
676,0.088641
677,0.089084
678,0.044303
679,0.044505
680,0.044249
681,0.044556
682,0.044251
683,0.044155
684,0.044083
685,0.044461
686,0.043436
687,0.042949
688,0.044201
689,0.043874
690,0.043051
691,0.042507
692,0.043109
693,0.043586
694,0.043884
695,0.043265
696,0.043871
697,0.043656
698,0.043191
699,0.043648
700,0.043449
701,0.043722
702,0.043938
703,0.044041
704,0.043201
705,0.043859
706,0.044217
707,0.043309
708,0.043675
709,0.043896
710,0.043933
711,0.044096
712,0.043831
713,0.043664
714,0.044038
715,0.086074
716,0.082332
717,0.125510
718,0.172078
719,0.043285
720,0.185193
721,0.143832
722,0.187905
723,0.187121
724,0.143645
725,0.188876
726,0.188563
727,0.189781
728,0.141921
729,0.143134
730,0.143387
731,0.139005
732,0.092010
733,0.095407
734,0.095911
735,0.048298
736,0.096093
737,0.048489
738,0.047871
739,0.048774
740,0.049098
741,0.048128
742,0.046917
743,0.048938
744,0.048233
745,0.046806
746,0.047406
747,0.048724
748,0.048123
749,0.047696
750,0.048040
751,0.047939
752,0.048699
753,0.048522
754,0.047719
755,0.048657
756,0.047920
757,0.048183
758,0.049181
759,0.045519
760,0.047662
761,0.047877
762,0.048398
763,0.047492
764,0.048745
765,0.049334
766,0.047365
767,0.047184
768,0.048071
769,0.048189
770,0.048146
771,0.048431
772,0.048232
773,0.047199
774,0.047131
775,0.048977
776,0.048796
777,0.046726
778,0.048631
779,0.048403
780,0.047912
781,0.049328
782,0.048819
783,0.049182
784,0.048943
785,0.049379
786,0.048522
787,0.049012
788,0.048495
789,0.048538
790,0.048047
791,0.047453
792,0.045831
793,0.049141
794,0.049042
795,0.049231
796,0.048527
797,0.045460
798,0.045000
799,0.044583
800,0.047031
801,0.046838
802,0.046510
803,0.044891
804,0.044105
805,0.044822
806,0.044552
807,0.044019
808,0.043877
809,0.043585
810,0.042457
811,0.043690
812,0.042186
813,0.043846
814,0.043553
815,0.043534
816,0.086360
817,0.129230
818,0.124917
819,0.041675
820,0.041063
821,0.085468
822,0.086056
823,0.042944
824,0.043972
825,0.043137
826,0.043248
827,0.043547
828,0.044179
829,0.043625
830,0.043322
831,0.046037
832,0.048763
833,0.048829
834,0.047992
835,0.048623
836,0.047557
837,0.048476
838,0.048631
839,0.048245
840,0.048393
841,0.048360
842,0.048315
843,0.047604
844,0.048305
845,0.048910
846,0.048064
847,0.048781
848,0.048407
849,0.094779
850,0.047806
851,0.047658
852,0.096049
853,0.048385
854,0.143494
855,0.096086
856,0.094883
857,0.048438
858,0.047262
859,0.096246
860,0.096421
861,0.098400
862,0.138484
863,0.096032
864,0.048366
865,0.047216
866,0.094731
867,0.095821
868,0.048239
869,0.096792
870,0.095200
871,0.045883
872,0.047378
873,0.095087
874,0.048705
875,0.047307
876,0.048089
877,0.045991
878,0.045114
879,0.095341
880,0.072080
881,0.043970
882,0.086652
883,0.086331
884,0.130257
885,0.043454
886,0.087419
887,0.043736
888,0.043686
889,0.092566
890,0.096142
891,0.095357
892,0.047868
893,0.046783
894,0.092479
895,0.096540
896,0.048076
897,0.048478
898,0.047286
899,0.096918
900,0.096368
901,0.095539
902,0.096067
903,0.096309
904,0.096746
905,0.049560
906,0.048603
907,0.046349
908,0.049201
909,0.049180
910,0.048007
911,0.048574
912,0.049221
913,0.048145
914,0.140879
915,0.048829
916,0.048686
917,0.092768
918,0.047587
919,0.137613
920,0.095152
921,0.048423
922,0.090859
923,0.095437
924,0.096625
925,0.048571
926,0.048716
927,0.047959
928,0.047563
929,0.049217
930,0.048541
931,0.048071
932,0.048940
933,0.048236
934,0.046741
935,0.048944
936,0.047516
937,0.048138
938,0.047841
939,0.048948
940,0.044260
941,0.047883
942,0.044557
943,0.047672
944,0.047787
945,0.048044
946,0.048498
947,0.048820
948,0.049389
949,0.047362
950,0.048146
951,0.047806
952,0.048246
953,0.045780
954,0.048166
955,0.047894
956,0.048836
957,0.048359
958,0.048789
959,0.048158
960,0.048307
961,0.048356
962,0.048218
963,0.047508
964,0.048850
965,0.048793
966,0.048419
967,0.048429
968,0.047331
969,0.047622
970,0.048207
971,0.047305
972,0.096231
973,0.096126
974,0.096177
975,0.091629
976,0.046724
977,0.048232
978,0.095052
979,0.096848
980,0.192616
981,0.145201
982,0.180681
983,0.044043
984,0.131360
985,0.129149
986,0.128424
987,0.129318
988,0.130207
989,0.126019
990,0.124616
991,0.085771
992,0.086208
993,0.086044
994,0.086200
995,0.046514
996,0.048557
997,0.048887
998,0.048763
999,0.048437
1000,0.049234
1001,0.048112
1002,0.048439
1003,0.047835
1004,0.048742
1005,0.048790
1006,0.048410
1007,0.049030
1008,0.048611
1009,0.044651
1010,0.048467
1011,0.048991
1012,0.049281
1013,0.048721
1014,0.048215
1015,0.048490
1016,0.048081
1017,0.048624
1018,0.048417
1019,0.049350
1020,0.049033
1021,0.048819
1022,0.048806
1023,0.048896
1024,0.048065
1025,0.049245
1026,0.049046
1027,0.048392
1028,0.048348
1029,0.048607
1030,0.048766
1031,0.047907
1032,0.049262
1033,0.047737
1034,0.048166
1035,0.047589
1036,0.042308
1037,0.042770
1038,0.043363
1039,0.042888
1040,0.043782
1041,0.043943
1042,0.043259
1043,0.042428
1044,0.042901
1045,0.043858
1046,0.043721
1047,0.043385
1048,0.043694
1049,0.043906
1050,0.043671
1051,0.043850
1052,0.043600
1053,0.043850
1054,0.043474
1055,0.043689
1056,0.043750
1057,0.043743
1058,0.043801
1059,0.044163
1060,0.043280
1061,0.043622
1062,0.043901
1063,0.043954
1064,0.044029
1065,0.043858
1066,0.043712
1067,0.043645
1068,0.043640
1069,0.043604
1070,0.044019
1071,0.043827
1072,0.043621
1073,0.042915
1074,0.043847
1075,0.042826
1076,0.043368
1077,0.044203
1078,0.043904
1079,0.042403
1080,0.042995
1081,0.043016
1082,0.042933
1083,0.042703
1084,0.041420
1085,0.040210
1086,0.041073
1087,0.041987
1088,0.043486
1089,0.043279
1090,0.042957
1091,0.043220
1092,0.043481
1093,0.043896
1094,0.043657
1095,0.043412
1096,0.043237
1097,0.043827
1098,0.043037
1099,0.043560
1100,0.046322
1101,0.048762
1102,0.046244
1103,0.047577
1104,0.047355
1105,0.046645
1106,0.048091
1107,0.047635
1108,0.048292
1109,0.048277
1110,0.047750
1111,0.048323
1112,0.047856
1113,0.047991
1114,0.046996
1115,0.048607
1116,0.048857
1117,0.047961
1118,0.049107
1119,0.047907
1120,0.048465
1121,0.048483
1122,0.047526
1123,0.048909
1124,0.046710
1125,0.048942
1126,0.047127
1127,0.048734
1128,0.046831
1129,0.048397
1130,0.046829
1131,0.048597
1132,0.048419
1133,0.047510
1134,0.047909
1135,0.048277
1136,0.047652
1137,0.048250
1138,0.047959
1139,0.048601
1140,0.047301
1141,0.048260
1142,0.048205
1143,0.046467
1144,0.048132
1145,0.048463
1146,0.047588
1147,0.031708
1148,0.041770
1149,0.043624
1150,0.043116
1151,0.042681
1152,0.043552
1153,0.043348
1154,0.043499
1155,0.047781
1156,0.044767
1157,0.047008
1158,0.043691
1159,0.043634
1160,0.044689
1161,0.043682
1162,0.042597
1163,0.042895
1164,0.043273
1165,0.043093
1166,0.042587
1167,0.042918
1168,0.043389
1169,0.043952
1170,0.043730
1171,0.042856
1172,0.042491
1173,0.043195
1174,0.042596
1175,0.043165
1176,0.041888
1177,0.041856
1178,0.040494
1179,0.039925
1180,0.085409
1181,0.085181
1182,0.085891
1183,0.042706
1184,0.042761
1185,0.087679
1186,0.085077
1187,0.084830
1188,0.085706
1189,0.081799
1190,0.040364
1191,0.044320
1192,0.085521
1193,0.043085
1194,0.043254
1195,0.042668
1196,0.085839
1197,0.047514
1198,0.047549
1199,0.048086
1200,0.092973
1201,0.047745
1202,0.046231
1203,0.045696
1204,0.134531
1205,0.132437
1206,0.127897
1207,0.126723
1208,0.127114
1209,0.122467
1210,0.127924
1211,0.128556
1212,0.140457
1213,0.126211
1214,0.128840
1215,0.128132
1216,0.127550
1217,0.124732
1218,0.124355
1219,0.085413
1220,0.085309
1221,0.090923
1222,0.096401
1223,0.091630
1224,0.044919
1225,0.092876
1226,0.095169
1227,0.095846
1228,0.094562
1229,0.095238
1230,0.095964
1231,0.088100
1232,0.086510
1233,0.088056
1234,0.085975
1235,0.085775
1236,0.085823
1237,0.086919
1238,0.086009
1239,0.084594
1240,0.084668
1241,0.080287
1242,0.084643
1243,0.128223
1244,0.086604
1245,0.086310
1246,0.087149
1247,0.091057
1248,0.087621
1249,0.132167
1250,0.085422
1251,0.085912
1252,0.085898
1253,0.085891
1254,0.085449
1255,0.086667
1256,0.081310
1257,0.081405
1258,0.085145
1259,0.085477
1260,0.086164
1261,0.090180
1262,0.089048
1263,0.086911
1264,0.086087
1265,0.086464
1266,0.085665
1267,0.085368
1268,0.085478
1269,0.086471
1270,0.081640
1271,0.081479
1272,0.086781
1273,0.086294
1274,0.085647
1275,0.086407
1276,0.086662
1277,0.080839
1278,0.086627
1279,0.085109
1280,0.084142
1281,0.079777
1282,0.084031
1283,0.043900
1284,0.085794
1285,0.085789
1286,0.086307
1287,0.043949
1288,0.090933
1289,0.048631
1290,0.047177
1291,0.047368
1292,0.047727
1293,0.047382
1294,0.046270
1295,0.048648
1296,0.047973
1297,0.048158
1298,0.047391
1299,0.045310
1300,0.126153
1301,0.029316
1302,0.035942
1303,0.043761
1304,0.043582
1305,0.043588
1306,0.043302
1307,0.043363
1308,0.043170
1309,0.043368
1310,0.043564
1311,0.042927
1312,0.043138
1313,0.042902
1314,0.043572
1315,0.043460
1316,0.042977
1317,0.043291
1318,0.043420
1319,0.043594
1320,0.047412
1321,0.047404
1322,0.047623
1323,0.047383
1324,0.048888
1325,0.048089
1326,0.048153
1327,0.048709
1328,0.047147
1329,0.048521
1330,0.048445
1331,0.048131
1332,0.048272
1333,0.048184
1334,0.048912
1335,0.049054
1336,0.049018
1337,0.048220
1338,0.048739
1339,0.048072
1340,0.047852
1341,0.046800
1342,0.048494
1343,0.049322
1344,0.047622
1345,0.048867
1346,0.049119
1347,0.049359
1348,0.048119
1349,0.048796
1350,0.048515
1351,0.048643
1352,0.048808
1353,0.047904
1354,0.048406
1355,0.048528
1356,0.144250
1357,0.136762
1358,0.133330
1359,0.133269
1360,0.131927
1361,0.130759
1362,0.127093
1363,0.133451
1364,0.086313
1365,0.129075
1366,0.085237
1367,0.083705
1368,0.079748
1369,0.085786
1370,0.086022
1371,0.086355
1372,0.085602
1373,0.043232
1374,0.094910
1375,0.047851
1376,0.048459
1377,0.047105
1378,0.049159
1379,0.048892
1380,0.047913
1381,0.046968
1382,0.048370
1383,0.048687
1384,0.048106
1385,0.049156
1386,0.048438
1387,0.047848
1388,0.048166
1389,0.048034
1390,0.048237
1391,0.048173
1392,0.048194
1393,0.047236
1394,0.048804
1395,0.049050
1396,0.049044
1397,0.048439
1398,0.049439
1399,0.048745
1400,0.048499
1401,0.047844
1402,0.048623
1403,0.048374
1404,0.048462
1405,0.047381
1406,0.044417
1407,0.046302
1408,0.048575
1409,0.047628
1410,0.048428
1411,0.048908
1412,0.049346
1413,0.047704
1414,0.045799
1415,0.047873
1416,0.048862
1417,0.047848
1418,0.048905
1419,0.048464
1420,0.048726
1421,0.049073
1422,0.049415
1423,0.048349
1424,0.048469
1425,0.049301
1426,0.048629
1427,0.049097
1428,0.049014
1429,0.048474
1430,0.048305
1431,0.048016
1432,0.048588
1433,0.048489
1434,0.049018
1435,0.047678
1436,0.048052
1437,0.048123
1438,0.049389
1439,0.048775
1440,0.048857
1441,0.048242
1442,0.047299
1443,0.047795
1444,0.049088
1445,0.047301
1446,0.049288
1447,0.048532
1448,0.047731
1449,0.047907
1450,0.048226
1451,0.047916
1452,0.048363
1453,0.048337
1454,0.046255
1455,0.056166
1456,0.039576
1457,0.043657
1458,0.043393
1459,0.041846
1460,0.038465
1461,0.041509
1462,0.042490
1463,0.042084
1464,0.042903
1465,0.043618
1466,0.044972
1467,0.043944
1468,0.043854
1469,0.043197
1470,0.042173
1471,0.043718
1472,0.041581
1473,0.042954
1474,0.043444
1475,0.043633
1476,0.042639
1477,0.041576
1478,0.038458
1479,0.041919
1480,0.043389
1481,0.043502
1482,0.043236
1483,0.042449
1484,0.043543
1485,0.043177
1486,0.042868
1487,0.043154
1488,0.047244
1489,0.049176
1490,0.048330
1491,0.048910
1492,0.049018
1493,0.047947
1494,0.048510
1495,0.048212
1496,0.047536
1497,0.048870
1498,0.045645
1499,0.049035
1500,0.048614
1501,0.048193
1502,0.048053
1503,0.047352
1504,0.048845
1505,0.045819
1506,0.048711
1507,0.049078
1508,0.047830
1509,0.048358
1510,0.047634
1511,0.048466
1512,0.048490
1513,0.047613
1514,0.047249
1515,0.047896
1516,0.048761
1517,0.049102
1518,0.048263
1519,0.049523
1520,0.047665
1521,0.047320
1522,0.048009
1523,0.048438
1524,0.048489
1525,0.048451
1526,0.049167
1527,0.047747
1528,0.048251
1529,0.048675
1530,0.047819
1531,0.047923
1532,0.048440
1533,0.048188
1534,0.047357
1535,0.046731
1536,0.048807
1537,0.048407
1538,0.048589
1539,0.045715
1540,0.048739
1541,0.048076
1542,0.047660
1543,0.047454
1544,0.048030
1545,0.048460
1546,0.047482
1547,0.045054
1548,0.046552
1549,0.047712
1550,0.048491
1551,0.046859
1552,0.048360
1553,0.047473
1554,0.049121
1555,0.049117
1556,0.047880
1557,0.048567
1558,0.048268
1559,0.047649
1560,0.047263
1561,0.047205
1562,0.047995
1563,0.048634
1564,0.048467
1565,0.047209
1566,0.048915
1567,0.049244
1568,0.048509
1569,0.047663
1570,0.048418
1571,0.048284
1572,0.048184
1573,0.049482
1574,0.048986
1575,0.048213
1576,0.048754
1577,0.049737
1578,0.048401
1579,0.048852
1580,0.049305
1581,0.049463
1582,0.048366
1583,0.048671
1584,0.048167
1585,0.049798
1586,0.048839
1587,0.048193
1588,0.049152
1589,0.049192
1590,0.048031
1591,0.049154
1592,0.049686
1593,0.049485
1594,0.049397
1595,0.048064
1596,0.047684
1597,0.048477
1598,0.048843
1599,0.049012
1600,0.048550
1601,0.048726
1602,0.049263
1603,0.049469
1604,0.047517
1605,0.049139
1606,0.048640
1607,0.048682
1608,0.048956
1609,0.049013
1610,0.048711
1611,0.048779
1612,0.047604
1613,0.049264
1614,0.049198
1615,0.048917
1616,0.049092
1617,0.047422
1618,0.048868
1619,0.049458
1620,0.048172
1621,0.048304
1622,0.049964
1623,0.048999
1624,0.048553
1625,0.049044
1626,0.048813
1627,0.048631
1628,0.049334
1629,0.048730
1630,0.049417
1631,0.049357
1632,0.047253
1633,0.049153
1634,0.049808
1635,0.048794
1636,0.048949
1637,0.048240
1638,0.048256
1639,0.048556
1640,0.048745
1641,0.049676
1642,0.048527
1643,0.049065
1644,0.049090
1645,0.047328
1646,0.047748
1647,0.049566
1648,0.048654
1649,0.048806
1650,0.048785
1651,0.047093
1652,0.048824
1653,0.047604
1654,0.048679
1655,0.047655
1656,0.048282
1657,0.047470
1658,0.049980
1659,0.047769
1660,0.047515
1661,0.048076
1662,0.045951
1663,0.048048
1664,0.048310
1665,0.047293
1666,0.048827
1667,0.048079
1668,0.048064
1669,0.048106
1670,0.047814
1671,0.048634
1672,0.047631
1673,0.047904
1674,0.048413
1675,0.048754
1676,0.048116
1677,0.047868
1678,0.048357
1679,0.048106
1680,0.048173
1681,0.047981
1682,0.048172
1683,0.048548
1684,0.048468
1685,0.048272
1686,0.048501
1687,0.048763
1688,0.047465
1689,0.048857
1690,0.048484
1691,0.048931
1692,0.047037
1693,0.049105
1694,0.048913
1695,0.049184
1696,0.047474
1697,0.048736
1698,0.048217
1699,0.047851
1700,0.046257
1701,0.047009
1702,0.046290
1703,0.047807
1704,0.048221
1705,0.048688
1706,0.048823
1707,0.048655
1708,0.048517
1709,0.048738
1710,0.048926
1711,0.049385
1712,0.048822
1713,0.048272
1714,0.048562
1715,0.048648
1716,0.048152
1717,0.048484
1718,0.047602
1719,0.048261
1720,0.048911
1721,0.047887
1722,0.048456
1723,0.047067
1724,0.049105
1725,0.047862
1726,0.047843
1727,0.048759
1728,0.045027
1729,0.048534
1730,0.048581
1731,0.048608
1732,0.049214
1733,0.048946
1734,0.047643
1735,0.048697
1736,0.048212
1737,0.048062
1738,0.046818
1739,0.045541
1740,0.044817
1741,0.048500
1742,0.048525
1743,0.048394
1744,0.049382
1745,0.048994
1746,0.048623
1747,0.048095
1748,0.048668
1749,0.047787
1750,0.047706
1751,0.049001
1752,0.049065
1753,0.048824
1754,0.049041
1755,0.048160
1756,0.048525
1757,0.048002
1758,0.048552
1759,0.047797
1760,0.047780
1761,0.049525
1762,0.047017
1763,0.049419
1764,0.048014
1765,0.048951
1766,0.047505
1767,0.049047
1768,0.047445
1769,0.048711
1770,0.047829
1771,0.047873
1772,0.048902
1773,0.097074
1774,0.048592
1775,0.093818
1776,0.049284
1777,0.048409
1778,0.094672
1779,0.049316
1780,0.048992
1781,0.049066
1782,0.049309
1783,0.094080
1784,0.048790
1785,0.049172
1786,0.048628
1787,0.095083
1788,0.048815
1789,0.096116
1790,0.048316
1791,0.049405
1792,0.048444
1793,0.046888
1794,0.047443
1795,0.048371
1796,0.047481
1797,0.048454
1798,0.048457
1799,0.045059
1800,0.044079
1801,0.048744
1802,0.049138
1803,0.048349
1804,0.047101
1805,0.048895
1806,0.049338
1807,0.048305
1808,0.049204
1809,0.048256
1810,0.048001
1811,0.048582
1812,0.048603
1813,0.044415
1814,0.048252
1815,0.048835
1816,0.045642
1817,0.047819
1818,0.048408
1819,0.048334
1820,0.048563
1821,0.048540
1822,0.047321
1823,0.048195
1824,0.048977
1825,0.047980
1826,0.046955
1827,0.049025
1828,0.048661
1829,0.048503
1830,0.049246
1831,0.046394
1832,0.048026
1833,0.048817
1834,0.047537
1835,0.048047
1836,0.049244
1837,0.047657
1838,0.046319
1839,0.048601
1840,0.048479
1841,0.047802
1842,0.047228
1843,0.048172
1844,0.048131
1845,0.049141
1846,0.048299
1847,0.047287
1848,0.049490
1849,0.047743
1850,0.048392
1851,0.049838
1852,0.047453
1853,0.047345
1854,0.049056
1855,0.048510
1856,0.048577
1857,0.048829
1858,0.049636
1859,0.048633
1860,0.051909
1861,0.028779
1862,0.028139
1863,0.042557
1864,0.044617
1865,0.043573
1866,0.044379
1867,0.045982
1868,0.045463
1869,0.046379
1870,0.047939
1871,0.046451
1872,0.047087
1873,0.045310
1874,0.048711
1875,0.046034
1876,0.047478
1877,0.043695
1878,0.046674
1879,0.046234
1880,0.046451
1881,0.044945
1882,0.046245
1883,0.048260
1884,0.049086
1885,0.048134
1886,0.048131
1887,0.046955
1888,0.049026
1889,0.048504
1890,0.047269
1891,0.047546
1892,0.048638
1893,0.048970
1894,0.048659
1895,0.048560
1896,0.049261
1897,0.048762
1898,0.048300
1899,0.047836
1900,0.048176
1901,0.048958
1902,0.048253
1903,0.047871
1904,0.049094
1905,0.048500
1906,0.049206
1907,0.048871
1908,0.049249
1909,0.048886
1910,0.049266
1911,0.048810
1912,0.049588
1913,0.049110
1914,0.048930
1915,0.049149
1916,0.048962
1917,0.048465
1918,0.049061
1919,0.048116
1920,0.049052
1921,0.049127
1922,0.048284
1923,0.049863
1924,0.048527
1925,0.049689
1926,0.049769
1927,0.048402
1928,0.049485
1929,0.049339
1930,0.048815
1931,0.048611
1932,0.049701
1933,0.049031
1934,0.049343
1935,0.048062
1936,0.048365
1937,0.048790
1938,0.048945
1939,0.049115
1940,0.049135
1941,0.049316
1942,0.049759
1943,0.047913
1944,0.049493
1945,0.049512
1946,0.049085
1947,0.045795
1948,0.048539
1949,0.047107
1950,0.048568
1951,0.049126
1952,0.048807
1953,0.049077
1954,0.049303
1955,0.048463
1956,0.049274
1957,0.049518
1958,0.049074
1959,0.045594
1960,0.048507
1961,0.049018
1962,0.048586
1963,0.047071
1964,0.048717
1965,0.063671
1966,0.050025
1967,0.047566
1968,0.047899
1969,0.048817
1970,0.096868
1971,0.048746
1972,0.047352
1973,0.094668
# total_episodes=1973, avg_seconds=0.056160
