# episode_index, seconds
1,0.008569
2,0.012530
3,0.012429
4,0.002679
5,0.014893
6,0.006938
7,0.012533
8,0.002576
9,0.013062
10,0.014280
11,0.012038
12,0.008553
13,0.012517
14,0.006011
15,0.012321
16,0.008954
17,0.009989
18,0.002043
19,0.009085
20,0.001985
21,0.005823
22,0.013274
23,0.012476
24,0.007730
25,0.013090
26,0.106258
27,0.189276
28,0.143937
29,0.198254
30,0.048689
31,0.146704
32,0.048744
33,0.102028
34,0.096580
35,0.048504
36,0.096748
37,0.095971
38,0.049401
39,0.051397
40,0.096260
41,0.093965
42,0.095927
43,0.095525
44,0.095400
45,0.052629
46,0.096325
47,0.095161
48,0.046553
49,0.049319
50,0.048125
51,0.047371
52,0.048180
53,0.047230
54,0.098564
55,0.049261
56,0.095606
57,0.047638
58,0.098487
59,0.095525
60,0.095293
61,0.100521
62,0.096149
63,0.095656
64,0.047955
65,0.140123
66,0.047125
67,0.048929
68,0.047055
69,0.048465
70,0.051895
71,0.097250
72,0.047712
73,0.076943
74,0.030574
75,0.083553
76,0.047775
77,0.097009
78,0.046764
79,0.046249
80,0.142612
81,0.046437
82,0.046471
83,0.144021
84,0.046931
85,0.045973
86,0.096029
87,0.091537
88,0.113170
89,0.046845
90,0.046748
91,0.046389
92,0.050778
93,0.047409
94,0.046355
95,0.046021
96,0.095009
97,0.048088
98,0.047087
99,0.095959
100,0.047500
101,0.046708
102,0.046644
103,0.046054
104,0.049705
105,0.047350
106,0.107195
107,0.048701
108,0.046965
109,0.047112
110,0.049384
111,0.047694
112,0.046162
113,0.045033
114,0.026742
115,0.027246
116,0.027161
117,0.027157
118,0.026780
119,0.026800
120,0.026698
121,0.026536
122,0.038960
123,0.046119
124,0.046583
125,0.098639
126,0.046334
127,0.047195
128,0.047986
129,0.048197
130,0.046581
131,0.045491
132,0.050047
133,0.047987
134,0.046640
135,0.046569
136,0.045662
137,0.049123
138,0.047545
139,0.047230
140,0.047307
141,0.050216
142,0.047584
143,0.046475
144,0.094812
145,0.047348
146,0.046183
147,0.046931
148,0.049972
149,0.047888
150,0.046360
151,0.047023
152,0.045872
153,0.049769
154,0.046320
155,0.047054
156,0.046755
157,0.050088
158,0.045381
159,0.046497
160,0.046388
161,0.046612
162,0.047616
163,0.048453
164,0.047928
165,0.047031
166,0.048923
167,0.048173
168,0.046973
169,0.047165
170,0.045835
171,0.047707
172,0.048765
173,0.047160
174,0.050614
175,0.047839
176,0.046362
177,0.046937
178,0.045619
179,0.048500
180,0.048541
181,0.047207
182,0.047503
183,0.050434
184,0.094371
185,0.094175
186,0.093249
187,0.100376
188,0.047565
189,0.093447
190,0.095546
191,0.093188
192,0.046489
193,0.096740
194,0.092396
195,0.096445
196,0.093706
197,0.096175
198,0.094305
199,0.092474
200,0.095793
201,0.093499
202,0.050735
203,0.093941
204,0.092190
205,0.096024
206,0.046829
207,0.097648
208,0.093251
209,0.047924
210,0.048216
211,0.048071
212,0.047384
213,0.050123
214,0.048197
215,0.046860
216,0.046336
217,0.046558
218,0.049537
219,0.047169
220,0.048374
221,0.046516
222,0.050630
223,0.046173
224,0.046203
225,0.048458
226,0.048866
227,0.048098
228,0.047075
229,0.050509
230,0.047728
231,0.046621
232,0.047411
233,0.048566
234,0.047843
235,0.046632
236,0.046973
237,0.050359
238,0.047163
239,0.046891
240,0.046870
241,0.048863
242,0.045755
243,0.049212
244,0.048489
245,0.049681
246,0.046914
247,0.046360
248,0.046885
249,0.048004
250,0.048755
251,0.047480
252,0.050496
253,0.047833
254,0.047082
255,0.046260
256,0.045515
257,0.048881
258,0.046700
259,0.047397
260,0.047058
261,0.050887
262,0.047318
263,0.046604
264,0.046875
265,0.047794
266,0.046409
267,0.047102
268,0.047196
269,0.050621
270,0.047574
271,0.047772
272,0.046360
273,0.048737
274,0.046836
275,0.047620
276,0.047173
277,0.051134
278,0.047506
279,0.047850
280,0.049366
281,0.046668
282,0.046870
283,0.047314
284,0.050337
285,0.047717
286,0.046910
287,0.046641
288,0.047899
289,0.048599
290,0.046693
291,0.096397
292,0.048352
293,0.046514
294,0.047091
295,0.048386
296,0.046906
297,0.060543
298,0.048356
299,0.048264
300,0.046949
301,0.046885
302,0.050991
303,0.047394
304,0.046600
305,0.047409
306,0.050182
307,0.047695
308,0.048292
309,0.050659
310,0.047508
311,0.047661
312,0.047609
313,0.048686
314,0.048306
315,0.047888
316,0.052092
317,0.047843
318,0.047400
319,0.050311
320,0.049311
321,0.048944
322,0.079398
323,0.046378
324,0.046414
325,0.050209
326,0.046572
327,0.047856
328,0.046957
329,0.050352
330,0.047921
331,0.046575
332,0.046429
333,0.050186
334,0.048021
335,0.047899
336,0.050349
337,0.047488
338,0.046841
339,0.046906
340,0.048203
341,0.048179
342,0.051632
343,0.050695
344,0.048213
345,0.046904
346,0.047028
347,0.048091
348,0.047411
349,0.047345
350,0.047089
351,0.050903
352,0.047447
353,0.047544
354,0.046440
355,0.046940
356,0.049047
357,0.046968
358,0.093662
359,0.051040
360,0.047704
361,0.049162
362,0.049034
363,0.095250
364,0.049694
365,0.047868
366,0.047154
367,0.047116
368,0.046722
369,0.049773
370,0.096679
371,0.047851
372,0.049372
373,0.047695
374,0.050964
375,0.047801
376,0.047322
377,0.047093
378,0.049769
379,0.047602
380,0.079324
381,0.047079
382,0.046470
383,0.050569
384,0.094127
385,0.049502
386,0.094097
387,0.048534
388,0.098980
389,0.047862
390,0.046101
391,0.049578
392,0.046448
393,0.048039
394,0.046223
395,0.051182
396,0.047023
397,0.045816
398,0.052007
399,0.048259
400,0.047846
401,0.047174
402,0.047959
403,0.049538
404,0.051051
405,0.048256
406,0.048420
407,0.047270
408,0.048946
409,0.050027
410,0.048001
411,0.050335
412,0.050251
413,0.048897
414,0.047880
415,0.047453
416,0.048140
417,0.050258
418,0.048061
419,0.047738
420,0.047821
421,0.052274
422,0.048878
423,0.095323
424,0.047493
425,0.146255
426,0.149276
427,0.189514
428,0.147341
429,0.147849
430,0.190213
431,0.240094
432,0.147211
433,0.098184
434,0.095688
435,0.095491
436,0.052090
437,0.143819
438,0.095233
439,0.144918
440,0.147838
441,0.142429
442,0.193981
443,0.146726
444,0.048858
445,0.048628
446,0.146178
447,0.143975
448,0.050593
449,0.049738
450,0.142868
451,0.066621
452,0.144707
453,0.061209
454,0.050342
455,0.093540
456,0.140822
457,0.141473
458,0.097260
459,0.091491
460,0.143088
461,0.144755
462,0.139440
463,0.143221
464,0.189025
465,0.160076
466,0.191557
467,0.142574
468,0.177054
469,0.141493
470,0.142444
471,0.094432
472,0.141887
473,0.139659
474,0.144091
475,0.142972
476,0.093565
477,0.097181
478,0.093605
479,0.092853
480,0.050320
481,0.092498
482,0.047789
483,0.050547
484,0.047580
485,0.046741
486,0.046645
487,0.046916
488,0.048476
489,0.047468
490,0.046419
491,0.046234
492,0.051673
493,0.047787
494,0.047440
495,0.036994
496,0.037180
497,0.037636
498,0.036728
499,0.037215
500,0.036886
501,0.036019
502,0.028995
503,0.028014
504,0.028332
505,0.028519
506,0.027623
507,0.028010
508,0.028971
509,0.038411
510,0.031111
511,0.028055
512,0.028142
513,0.028265
514,0.028679
515,0.028729
516,0.028230
517,0.028360
518,0.028191
519,0.028612
520,0.028377
521,0.035971
522,0.034501
523,0.036246
524,0.039793
525,0.044621
526,0.044398
527,0.037595
528,0.043140
529,0.040210
530,0.039576
531,0.043881
532,0.038955
533,0.043774
534,0.039795
535,0.042758
536,0.038167
537,0.036548
538,0.038002
539,0.045692
540,0.044105
541,0.044716
542,0.078720
543,0.081687
544,0.080469
545,0.039661
546,0.074787
547,0.068138
548,0.066897
549,0.033494
550,0.043667
551,0.089082
552,0.044826
553,0.044922
554,0.092003
555,0.046322
556,0.096839
557,0.141683
558,0.096220
559,0.048393
560,0.135765
561,0.134916
562,0.044937
563,0.089849
564,0.045398
565,0.046090
566,0.045216
567,0.092187
568,0.045337
569,0.047554
570,0.048270
571,0.096217
572,0.143253
573,0.145972
574,0.047117
575,0.045677
576,0.048646
577,0.142447
578,0.146728
579,0.093682
580,0.193060
581,0.091713
582,0.144250
583,0.146098
584,0.143537
585,0.048127
586,0.143729
587,0.138408
588,0.144222
589,0.131834
590,0.044610
591,0.044288
592,0.044675
593,0.092710
594,0.045825
595,0.044479
596,0.048008
597,0.045456
598,0.045044
599,0.047178
600,0.045441
601,0.045798
602,0.045852
603,0.044581
604,0.045126
605,0.045660
606,0.045003
607,0.045716
608,0.046182
609,0.044971
610,0.044354
611,0.045247
612,0.045452
613,0.044805
614,0.045323
615,0.044460
616,0.043431
617,0.044478
618,0.046251
619,0.044810
620,0.045180
621,0.044615
622,0.044145
623,0.044843
624,0.045441
625,0.045802
626,0.045534
627,0.046183
628,0.044740
629,0.045079
630,0.045831
631,0.045952
632,0.046287
633,0.047074
634,0.036622
635,0.029950
636,0.044463
637,0.044100
638,0.044476
639,0.088574
640,0.043486
641,0.044492
642,0.088375
643,0.044604
644,0.046915
645,0.044659
646,0.044020
647,0.044063
648,0.045657
649,0.044085
650,0.044363
651,0.044618
652,0.045385
653,0.045661
654,0.093103
655,0.044880
656,0.044244
657,0.044619
658,0.044562
659,0.044454
660,0.044655
661,0.044207
662,0.043882
663,0.044306
664,0.044214
665,0.043859
666,0.044724
667,0.043992
668,0.088121
669,0.043798
670,0.088554
671,0.043403
672,0.044118
673,0.044128
674,0.043870
675,0.043077
676,0.047274
677,0.043529
678,0.044117
679,0.044204
680,0.044691
681,0.045072
682,0.045051
683,0.045581
684,0.045296
685,0.045271
686,0.047388
687,0.047403
688,0.048191
689,0.048318
690,0.046204
691,0.048423
692,0.048469
693,0.049218
694,0.064622
695,0.047879
696,0.048679
697,0.047507
698,0.048458
699,0.048086
700,0.047244
701,0.048725
702,0.047735
703,0.049292
704,0.096064
705,0.047635
706,0.048419
707,0.047306
708,0.044506
709,0.047249
710,0.045739
711,0.049072
712,0.045120
713,0.045437
714,0.044170
715,0.133091
716,0.044347
717,0.044549
718,0.088256
719,0.088842
720,0.044882
721,0.044436
722,0.132972
723,0.044298
724,0.045040
725,0.044396
726,0.044026
727,0.044798
728,0.045005
729,0.088197
730,0.044852
731,0.044248
732,0.043858
733,0.045204
734,0.044438
735,0.088435
736,0.043934
737,0.045423
738,0.044812
739,0.044408
740,0.044530
741,0.044651
742,0.044335
743,0.089627
744,0.088033
745,0.044225
746,0.045000
747,0.044001
748,0.043455
749,0.043840
750,0.044199
751,0.043613
752,0.044974
753,0.043849
754,0.044481
755,0.087678
756,0.043888
757,0.044875
758,0.087431
759,0.044284
760,0.043707
761,0.044851
762,0.043935
763,0.042888
764,0.043186
765,0.043425
766,0.042897
767,0.043477
768,0.043397
769,0.086400
770,0.043205
771,0.045260
772,0.135809
773,0.133274
774,0.181396
775,0.186842
776,0.144959
777,0.146154
778,0.143480
779,0.191259
780,0.146612
781,0.143801
782,0.146164
783,0.145003
784,0.142347
785,0.096224
786,0.048773
787,0.095168
788,0.098044
789,0.047726
790,0.048917
791,0.048545
792,0.047341
793,0.044761
794,0.048964
795,0.047133
796,0.049496
797,0.049643
798,0.049762
799,0.049811
800,0.047924
801,0.048349
802,0.049193
803,0.047310
804,0.047944
805,0.048083
806,0.049433
807,0.046941
808,0.049228
809,0.049352
810,0.049527
811,0.047708
812,0.048754
813,0.045403
814,0.044682
815,0.044771
816,0.048486
817,0.048634
818,0.047886
819,0.047515
820,0.048326
821,0.049201
822,0.048421
823,0.047611
824,0.049701
825,0.048075
826,0.049968
827,0.092286
828,0.047074
829,0.047115
830,0.046635
831,0.045952
832,0.093358
833,0.176618
834,0.132784
835,0.132355
836,0.132660
837,0.134203
838,0.132678
839,0.132380
840,0.131469
841,0.175819
842,0.167415
843,0.183684
844,0.141779
845,0.190941
846,0.096145
847,0.044830
848,0.141024
849,0.145799
850,0.192378
851,0.145696
852,0.192010
853,0.096007
854,0.144326
855,0.145292
856,0.097421
857,0.096654
858,0.097306
859,0.096596
860,0.145672
861,0.096295
862,0.096172
863,0.146149
864,0.099303
865,0.097584
866,0.098003
867,0.096677
868,0.096558
869,0.095578
870,0.048655
871,0.098057
872,0.094689
873,0.143923
874,0.096610
875,0.145859
876,0.097126
877,0.096797
878,0.146650
879,0.146877
880,0.095227
881,0.143738
882,0.135016
883,0.097027
884,0.127678
885,0.134473
886,0.089648
887,0.139680
888,0.141601
889,0.089795
890,0.132751
891,0.091244
892,0.091199
893,0.047665
894,0.096505
895,0.097007
896,0.097269
897,0.045023
898,0.093392
899,0.096057
900,0.095696
901,0.144298
902,0.144747
903,0.098718
904,0.146263
905,0.046794
906,0.096352
907,0.147548
908,0.096453
909,0.096318
910,0.048674
911,0.049188
912,0.096040
913,0.097796
914,0.049405
915,0.096529
916,0.097440
917,0.048621
918,0.049235
919,0.096022
920,0.048913
921,0.048443
922,0.096416
923,0.097225
924,0.097494
925,0.048957
926,0.095666
927,0.097648
928,0.096585
929,0.048886
930,0.047512
931,0.048916
932,0.047992
933,0.044630
934,0.047680
935,0.049661
936,0.047354
937,0.046462
938,0.048494
939,0.048875
940,0.094514
941,0.048635
942,0.048774
943,0.048165
944,0.046156
945,0.047962
946,0.049907
947,0.049032
948,0.050653
949,0.047815
950,0.094107
951,0.047797
952,0.095901
953,0.048171
954,0.048956
955,0.048488
956,0.047055
957,0.048317
958,0.047721
959,0.049702
960,0.049284
961,0.047501
962,0.048936
963,0.046544
964,0.044427
965,0.044435
966,0.047096
967,0.048072
968,0.048535
969,0.044765
970,0.048551
971,0.049008
972,0.048200
973,0.048998
974,0.048030
975,0.049008
976,0.048801
977,0.044609
978,0.044703
979,0.044263
980,0.044819
981,0.044617
982,0.044043
983,0.044394
984,0.044663
985,0.044407
986,0.044875
987,0.044485
988,0.044098
989,0.044792
990,0.044679
991,0.044151
992,0.044231
993,0.044232
994,0.044035
995,0.044776
996,0.044391
997,0.044718
998,0.044882
999,0.043770
1000,0.044391
1001,0.044098
1002,0.043540
1003,0.043882
1004,0.044515
1005,0.044995
1006,0.044202
1007,0.044066
1008,0.043715
1009,0.044005
1010,0.044472
1011,0.044185
1012,0.043588
1013,0.044247
1014,0.044363
1015,0.044504
1016,0.044368
1017,0.043708
1018,0.044161
1019,0.043898
1020,0.044397
1021,0.044222
1022,0.044421
1023,0.044067
1024,0.043835
1025,0.044041
1026,0.044018
1027,0.044415
1028,0.043822
1029,0.044373
1030,0.043904
1031,0.043963
1032,0.043697
1033,0.043990
1034,0.043976
1035,0.043930
1036,0.043071
1037,0.044888
1038,0.046892
1039,0.043885
1040,0.044184
1041,0.045804
1042,0.044572
1043,0.044232
1044,0.043322
1045,0.044003
1046,0.044354
1047,0.043948
1048,0.043575
1049,0.044629
1050,0.042533
1051,0.044187
1052,0.043448
1053,0.043584
1054,0.044039
1055,0.044080
1056,0.044611
1057,0.044097
1058,0.043842
1059,0.044094
1060,0.044643
1061,0.044688
1062,0.044286
1063,0.044230
1064,0.044918
1065,0.048636
1066,0.049363
1067,0.046633
1068,0.049435
1069,0.048365
1070,0.048051
1071,0.049055
1072,0.047026
1073,0.047802
1074,0.047943
1075,0.049142
1076,0.048083
1077,0.047445
1078,0.048848
1079,0.049558
1080,0.049271
1081,0.048643
1082,0.049449
1083,0.048338
1084,0.048197
1085,0.048270
1086,0.048277
1087,0.048925
1088,0.048807
1089,0.048969
1090,0.047663
1091,0.049219
1092,0.048340
1093,0.048582
1094,0.049748
1095,0.048475
1096,0.047898
1097,0.049201
1098,0.048808
1099,0.048545
1100,0.049387
1101,0.048908
1102,0.048725
1103,0.049013
1104,0.049043
1105,0.048814
1106,0.048231
1107,0.049503
1108,0.046122
1109,0.048275
1110,0.048210
1111,0.048455
1112,0.049197
1113,0.048386
1114,0.048805
1115,0.049312
1116,0.097142
1117,0.048434
1118,0.049560
1119,0.048505
1120,0.048453
1121,0.097039
1122,0.048356
1123,0.049559
1124,0.096503
1125,0.096993
1126,0.098940
1127,0.049314
1128,0.047589
1129,0.048687
1130,0.049253
1131,0.048539
1132,0.048692
1133,0.049423
1134,0.048582
1135,0.048307
1136,0.047262
1137,0.049146
1138,0.049139
1139,0.048793
1140,0.049057
1141,0.047607
1142,0.048072
1143,0.043377
1144,0.048512
1145,0.049004
1146,0.049278
1147,0.048358
1148,0.048526
1149,0.048283
1150,0.048595
1151,0.048674
1152,0.048978
1153,0.048491
1154,0.049170
1155,0.047165
1156,0.065837
1157,0.047637
1158,0.049885
1159,0.048712
1160,0.048674
1161,0.048601
1162,0.047989
1163,0.049870
1164,0.047487
1165,0.049190
1166,0.048805
1167,0.048120
1168,0.049393
1169,0.048305
1170,0.049506
1171,0.049322
1172,0.048137
1173,0.049085
1174,0.047396
1175,0.049145
1176,0.048406
1177,0.048011
1178,0.048749
1179,0.048716
1180,0.096348
1181,0.048735
1182,0.096293
1183,0.095313
1184,0.097081
1185,0.095949
1186,0.097717
1187,0.096188
1188,0.145622
1189,0.095913
1190,0.096563
1191,0.048911
1192,0.097039
1193,0.098302
1194,0.097391
1195,0.097732
1196,0.097494
1197,0.145139
1198,0.096997
1199,0.097894
1200,0.095840
1201,0.098124
1202,0.048872
1203,0.048942
1204,0.048375
1205,0.048617
1206,0.048846
1207,0.096260
1208,0.099255
1209,0.093737
1210,0.098629
1211,0.049371
1212,0.049239
1213,0.049302
1214,0.049637
1215,0.049310
1216,0.049398
1217,0.048875
1218,0.049162
1219,0.048693
1220,0.048795
1221,0.045318
1222,0.048778
1223,0.049600
1224,0.049725
1225,0.049487
1226,0.049294
1227,0.049753
1228,0.049869
1229,0.048120
1230,0.049753
1231,0.049831
1232,0.048849
1233,0.049713
1234,0.048925
1235,0.047031
1236,0.048714
1237,0.048209
1238,0.044471
1239,0.044808
1240,0.044260
1241,0.044818
1242,0.044086
1243,0.044934
1244,0.044694
1245,0.043719
1246,0.045244
1247,0.089651
1248,0.044164
1249,0.044540
1250,0.044991
1251,0.090648
1252,0.097465
1253,0.047992
1254,0.049160
1255,0.097280
1256,0.097583
1257,0.048888
1258,0.047326
1259,0.048590
1260,0.048508
1261,0.097339
1262,0.049029
1263,0.099371
1264,0.087753
1265,0.043693
1266,0.087424
1267,0.087477
1268,0.086502
1269,0.087160
1270,0.093277
1271,0.095226
1272,0.134523
1273,0.086955
1274,0.090030
1275,0.044234
1276,0.045058
1277,0.044384
1278,0.044266
1279,0.044181
1280,0.043986
1281,0.044428
1282,0.044012
1283,0.046538
1284,0.043957
1285,0.045066
1286,0.107675
1287,0.044457
1288,0.045378
1289,0.044149
1290,0.044194
1291,0.043861
1292,0.043213
1293,0.045600
1294,0.045922
1295,0.085303
1296,0.044230
1297,0.048587
1298,0.047080
1299,0.049034
1300,0.044492
1301,0.044623
1302,0.044363
1303,0.044294
1304,0.044603
1305,0.044848
1306,0.044270
1307,0.047742
1308,0.044682
1309,0.044291
1310,0.043926
1311,0.044359
1312,0.044420
1313,0.044182
1314,0.044426
1315,0.044255
1316,0.044125
1317,0.043958
1318,0.043934
1319,0.044641
1320,0.044188
1321,0.043747
1322,0.043819
1323,0.079161
1324,0.044444
1325,0.088602
1326,0.132218
1327,0.087719
1328,0.134822
1329,0.088984
1330,0.090177
1331,0.144638
1332,0.047386
1333,0.097972
1334,0.049164
1335,0.094468
1336,0.048605
1337,0.048983
1338,0.048338
1339,0.048611
1340,0.049204
1341,0.049084
1342,0.049630
1343,0.048702
1344,0.048310
1345,0.047990
1346,0.049141
1347,0.041177
1348,0.046425
1349,0.045645
1350,0.046183
1351,0.046214
1352,0.046708
1353,0.047992
1354,0.046775
1355,0.046088
1356,0.049495
1357,0.050709
1358,0.050082
1359,0.050517
1360,0.051085
1361,0.050997
1362,0.048963
1363,0.051509
1364,0.051806
1365,0.051455
1366,0.052262
1367,0.050539
1368,0.050784
1369,0.051344
1370,0.051958
1371,0.050537
1372,0.051475
1373,0.048353
1374,0.046473
1375,0.045759
1376,0.045805
1377,0.046515
1378,0.046071
1379,0.046240
1380,0.046544
1381,0.046416
1382,0.045589
1383,0.045837
1384,0.046267
1385,0.045408
1386,0.045758
1387,0.045122
1388,0.045153
1389,0.045387
1390,0.045668
1391,0.045434
1392,0.045420
1393,0.045579
1394,0.045289
1395,0.046009
1396,0.046067
1397,0.045761
1398,0.045802
1399,0.090477
1400,0.045956
1401,0.048694
1402,0.046174
1403,0.045657
1404,0.045638
1405,0.046404
1406,0.092747
1407,0.092259
1408,0.047073
1409,0.048321
1410,0.046590
1411,0.050530
1412,0.051451
1413,0.051354
1414,0.052202
1415,0.050762
1416,0.048256
1417,0.051625
1418,0.050861
1419,0.049717
1420,0.051133
1421,0.050517
1422,0.050326
1423,0.051558
1424,0.049791
1425,0.050254
1426,0.049187
1427,0.050933
1428,0.050319
1429,0.048236
1430,0.050321
1431,0.051251
1432,0.048840
1433,0.048800
1434,0.051281
1435,0.048161
1436,0.049740
1437,0.049528
1438,0.051643
1439,0.050804
1440,0.048666
1441,0.050689
1442,0.051400
1443,0.049211
1444,0.051418
1445,0.065267
1446,0.045531
1447,0.044873
1448,0.046029
1449,0.047799
1450,0.046828
1451,0.046449
1452,0.048055
1453,0.047060
1454,0.046510
1455,0.050750
1456,0.051851
1457,0.046870
1458,0.045659
1459,0.046791
1460,0.046312
1461,0.046063
1462,0.046509
1463,0.046330
1464,0.046016
1465,0.046121
1466,0.045935
1467,0.046633
1468,0.046306
1469,0.046563
1470,0.047481
1471,0.046142
1472,0.046334
1473,0.045561
1474,0.091759
1475,0.046258
1476,0.045244
1477,0.045436
1478,0.090550
1479,0.046143
1480,0.090051
1481,0.044936
1482,0.090711
1483,0.045460
1484,0.045259
1485,0.045469
1486,0.045697
1487,0.045609
1488,0.045416
1489,0.045747
1490,0.045512
1491,0.045570
1492,0.045891
1493,0.045519
1494,0.046548
1495,0.045974
1496,0.045507
1497,0.046121
1498,0.045475
1499,0.045306
1500,0.044531
1501,0.045625
1502,0.044406
1503,0.045670
1504,0.045190
1505,0.044867
1506,0.044671
1507,0.045605
1508,0.048277
1509,0.046603
1510,0.046845
1511,0.045406
1512,0.047375
1513,0.046810
1514,0.047184
1515,0.048278
1516,0.046897
1517,0.061636
1518,0.046282
1519,0.046162
1520,0.046181
1521,0.046841
1522,0.045848
1523,0.047087
1524,0.046345
1525,0.047065
1526,0.047590
1527,0.046783
1528,0.046771
1529,0.052044
1530,0.051792
1531,0.051269
1532,0.052484
1533,0.052446
1534,0.050863
1535,0.050283
1536,0.051546
1537,0.050350
1538,0.046307
1539,0.045153
1540,0.045924
1541,0.046294
1542,0.046311
1543,0.045792
1544,0.045831
1545,0.046984
1546,0.046614
1547,0.045211
1548,0.045948
1549,0.046193
1550,0.046298
1551,0.045185
1552,0.045442
1553,0.046872
1554,0.045547
1555,0.046105
1556,0.045598
1557,0.045733
1558,0.046608
1559,0.045513
1560,0.047523
1561,0.045947
1562,0.046587
1563,0.046096
1564,0.046699
1565,0.046132
1566,0.046312
1567,0.045483
1568,0.046411
1569,0.046846
1570,0.047651
1571,0.046622
1572,0.048167
1573,0.048392
1574,0.051700
1575,0.048126
1576,0.049434
1577,0.051793
1578,0.051348
1579,0.051560
1580,0.049888
1581,0.050093
1582,0.050529
1583,0.052197
1584,0.050483
1585,0.050991
1586,0.051941
1587,0.052854
1588,0.052256
1589,0.050827
1590,0.051452
1591,0.051394
1592,0.051210
1593,0.050293
1594,0.051744
1595,0.052130
1596,0.051251
1597,0.052197
1598,0.052801
1599,0.051704
1600,0.102329
1601,0.051165
1602,0.051056
1603,0.051935
1604,0.052173
1605,0.051873
1606,0.052125
1607,0.052100
1608,0.051859
1609,0.051377
1610,0.052356
1611,0.101785
1612,0.050089
1613,0.050499
1614,0.046551
1615,0.093494
1616,0.053230
1617,0.114525
1618,0.139533
1619,0.133196
1620,0.135329
1621,0.094617
1622,0.144359
1623,0.144780
1624,0.143803
1625,0.144704
1626,0.143627
1627,0.145217
1628,0.146601
1629,0.096219
1630,0.096133
1631,0.097049
1632,0.048853
1633,0.048483
1634,0.049550
1635,0.049158
1636,0.049679
1637,0.048217
1638,0.048641
1639,0.047433
1640,0.047846
1641,0.044508
1642,0.045827
1643,0.047086
1644,0.049125
1645,0.048460
1646,0.049674
1647,0.048545
1648,0.048662
1649,0.048790
1650,0.048310
1651,0.048579
1652,0.048659
1653,0.049150
1654,0.049006
1655,0.049429
1656,0.049465
1657,0.049601
1658,0.049297
1659,0.048241
1660,0.049628
1661,0.048261
1662,0.049338
1663,0.049465
1664,0.048255
1665,0.048837
1666,0.048454
1667,0.048917
1668,0.049381
1669,0.048560
1670,0.048791
1671,0.049435
1672,0.048796
1673,0.049190
1674,0.047792
1675,0.048382
1676,0.048883
1677,0.048333
1678,0.047576
1679,0.048754
1680,0.048857
1681,0.048254
1682,0.049394
1683,0.048912
1684,0.049572
1685,0.048426
1686,0.048674
1687,0.048854
1688,0.048532
1689,0.048263
1690,0.048271
1691,0.048514
1692,0.046699
1693,0.044159
1694,0.044074
1695,0.058035
1696,0.075082
1697,0.044980
1698,0.044269
1699,0.044163
1700,0.044421
1701,0.044267
1702,0.044724
1703,0.043884
1704,0.043661
1705,0.044090
1706,0.043467
1707,0.043627
1708,0.043703
1709,0.044218
1710,0.044231
1711,0.044310
1712,0.043807
1713,0.043817
1714,0.088159
1715,0.043379
1716,0.142220
1717,0.145214
1718,0.145440
1719,0.144553
1720,0.098112
1721,0.147189
1722,0.142782
1723,0.097414
1724,0.147123
1725,0.141963
1726,0.096978
1727,0.097200
1728,0.098323
1729,0.097473
1730,0.098497
1731,0.096776
1732,0.049469
1733,0.047998
1734,0.048586
1735,0.046789
1736,0.049396
1737,0.048806
1738,0.048673
1739,0.049338
1740,0.049052
1741,0.049468
1742,0.048735
1743,0.048805
1744,0.048645
1745,0.045340
1746,0.048170
1747,0.048676
1748,0.049429
1749,0.048087
1750,0.049160
1751,0.048474
1752,0.047984
1753,0.049064
1754,0.048888
1755,0.048092
1756,0.049279
1757,0.048347
1758,0.049108
1759,0.045929
1760,0.048836
1761,0.047947
1762,0.049612
1763,0.049006
1764,0.049211
1765,0.048362
1766,0.049261
1767,0.049271
1768,0.047442
1769,0.049182
1770,0.049116
1771,0.049098
1772,0.048963
1773,0.049287
1774,0.049517
1775,0.065089
1776,0.048789
1777,0.049275
1778,0.049205
1779,0.048202
1780,0.048781
1781,0.049001
1782,0.049036
1783,0.048551
1784,0.047862
1785,0.048696
1786,0.048729
1787,0.049058
1788,0.049126
1789,0.047962
1790,0.049374
1791,0.049335
1792,0.049802
1793,0.047727
1794,0.049299
1795,0.049377
1796,0.049264
1797,0.048720
1798,0.049050
1799,0.049854
1800,0.047322
1801,0.048984
1802,0.048962
1803,0.049303
1804,0.049351
1805,0.048916
1806,0.049210
1807,0.049341
1808,0.048075
1809,0.049482
1810,0.049132
1811,0.048729
1812,0.049287
1813,0.049233
1814,0.049709
1815,0.048910
1816,0.049467
1817,0.047540
1818,0.049041
1819,0.048938
1820,0.048389
1821,0.048235
1822,0.049420
1823,0.049050
1824,0.049008
1825,0.048281
1826,0.049460
1827,0.049328
1828,0.049512
1829,0.048761
1830,0.048299
1831,0.048987
1832,0.048781
1833,0.049178
1834,0.049093
1835,0.048818
1836,0.049656
1837,0.049133
1838,0.049157
1839,0.048776
1840,0.049628
1841,0.048994
1842,0.049573
1843,0.049421
1844,0.049027
1845,0.049152
1846,0.048848
1847,0.049823
1848,0.049539
1849,0.096023
1850,0.097916
1851,0.049024
1852,0.049279
1853,0.049334
1854,0.049442
1855,0.048459
1856,0.048877
1857,0.097739
1858,0.046911
1859,0.047746
1860,0.096813
1861,0.096715
1862,0.048903
1863,0.049556
1864,0.048757
1865,0.048327
1866,0.048899
1867,0.049003
1868,0.049369
1869,0.049044
1870,0.048613
1871,0.049289
1872,0.065533
1873,0.048340
1874,0.094379
1875,0.093272
1876,0.045088
1877,0.045125
1878,0.089753
1879,0.045203
1880,0.045190
1881,0.045537
1882,0.044816
1883,0.044383
1884,0.045132
1885,0.045030
1886,0.044395
1887,0.043771
1888,0.044706
1889,0.044435
1890,0.044280
1891,0.044556
1892,0.044668
1893,0.044347
1894,0.043978
1895,0.044082
1896,0.043762
# total_episodes=1896, avg_seconds=0.059758
