# episode_index, seconds
1,0.009713
2,0.006526
3,0.006472
4,0.007646
5,0.005258
6,0.003226
7,0.006735
8,0.001611
9,0.002029
10,0.003361
11,0.009564
12,0.009466
13,0.003356
14,0.002087
15,0.003325
16,0.001824
17,0.001681
18,0.006670
19,0.001603
20,0.001911
21,0.003499
22,0.001824
23,0.007872
24,0.001886
25,0.003427
26,0.003331
27,0.009768
28,0.001715
29,0.003526
30,0.004851
31,0.001632
32,0.005019
33,0.001930
34,0.003332
35,0.003435
36,0.011113
37,0.005925
38,0.002319
39,0.001794
40,0.001582
41,0.002702
42,0.007546
43,0.004920
44,0.001598
45,0.009764
46,0.001943
47,0.097160
48,0.085081
49,0.084546
50,0.041930
51,0.172403
52,0.085163
53,0.042117
54,0.086828
55,0.042255
56,0.042229
57,0.042568
58,0.042528
59,0.041917
60,0.043519
61,0.041956
62,0.042919
63,0.042275
64,0.042902
65,0.042307
66,0.042010
67,0.042024
68,0.042271
69,0.043736
70,0.042806
71,0.084334
72,0.043238
73,0.031302
74,0.026814
75,0.026826
76,0.026670
77,0.026721
78,0.026188
79,0.026091
80,0.026053
81,0.031851
82,0.042597
83,0.042197
84,0.042608
85,0.042928
86,0.042047
87,0.042539
88,0.042258
89,0.042464
90,0.042745
91,0.043214
92,0.042228
93,0.042301
94,0.043919
95,0.041844
96,0.084856
97,0.042902
98,0.042166
99,0.042308
100,0.043732
101,0.042896
102,0.042416
103,0.042391
104,0.042064
105,0.042315
106,0.043614
107,0.042410
108,0.042426
109,0.042354
110,0.042698
111,0.084234
112,0.041621
113,0.043368
114,0.042090
115,0.085315
116,0.042920
117,0.041890
118,0.042115
119,0.042147
120,0.043160
121,0.083687
122,0.030755
123,0.121951
124,0.042098
125,0.042395
126,0.041552
127,0.043047
128,0.042348
129,0.042746
130,0.042559
131,0.042095
132,0.042491
133,0.041942
134,0.041757
135,0.041760
136,0.042809
137,0.042097
138,0.042237
139,0.042084
140,0.041769
141,0.042552
142,0.041366
143,0.041768
144,0.044128
145,0.041666
146,0.042110
147,0.041158
148,0.042903
149,0.041247
150,0.042428
151,0.042487
152,0.042292
153,0.042894
154,0.042427
155,0.041689
156,0.041901
157,0.043286
158,0.041906
159,0.042365
160,0.037550
161,0.034016
162,0.043942
163,0.041988
164,0.042078
165,0.042123
166,0.042695
167,0.041345
168,0.042125
169,0.042139
170,0.043038
171,0.042224
172,0.042963
173,0.043079
174,0.041938
175,0.042008
176,0.041846
177,0.041365
178,0.041707
179,0.042833
180,0.042415
181,0.042595
182,0.042766
183,0.042397
184,0.042457
185,0.041771
186,0.042042
187,0.083436
188,0.043096
189,0.042227
190,0.042302
191,0.041786
192,0.043120
193,0.042470
194,0.041917
195,0.042095
196,0.042818
197,0.042081
198,0.042366
199,0.042577
200,0.041883
201,0.042466
202,0.042096
203,0.042452
204,0.041410
205,0.042886
206,0.042273
207,0.042223
208,0.042204
209,0.042278
210,0.042098
211,0.040723
212,0.043937
213,0.042498
214,0.042542
215,0.042751
216,0.042329
217,0.042646
218,0.083669
219,0.043733
220,0.084681
221,0.042459
222,0.042077
223,0.042351
224,0.041297
225,0.042372
226,0.085532
227,0.042430
228,0.042676
229,0.084857
230,0.124703
231,0.041527
232,0.127650
233,0.126853
234,0.084681
235,0.083797
236,0.083989
237,0.084058
238,0.084653
239,0.085418
240,0.042283
241,0.043513
242,0.042737
243,0.043259
244,0.042047
245,0.042940
246,0.042189
247,0.042534
248,0.041368
249,0.042818
250,0.042045
251,0.042747
252,0.042980
253,0.042999
254,0.083690
255,0.043290
256,0.042175
257,0.042725
258,0.042916
259,0.042296
260,0.061338
261,0.042665
262,0.042434
263,0.042539
264,0.042145
265,0.041792
266,0.043885
267,0.042166
268,0.042626
269,0.042552
270,0.042708
271,0.042422
272,0.041854
273,0.042546
274,0.042123
275,0.042163
276,0.042691
277,0.042286
278,0.042616
279,0.042626
280,0.043822
281,0.042404
282,0.042981
283,0.042399
284,0.043066
285,0.041687
286,0.042313
287,0.043004
288,0.042420
289,0.042555
290,0.042402
291,0.042254
292,0.042850
293,0.042284
294,0.041722
295,0.043829
296,0.042621
297,0.042825
298,0.042543
299,0.041886
300,0.042127
301,0.042391
302,0.042381
303,0.042378
304,0.042533
305,0.043052
306,0.042126
307,0.042709
308,0.042105
309,0.042831
310,0.041056
311,0.043462
312,0.042111
313,0.042578
314,0.042427
315,0.041923
316,0.042224
317,0.042403
318,0.042754
319,0.042524
320,0.041837
321,0.042159
322,0.042768
323,0.041946
324,0.041696
325,0.042224
326,0.042584
327,0.041738
328,0.042817
329,0.042411
330,0.042792
331,0.042475
332,0.041890
333,0.042249
334,0.041963
335,0.042998
336,0.042786
337,0.042681
338,0.042755
339,0.041983
340,0.041574
341,0.043283
342,0.042150
343,0.042614
344,0.042899
345,0.042534
346,0.042080
347,0.042121
348,0.043750
349,0.042067
350,0.043032
351,0.042568
352,0.042989
353,0.042517
354,0.043220
355,0.042356
356,0.043242
357,0.042008
358,0.042521
359,0.041548
360,0.126784
361,0.042210
362,0.042989
363,0.083923
364,0.042542
365,0.042340
366,0.042544
367,0.043432
368,0.127742
369,0.042734
370,0.042522
371,0.042310
372,0.041896
373,0.043074
374,0.042479
375,0.043104
376,0.042277
377,0.042907
378,0.043370
379,0.042274
380,0.043844
381,0.042266
382,0.042672
383,0.041985
384,0.042891
385,0.042055
386,0.042172
387,0.042120
388,0.042774
389,0.042209
390,0.043577
391,0.042156
392,0.042776
393,0.042611
394,0.042170
395,0.043157
396,0.040260
397,0.094236
398,0.039040
399,0.039376
400,0.038986
401,0.038723
402,0.039199
403,0.040610
404,0.039072
405,0.038959
406,0.039307
407,0.039874
408,0.039466
409,0.039165
410,0.038860
411,0.038476
412,0.039061
413,0.039469
414,0.039183
415,0.034422
416,0.036071
417,0.037723
418,0.036621
419,0.037524
420,0.033627
421,0.032878
422,0.030296
423,0.027857
424,0.027815
425,0.028726
426,0.027656
427,0.028065
428,0.028148
429,0.028007
430,0.027303
431,0.027522
432,0.027633
433,0.027637
434,0.027476
435,0.027664
436,0.027511
437,0.027589
438,0.027489
439,0.027324
440,0.027421
441,0.027401
442,0.027473
443,0.027489
444,0.027559
445,0.028402
446,0.032043
447,0.028926
448,0.028231
449,0.027959
450,0.028337
451,0.028488
452,0.027625
453,0.028234
454,0.055517
455,0.027807
456,0.028103
457,0.027990
458,0.055728
459,0.027963
460,0.027873
461,0.028360
462,0.027686
463,0.027905
464,0.055759
465,0.027972
466,0.030753
467,0.031620
468,0.044982
469,0.047665
470,0.050047
471,0.041466
472,0.040415
473,0.031029
474,0.031051
475,0.038173
476,0.045655
477,0.043486
478,0.042053
479,0.041039
480,0.031516
481,0.032310
482,0.031049
483,0.028282
484,0.027888
485,0.030162
486,0.028508
487,0.028967
488,0.029169
489,0.029202
490,0.028962
491,0.029152
492,0.031724
493,0.043812
494,0.043414
495,0.044414
496,0.043369
497,0.087626
498,0.043515
499,0.131472
500,0.130699
501,0.130499
502,0.172380
503,0.130055
504,0.130205
505,0.129927
506,0.173556
507,0.171926
508,0.130613
509,0.096442
510,0.044276
511,0.048127
512,0.048609
513,0.095959
514,0.047392
515,0.048376
516,0.048071
517,0.048437
518,0.048407
519,0.096289
520,0.048792
521,0.048710
522,0.049194
523,0.047443
524,0.096615
525,0.048736
526,0.047770
527,0.048850
528,0.045901
529,0.047394
530,0.048636
531,0.047460
532,0.048207
533,0.047550
534,0.048784
535,0.048646
536,0.048408
537,0.048995
538,0.049423
539,0.047898
540,0.048120
541,0.048896
542,0.143720
543,0.145318
544,0.194318
545,0.142992
546,0.192941
547,0.194686
548,0.145527
549,0.144887
550,0.192537
551,0.096824
552,0.096704
553,0.097822
554,0.097982
555,0.049261
556,0.048866
557,0.096386
558,0.049304
559,0.048577
560,0.047992
561,0.048397
562,0.049449
563,0.048948
564,0.048585
565,0.047907
566,0.048404
567,0.048933
568,0.048045
569,0.048009
570,0.048602
571,0.047957
572,0.048538
573,0.048503
574,0.048083
575,0.049199
576,0.048898
577,0.047415
578,0.048805
579,0.048369
580,0.048386
581,0.047984
582,0.048622
583,0.049008
584,0.048910
585,0.047473
586,0.048828
587,0.048333
588,0.048900
589,0.047360
590,0.048383
591,0.047786
592,0.048056
593,0.048354
594,0.047576
595,0.049146
596,0.047901
597,0.047520
598,0.049067
599,0.048497
600,0.049049
601,0.047959
602,0.048948
603,0.048671
604,0.048181
605,0.049240
606,0.047125
607,0.049644
608,0.096253
609,0.048487
610,0.048438
611,0.049061
612,0.048295
613,0.048599
614,0.049231
615,0.048239
616,0.047925
617,0.048885
618,0.048269
619,0.049146
620,0.047490
621,0.048312
622,0.049508
623,0.048015
624,0.048478
625,0.048136
626,0.048806
627,0.049053
628,0.047690
629,0.048547
630,0.047104
631,0.048101
632,0.048879
633,0.097150
634,0.047088
635,0.049200
636,0.048248
637,0.048492
638,0.094566
639,0.047935
640,0.095938
641,0.047908
642,0.047607
643,0.047671
644,0.048377
645,0.047998
646,0.048078
647,0.049205
648,0.048523
649,0.049091
650,0.046938
651,0.048803
652,0.048136
653,0.049068
654,0.047104
655,0.048303
656,0.047705
657,0.048806
658,0.048459
659,0.047859
660,0.049228
661,0.047777
662,0.048336
663,0.049062
664,0.047708
665,0.048745
666,0.046893
667,0.048367
668,0.047892
669,0.048338
670,0.048709
671,0.047254
672,0.047783
673,0.046855
674,0.048121
675,0.047694
676,0.049321
677,0.047410
678,0.047898
679,0.047220
680,0.048057
681,0.048131
682,0.049084
683,0.048659
684,0.048423
685,0.048434
686,0.047932
687,0.048023
688,0.047452
689,0.047123
690,0.048277
691,0.048917
692,0.048723
693,0.048041
694,0.048262
695,0.048451
696,0.048754
697,0.048079
698,0.048040
699,0.048554
700,0.048044
701,0.048780
702,0.048173
703,0.048662
704,0.047101
705,0.049112
706,0.048939
707,0.047997
708,0.049442
709,0.048695
710,0.048727
711,0.048430
712,0.048594
713,0.048717
714,0.048541
715,0.145070
716,0.146309
717,0.046657
718,0.048753
719,0.094199
720,0.048864
721,0.192314
722,0.096523
723,0.193231
724,0.048929
725,0.191286
726,0.142954
727,0.048674
728,0.049499
729,0.047444
730,0.047912
731,0.095467
732,0.145114
733,0.144012
734,0.047580
735,0.048110
736,0.048096
737,0.048779
738,0.047883
739,0.048807
740,0.049446
741,0.049218
742,0.048866
743,0.045184
744,0.048179
745,0.048434
746,0.048077
747,0.048990
748,0.046842
749,0.045624
750,0.048801
751,0.048348
752,0.048519
753,0.047482
754,0.048483
755,0.049156
756,0.048280
757,0.048643
758,0.048720
759,0.048516
760,0.047976
761,0.047081
762,0.049056
763,0.048525
764,0.048289
765,0.048063
766,0.047951
767,0.049147
768,0.048605
769,0.048664
770,0.048442
771,0.046745
772,0.047651
773,0.047398
774,0.049076
775,0.048800
776,0.046825
777,0.048804
778,0.048701
779,0.048629
780,0.048934
781,0.048137
782,0.048816
783,0.048537
784,0.048255
785,0.048578
786,0.048684
787,0.048231
788,0.048003
789,0.048370
790,0.048372
791,0.048181
792,0.048441
793,0.048107
794,0.048523
795,0.048503
796,0.048998
797,0.048661
798,0.047425
799,0.048927
800,0.048861
801,0.048871
802,0.048334
803,0.047967
804,0.117234
805,0.043214
806,0.044242
807,0.043854
808,0.045013
809,0.044461
810,0.044029
811,0.044480
812,0.043161
813,0.044675
814,0.043814
815,0.043513
816,0.044134
817,0.045270
818,0.044812
819,0.044272
820,0.043193
821,0.130367
822,0.043893
823,0.043793
824,0.042050
825,0.043968
826,0.133017
827,0.043652
828,0.089000
829,0.043752
830,0.046246
831,0.044363
832,0.044606
833,0.048956
834,0.048360
835,0.048406
836,0.047907
837,0.047816
838,0.049128
839,0.048909
840,0.047676
841,0.049467
842,0.047676
843,0.048945
844,0.048332
845,0.145321
846,0.048234
847,0.048090
848,0.048768
849,0.047419
850,0.048352
851,0.049361
852,0.143058
853,0.047826
854,0.048462
855,0.096103
856,0.048812
857,0.047814
858,0.048428
859,0.095994
860,0.049016
861,0.048964
862,0.146093
863,0.049377
864,0.046581
865,0.048908
866,0.048480
867,0.048222
868,0.048305
869,0.146063
870,0.048187
871,0.047538
872,0.047868
873,0.049081
874,0.048186
875,0.049017
876,0.048562
877,0.047718
878,0.048965
879,0.144566
880,0.047407
881,0.047776
882,0.049111
883,0.048088
884,0.048824
885,0.048616
886,0.048056
887,0.048719
888,0.047399
889,0.048134
890,0.047666
891,0.048101
892,0.047391
893,0.046073
894,0.043973
895,0.044435
896,0.044091
897,0.043892
898,0.044136
899,0.043670
900,0.043579
901,0.044265
902,0.046413
903,0.044218
904,0.043585
905,0.043446
906,0.043739
907,0.044503
908,0.044035
909,0.043796
910,0.043591
911,0.043493
912,0.043519
913,0.046640
914,0.044006
915,0.131516
916,0.045309
917,0.044546
918,0.044102
919,0.044609
920,0.043564
921,0.044945
922,0.045135
923,0.044124
924,0.044655
925,0.047676
926,0.048387
927,0.048409
928,0.048257
929,0.048211
930,0.049173
931,0.047771
932,0.047967
933,0.048882
934,0.047952
935,0.048930
936,0.048541
937,0.047549
938,0.048258
939,0.047905
940,0.047810
941,0.048078
942,0.049018
943,0.049301
944,0.048940
945,0.047940
946,0.048513
947,0.047645
948,0.048273
949,0.048430
950,0.048802
951,0.049358
952,0.046918
953,0.048227
954,0.048762
955,0.048195
956,0.046915
957,0.045755
958,0.049052
959,0.048762
960,0.047769
961,0.048282
962,0.142701
963,0.048619
964,0.046918
965,0.046923
966,0.049265
967,0.048565
968,0.047173
969,0.047163
970,0.048086
971,0.145055
972,0.049058
973,0.048439
974,0.048818
975,0.144520
976,0.047968
977,0.047773
978,0.048105
979,0.193616
980,0.048567
981,0.048119
982,0.193257
983,0.049289
984,0.046961
985,0.044037
986,0.043954
987,0.043765
988,0.044380
989,0.044658
990,0.043580
991,0.044850
992,0.044176
993,0.044073
994,0.044261
995,0.044459
996,0.043577
997,0.044774
998,0.044158
999,0.043778
1000,0.044034
1001,0.044006
1002,0.044343
1003,0.044608
1004,0.043310
1005,0.043805
1006,0.044556
1007,0.043715
1008,0.044178
1009,0.044751
1010,0.044088
1011,0.044352
1012,0.044451
1013,0.044794
1014,0.044158
1015,0.043857
1016,0.043717
1017,0.087869
1018,0.044222
1019,0.044248
1020,0.043899
1021,0.044412
1022,0.044804
1023,0.044470
1024,0.043862
1025,0.044405
1026,0.043551
1027,0.044039
1028,0.044324
1029,0.043581
1030,0.043622
1031,0.043434
1032,0.044087
1033,0.043240
1034,0.043946
1035,0.044038
1036,0.043758
1037,0.043628
1038,0.043275
1039,0.043279
1040,0.043491
1041,0.043229
1042,0.043739
1043,0.043881
1044,0.043011
1045,0.086889
1046,0.043680
1047,0.043557
1048,0.043403
1049,0.043822
1050,0.043897
1051,0.043956
1052,0.043903
1053,0.043934
1054,0.044130
1055,0.044156
1056,0.044185
1057,0.042769
1058,0.043100
1059,0.043733
1060,0.043183
1061,0.042605
1062,0.043124
1063,0.043765
1064,0.042526
1065,0.042350
1066,0.042824
1067,0.046152
1068,0.044190
1069,0.044024
1070,0.043857
1071,0.044413
1072,0.043971
1073,0.045527
1074,0.045010
1075,0.044437
1076,0.043748
1077,0.044297
1078,0.044184
1079,0.044655
1080,0.044737
1081,0.044129
1082,0.044836
1083,0.047217
1084,0.048102
1085,0.048001
1086,0.048534
1087,0.048906
1088,0.049326
1089,0.047856
1090,0.049063
1091,0.049136
1092,0.047175
1093,0.048195
1094,0.047687
1095,0.048365
1096,0.046981
1097,0.048091
1098,0.048539
1099,0.048194
1100,0.096225
1101,0.049103
1102,0.048070
1103,0.097013
1104,0.048939
1105,0.049012
1106,0.048956
1107,0.049330
1108,0.048176
1109,0.049077
1110,0.096002
1111,0.048101
1112,0.096567
1113,0.048163
1114,0.048937
1115,0.049113
1116,0.047869
1117,0.047722
1118,0.048815
1119,0.049488
1120,0.048944
1121,0.048336
1122,0.048612
1123,0.048726
1124,0.048807
1125,0.048944
1126,0.048474
1127,0.049571
1128,0.049028
1129,0.048215
1130,0.045970
1131,0.048776
1132,0.048919
1133,0.046538
1134,0.048899
1135,0.047057
1136,0.047378
1137,0.048331
1138,0.048220
1139,0.048482
1140,0.048962
1141,0.047447
1142,0.047522
1143,0.049048
1144,0.047971
1145,0.047400
1146,0.046755
1147,0.048874
1148,0.048184
1149,0.048274
1150,0.048510
1151,0.047665
1152,0.047972
1153,0.048649
1154,0.048301
1155,0.047586
1156,0.047949
1157,0.048936
1158,0.047377
1159,0.044893
1160,0.048096
1161,0.048710
1162,0.047859
1163,0.047977
1164,0.047710
1165,0.047687
1166,0.048382
1167,0.047366
1168,0.048584
1169,0.046630
1170,0.049086
1171,0.048310
1172,0.048163
1173,0.047488
1174,0.048507
1175,0.048874
1176,0.047916
1177,0.048188
1178,0.047686
1179,0.048035
1180,0.048404
1181,0.047272
1182,0.046588
1183,0.046741
1184,0.048774
1185,0.049292
1186,0.049265
1187,0.048364
1188,0.048864
1189,0.097651
1190,0.095096
1191,0.048597
1192,0.048478
1193,0.048745
1194,0.047928
1195,0.049148
1196,0.046787
1197,0.045416
1198,0.093082
1199,0.048215
1200,0.049569
1201,0.047638
1202,0.045652
1203,0.045076
1204,0.048960
1205,0.048339
1206,0.046457
1207,0.048130
1208,0.045931
1209,0.048262
1210,0.046698
1211,0.046554
1212,0.047072
1213,0.047719
1214,0.047571
1215,0.047223
1216,0.047599
1217,0.048954
1218,0.048636
1219,0.048809
1220,0.046235
1221,0.048540
1222,0.047931
1223,0.048558
1224,0.096399
1225,0.049072
1226,0.047124
1227,0.048703
1228,0.048899
1229,0.048522
1230,0.048675
1231,0.048764
1232,0.048519
1233,0.046928
1234,0.042650
1235,0.044221
1236,0.044612
1237,0.043975
1238,0.043697
1239,0.044062
1240,0.043060
1241,0.044802
1242,0.045172
1243,0.045549
1244,0.043793
1245,0.044699
1246,0.048288
1247,0.048911
1248,0.047599
1249,0.048749
1250,0.048212
1251,0.048079
1252,0.047937
1253,0.048130
1254,0.044451
1255,0.047172
1256,0.047373
1257,0.047758
1258,0.048639
1259,0.048301
1260,0.047978
1261,0.047852
1262,0.048090
1263,0.049479
1264,0.048198
1265,0.049203
1266,0.047780
1267,0.048223
1268,0.048085
1269,0.048400
1270,0.048156
1271,0.047582
1272,0.048815
1273,0.046545
1274,0.047610
1275,0.030389
1276,0.048540
1277,0.043614
1278,0.044916
1279,0.042610
1280,0.044080
1281,0.043593
1282,0.047938
1283,0.044284
1284,0.043373
1285,0.043945
1286,0.043016
1287,0.043476
1288,0.043927
1289,0.043909
1290,0.043360
1291,0.043762
1292,0.043564
1293,0.043442
1294,0.043902
1295,0.043534
1296,0.043650
1297,0.043676
1298,0.043845
1299,0.044370
1300,0.044148
1301,0.044608
1302,0.044550
1303,0.043836
1304,0.044124
1305,0.044406
1306,0.044150
1307,0.044559
1308,0.043541
1309,0.043943
1310,0.044735
1311,0.043933
1312,0.043805
1313,0.044117
1314,0.043629
1315,0.044233
1316,0.044147
1317,0.043241
1318,0.043662
1319,0.043656
1320,0.044739
1321,0.043443
1322,0.043621
1323,0.043955
1324,0.043616
1325,0.043536
1326,0.043879
1327,0.043547
1328,0.044156
1329,0.043714
1330,0.043895
1331,0.043532
1332,0.043822
1333,0.043543
1334,0.044327
1335,0.058415
1336,0.043967
1337,0.044847
1338,0.042979
1339,0.043681
1340,0.043840
1341,0.044857
1342,0.044227
1343,0.034883
1344,0.046069
1345,0.087463
1346,0.043901
1347,0.043590
1348,0.043139
1349,0.043376
1350,0.043688
1351,0.044907
1352,0.044080
1353,0.043811
1354,0.043764
1355,0.044029
1356,0.043457
1357,0.043848
1358,0.043224
1359,0.044104
1360,0.044177
1361,0.044329
1362,0.044817
1363,0.045478
1364,0.044180
1365,0.044799
1366,0.046165
1367,0.046383
1368,0.049187
1369,0.048473
1370,0.047856
1371,0.049582
1372,0.048319
1373,0.096059
1374,0.048616
1375,0.049414
1376,0.047055
1377,0.048697
1378,0.048173
1379,0.048198
1380,0.048408
1381,0.047777
1382,0.048254
1383,0.049142
1384,0.048089
1385,0.048705
1386,0.048200
1387,0.048541
1388,0.049313
1389,0.048700
1390,0.049357
1391,0.048028
1392,0.049469
1393,0.047716
1394,0.047983
1395,0.049066
1396,0.048449
1397,0.048609
1398,0.047974
1399,0.048818
1400,0.049060
1401,0.049037
1402,0.048890
1403,0.048656
1404,0.048131
1405,0.049096
1406,0.048518
1407,0.049120
1408,0.049818
1409,0.049002
1410,0.048572
1411,0.048826
1412,0.047100
1413,0.049067
1414,0.049266
1415,0.048742
1416,0.049683
1417,0.048402
1418,0.049040
1419,0.047838
1420,0.048309
1421,0.048521
1422,0.048930
1423,0.048644
1424,0.049165
1425,0.047327
1426,0.048392
1427,0.048432
1428,0.048964
1429,0.049183
1430,0.047914
1431,0.049724
1432,0.048750
1433,0.048815
1434,0.048170
1435,0.048711
1436,0.047014
1437,0.048695
1438,0.049442
1439,0.049577
1440,0.049101
1441,0.048701
1442,0.047775
1443,0.047868
1444,0.048617
1445,0.046273
1446,0.031144
1447,0.043815
1448,0.044860
1449,0.044919
1450,0.048398
1451,0.047988
1452,0.048613
1453,0.048895
1454,0.047547
1455,0.047617
1456,0.047950
1457,0.046400
1458,0.049489
1459,0.049129
1460,0.049422
1461,0.047682
1462,0.049742
1463,0.048129
1464,0.048572
1465,0.047638
1466,0.098230
1467,0.048751
1468,0.048834
1469,0.049341
1470,0.047850
1471,0.048446
1472,0.048786
1473,0.048396
1474,0.048678
1475,0.048069
1476,0.048828
1477,0.048646
1478,0.049262
1479,0.048136
1480,0.048897
1481,0.048793
1482,0.046660
1483,0.048015
1484,0.048907
1485,0.048930
1486,0.049144
1487,0.047820
1488,0.048163
1489,0.049050
1490,0.049037
1491,0.048869
1492,0.048105
1493,0.048650
1494,0.048952
1495,0.047249
1496,0.048252
1497,0.049228
1498,0.049463
1499,0.048437
1500,0.047007
1501,0.048675
1502,0.049177
1503,0.048790
1504,0.048647
1505,0.048594
1506,0.049010
1507,0.049022
1508,0.048212
1509,0.048187
1510,0.047873
1511,0.048749
1512,0.048325
1513,0.048709
1514,0.049492
1515,0.048814
1516,0.047922
1517,0.049030
1518,0.049565
1519,0.049367
1520,0.049527
1521,0.048040
1522,0.049080
1523,0.048991
1524,0.047581
1525,0.047305
1526,0.047207
1527,0.048083
1528,0.045881
1529,0.045927
1530,0.047667
1531,0.048244
1532,0.048480
1533,0.047686
1534,0.048460
1535,0.048701
1536,0.049165
1537,0.047607
1538,0.048800
1539,0.049588
1540,0.047940
1541,0.048299
1542,0.049010
1543,0.048408
1544,0.048986
1545,0.049200
1546,0.048699
1547,0.049040
1548,0.046046
1549,0.044831
1550,0.031509
1551,0.043357
1552,0.043530
1553,0.044025
1554,0.044589
1555,0.044119
1556,0.043808
1557,0.043608
1558,0.043756
1559,0.043895
1560,0.044114
1561,0.044382
1562,0.043465
1563,0.044445
1564,0.043745
1565,0.044018
1566,0.044068
1567,0.044010
1568,0.043609
1569,0.044350
1570,0.043998
1571,0.044035
1572,0.044059
1573,0.056102
1574,0.045966
1575,0.042339
1576,0.043755
1577,0.044266
1578,0.042647
1579,0.040450
1580,0.029287
1581,0.044229
1582,0.044211
1583,0.044073
1584,0.043403
1585,0.044242
1586,0.043697
1587,0.043757
1588,0.043832
1589,0.043388
1590,0.043910
1591,0.043306
1592,0.043606
1593,0.044500
1594,0.042904
1595,0.044455
1596,0.043432
1597,0.044340
1598,0.044237
1599,0.045214
1600,0.048457
1601,0.049441
1602,0.048585
1603,0.048106
1604,0.047533
1605,0.048061
1606,0.048982
1607,0.049011
1608,0.049729
1609,0.048792
1610,0.048869
1611,0.049400
1612,0.049118
1613,0.047635
1614,0.048757
1615,0.049677
1616,0.048522
1617,0.049048
1618,0.049109
1619,0.048724
1620,0.049582
1621,0.046390
1622,0.044895
1623,0.044129
1624,0.044643
1625,0.047114
1626,0.045605
1627,0.045404
1628,0.048317
1629,0.045757
1630,0.045341
1631,0.048036
1632,0.045724
1633,0.045018
1634,0.046901
1635,0.047118
1636,0.048048
1637,0.046807
1638,0.095711
1639,0.045853
1640,0.048010
1641,0.048407
1642,0.048157
1643,0.048831
1644,0.049266
1645,0.047996
1646,0.048653
1647,0.048065
1648,0.048485
1649,0.048530
1650,0.048969
1651,0.049653
1652,0.048854
1653,0.048854
1654,0.048909
1655,0.049321
1656,0.049694
1657,0.047961
1658,0.049166
1659,0.048826
1660,0.048599
1661,0.096396
1662,0.048680
1663,0.048437
1664,0.048667
1665,0.048785
1666,0.048677
1667,0.049539
1668,0.048968
1669,0.047925
1670,0.048426
1671,0.049203
1672,0.047924
1673,0.048300
1674,0.047826
1675,0.047550
1676,0.045241
1677,0.048440
1678,0.048694
1679,0.048582
1680,0.049101
1681,0.047284
1682,0.048581
1683,0.048388
1684,0.046760
1685,0.048906
1686,0.044790
1687,0.048075
1688,0.048495
1689,0.048528
1690,0.048368
1691,0.048701
1692,0.047627
1693,0.048442
1694,0.048244
1695,0.047914
1696,0.048944
1697,0.047941
1698,0.048432
1699,0.048531
1700,0.047766
1701,0.048785
1702,0.048693
1703,0.049365
1704,0.048211
1705,0.048527
1706,0.049084
1707,0.049023
1708,0.048802
1709,0.048425
1710,0.047578
1711,0.047912
1712,0.048210
1713,0.049118
1714,0.048899
1715,0.048275
1716,0.048203
1717,0.048724
1718,0.048531
1719,0.049116
1720,0.048897
1721,0.049198
1722,0.048216
1723,0.048747
1724,0.048620
1725,0.046241
1726,0.048767
1727,0.049077
1728,0.048654
1729,0.048938
1730,0.049252
1731,0.049349
1732,0.048088
1733,0.048838
1734,0.048622
1735,0.049293
1736,0.048557
1737,0.048204
1738,0.047834
1739,0.049174
1740,0.048939
1741,0.048828
1742,0.049119
1743,0.048211
1744,0.049556
1745,0.048594
1746,0.048862
1747,0.049125
1748,0.048815
1749,0.049382
1750,0.048384
1751,0.049296
1752,0.049295
1753,0.097222
1754,0.049605
1755,0.049130
1756,0.049136
1757,0.049404
1758,0.049102
1759,0.048941
1760,0.048475
1761,0.048464
1762,0.048879
1763,0.048968
1764,0.049027
1765,0.047105
1766,0.048000
1767,0.047598
1768,0.048871
1769,0.049409
1770,0.049803
1771,0.048695
1772,0.048693
1773,0.048340
1774,0.048907
1775,0.049174
1776,0.048995
1777,0.047771
1778,0.049336
1779,0.047290
1780,0.048976
1781,0.048060
1782,0.049225
1783,0.048096
1784,0.048139
1785,0.048301
1786,0.048712
1787,0.048279
1788,0.049097
1789,0.049086
1790,0.048661
1791,0.049149
1792,0.048528
1793,0.048650
1794,0.048531
1795,0.048701
1796,0.048103
1797,0.048728
1798,0.047917
1799,0.049234
1800,0.048250
1801,0.049260
1802,0.049156
1803,0.046281
1804,0.048435
1805,0.049286
1806,0.048680
1807,0.047481
1808,0.048549
1809,0.049080
1810,0.048871
1811,0.048515
1812,0.049235
1813,0.049332
1814,0.049356
1815,0.048598
1816,0.048572
1817,0.049120
1818,0.048974
1819,0.049407
1820,0.048355
1821,0.048379
1822,0.049445
1823,0.048556
1824,0.048744
1825,0.048259
1826,0.048717
1827,0.048693
1828,0.049228
1829,0.047747
1830,0.049513
1831,0.049002
1832,0.048417
1833,0.049493
1834,0.048969
1835,0.049396
1836,0.048944
1837,0.049249
1838,0.048226
1839,0.049172
1840,0.047546
1841,0.048106
1842,0.047957
1843,0.049476
1844,0.047984
1845,0.048642
1846,0.048653
1847,0.048625
1848,0.049474
1849,0.047913
1850,0.048988
1851,0.048403
1852,0.049123
1853,0.049268
1854,0.049147
1855,0.047273
1856,0.049053
1857,0.047529
1858,0.048225
1859,0.049107
1860,0.048663
1861,0.048042
1862,0.047977
1863,0.049153
1864,0.048579
1865,0.049689
1866,0.049023
1867,0.049216
1868,0.046594
1869,0.048380
1870,0.049130
1871,0.049006
1872,0.047824
1873,0.048219
1874,0.048572
1875,0.048283
1876,0.048881
1877,0.047876
1878,0.049087
1879,0.048971
1880,0.048409
1881,0.048639
1882,0.048956
1883,0.048554
1884,0.049057
1885,0.049085
1886,0.049467
1887,0.048713
1888,0.048356
1889,0.049233
1890,0.049458
1891,0.048396
1892,0.049091
1893,0.048513
1894,0.048716
1895,0.049083
1896,0.048669
1897,0.047782
1898,0.048492
1899,0.048956
1900,0.049103
1901,0.048448
1902,0.048727
1903,0.049309
1904,0.048013
1905,0.048434
1906,0.049486
1907,0.049380
1908,0.048638
1909,0.048881
1910,0.049292
1911,0.049864
1912,0.048965
1913,0.048950
1914,0.048515
1915,0.049239
1916,0.049917
1917,0.047648
1918,0.048950
1919,0.048860
1920,0.049158
1921,0.048433
1922,0.048539
1923,0.049396
1924,0.047415
1925,0.048901
1926,0.048427
1927,0.048717
1928,0.048989
1929,0.047734
1930,0.048532
1931,0.049069
1932,0.049404
1933,0.048606
1934,0.048424
1935,0.048411
1936,0.046207
1937,0.047899
1938,0.048382
1939,0.049183
1940,0.048873
1941,0.049133
1942,0.048010
1943,0.047869
1944,0.048686
1945,0.048567
1946,0.048487
1947,0.049375
1948,0.049697
1949,0.048497
1950,0.047739
1951,0.049250
1952,0.044180
1953,0.048655
1954,0.049416
1955,0.047763
1956,0.049335
1957,0.046597
1958,0.048376
1959,0.047633
1960,0.048646
1961,0.048869
1962,0.048207
1963,0.048387
1964,0.047977
1965,0.048076
1966,0.048662
1967,0.048293
1968,0.048424
1969,0.057533
1970,0.043765
1971,0.043390
1972,0.044160
1973,0.044148
1974,0.043283
1975,0.043876
1976,0.044953
1977,0.044479
1978,0.043439
1979,0.044763
1980,0.043784
1981,0.044764
1982,0.042984
1983,0.043582
1984,0.044286
1985,0.043498
1986,0.087578
1987,0.043738
1988,0.043494
1989,0.044121
1990,0.043923
1991,0.044609
1992,0.044327
1993,0.044587
1994,0.086842
1995,0.043478
1996,0.044779
1997,0.044277
1998,0.044035
1999,0.045146
2000,0.045580
2001,0.044448
2002,0.045041
2003,0.044888
2004,0.048451
2005,0.049244
2006,0.048409
2007,0.048814
2008,0.048634
2009,0.048596
2010,0.048732
2011,0.049157
2012,0.048759
2013,0.047090
2014,0.048796
2015,0.049037
2016,0.049226
2017,0.049343
2018,0.049648
2019,0.048545
2020,0.048993
2021,0.048450
2022,0.045753
2023,0.043845
2024,0.048283
2025,0.048153
2026,0.049188
2027,0.049793
2028,0.048967
2029,0.049033
2030,0.045804
2031,0.048499
2032,0.046754
2033,0.043847
2034,0.044817
2035,0.044861
2036,0.045053
2037,0.046541
2038,0.046826
2039,0.046165
2040,0.044553
2041,0.048938
2042,0.048257
2043,0.048408
2044,0.047976
2045,0.044913
2046,0.046339
2047,0.048836
2048,0.047841
2049,0.049274
2050,0.044762
2051,0.047161
2052,0.048817
2053,0.048511
2054,0.045617
2055,0.048150
2056,0.045229
2057,0.048981
2058,0.048736
2059,0.048803
2060,0.047830
2061,0.049116
2062,0.049036
2063,0.048763
2064,0.047747
2065,0.048939
2066,0.048846
2067,0.048401
2068,0.049023
2069,0.047670
2070,0.046979
2071,0.049016
2072,0.048836
2073,0.049228
2074,0.049287
2075,0.048366
2076,0.047465
2077,0.048429
2078,0.049220
2079,0.048464
2080,0.048154
2081,0.046422
2082,0.049408
2083,0.048961
2084,0.049350
2085,0.049466
2086,0.047826
2087,0.048370
2088,0.048190
2089,0.048065
2090,0.048349
2091,0.049523
2092,0.048555
2093,0.048812
2094,0.049303
2095,0.048358
2096,0.049046
2097,0.049077
2098,0.049843
2099,0.049050
2100,0.049158
2101,0.048907
2102,0.049585
2103,0.049399
2104,0.049434
2105,0.049186
2106,0.049842
2107,0.049895
2108,0.048999
2109,0.047923
2110,0.049355
2111,0.048496
2112,0.045169
2113,0.049102
2114,0.049780
2115,0.050002
2116,0.049502
2117,0.046755
2118,0.049152
2119,0.048967
2120,0.047107
2121,0.048533
2122,0.046130
2123,0.048286
2124,0.049409
2125,0.046861
2126,0.048763
2127,0.048978
2128,0.049322
2129,0.048693
2130,0.048785
2131,0.048707
2132,0.048150
2133,0.049371
2134,0.048274
2135,0.048612
2136,0.048663
2137,0.047844
2138,0.048972
2139,0.049853
2140,0.048143
2141,0.049256
2142,0.049879
2143,0.049780
2144,0.049037
2145,0.049273
2146,0.048610
2147,0.048111
2148,0.047301
2149,0.049188
2150,0.049209
2151,0.048716
2152,0.049438
2153,0.048747
2154,0.049294
2155,0.049549
2156,0.049722
2157,0.049050
2158,0.046612
2159,0.049760
2160,0.048027
2161,0.049511
2162,0.044142
2163,0.043920
2164,0.044154
2165,0.044520
2166,0.047172
2167,0.048464
2168,0.047971
2169,0.048277
2170,0.047563
2171,0.048093
2172,0.049167
2173,0.047591
2174,0.047864
2175,0.048625
2176,0.049888
2177,0.048022
2178,0.049430
2179,0.047786
2180,0.049083
2181,0.048825
2182,0.048553
2183,0.048641
2184,0.049389
2185,0.047787
2186,0.048944
2187,0.048386
2188,0.048464
2189,0.047230
2190,0.048308
2191,0.047103
2192,0.048470
2193,0.048815
2194,0.048152
2195,0.047472
2196,0.049345
2197,0.048959
2198,0.048764
2199,0.049520
2200,0.045363
2201,0.048195
2202,0.048483
2203,0.048380
2204,0.049363
2205,0.047527
2206,0.046810
2207,0.048130
2208,0.048953
2209,0.049139
2210,0.048143
2211,0.047869
2212,0.048874
2213,0.048754
2214,0.049007
2215,0.048877
2216,0.049467
2217,0.047154
2218,0.049083
2219,0.048148
2220,0.048682
2221,0.048259
2222,0.048154
2223,0.048772
2224,0.049425
2225,0.048554
2226,0.047838
2227,0.048842
2228,0.049165
2229,0.049156
2230,0.048486
2231,0.045886
2232,0.048716
2233,0.048631
2234,0.047099
2235,0.043655
2236,0.047584
2237,0.048829
2238,0.048720
2239,0.047447
2240,0.048501
2241,0.047921
2242,0.048355
2243,0.049426
2244,0.049166
2245,0.049010
2246,0.048133
2247,0.047569
2248,0.049248
2249,0.048770
2250,0.048869
2251,0.048756
2252,0.048907
2253,0.048496
2254,0.048623
2255,0.048647
2256,0.048309
2257,0.048433
2258,0.049327
2259,0.048744
2260,0.049207
2261,0.046334
2262,0.047134
2263,0.048183
2264,0.049201
2265,0.049284
2266,0.048126
2267,0.048482
2268,0.049529
2269,0.048964
2270,0.049703
2271,0.049285
2272,0.048968
# total_episodes=2272, avg_seconds=0.048595
