# episode_index, seconds
1,0.003259
2,0.003176
3,0.001828
4,0.002935
5,0.002401
6,0.002849
7,0.002832
8,0.002831
9,0.002870
10,0.002826
11,0.003313
12,0.002810
13,0.002894
14,0.002852
15,0.003370
16,0.002858
17,0.002904
18,0.003406
19,0.002378
20,0.002881
21,0.031355
22,0.132472
23,0.132697
24,0.080204
25,0.106862
26,0.078907
27,0.078348
28,0.078060
29,0.052310
30,0.078566
31,0.052419
32,0.052153
33,0.052395
34,0.078123
35,0.078310
36,0.104168
37,0.078553
38,0.078373
39,0.078283
40,0.052547
41,0.078533
42,0.104351
43,0.078587
44,0.104104
45,0.078423
46,0.026339
47,0.026668
48,0.078676
49,0.079025
50,0.133447
51,0.131506
52,0.026678
53,0.079142
54,0.052719
55,0.052923
56,0.081110
57,0.054180
58,0.080806
59,0.107824
60,0.027319
61,0.053631
62,0.053876
63,0.027303
64,0.027244
65,0.027028
66,0.027132
67,0.027091
68,0.054159
69,0.026926
70,0.027408
71,0.027246
72,0.027164
73,0.027336
74,0.027767
75,0.082140
76,0.026978
77,0.054010
78,0.027023
79,0.027084
80,0.027124
81,0.027155
82,0.027098
83,0.027116
84,0.027322
85,0.027290
86,0.027091
87,0.027054
88,0.026986
89,0.027344
90,0.026818
91,0.107651
92,0.053861
93,0.081319
94,0.027876
95,0.026384
96,0.026470
97,0.026539
98,0.026404
99,0.026455
100,0.026450
101,0.026683
102,0.026287
103,0.026480
104,0.027238
105,0.026679
106,0.026721
107,0.026302
108,0.026620
109,0.026645
110,0.026443
111,0.026462
112,0.026373
113,0.053103
114,0.026442
115,0.026599
116,0.026329
117,0.026692
118,0.026627
119,0.026372
120,0.026623
121,0.026556
122,0.026360
123,0.026306
124,0.026477
125,0.026704
126,0.026222
127,0.026393
128,0.026332
129,0.026832
130,0.026531
131,0.026534
132,0.052846
133,0.026430
134,0.026367
135,0.026408
136,0.026639
137,0.026566
138,0.026589
139,0.026469
140,0.026466
141,0.026478
142,0.026432
143,0.026567
144,0.026450
145,0.026681
146,0.026657
147,0.026624
148,0.026502
149,0.026471
150,0.026567
151,0.026451
152,0.026379
153,0.026774
154,0.026415
155,0.026356
156,0.026356
157,0.026446
158,0.026663
159,0.026359
160,0.026626
161,0.026588
162,0.026487
163,0.026735
164,0.026468
165,0.026591
166,0.026412
167,0.026588
168,0.026664
169,0.026371
170,0.026574
171,0.026582
172,0.026772
173,0.026611
174,0.026174
175,0.026626
176,0.026446
177,0.026675
178,0.026424
179,0.026429
180,0.026657
181,0.026256
182,0.026578
183,0.026620
184,0.026163
185,0.026685
186,0.026466
187,0.026737
188,0.026363
189,0.026446
190,0.026497
191,0.026576
192,0.026458
193,0.026460
194,0.026588
195,0.026413
196,0.026460
197,0.026399
198,0.026492
199,0.026599
200,0.026580
201,0.026510
202,0.026480
203,0.026399
204,0.026570
205,0.026631
206,0.026413
207,0.026503
208,0.026266
209,0.026785
210,0.026413
211,0.026653
212,0.026616
213,0.026640
214,0.026459
215,0.026298
216,0.026501
217,0.026382
218,0.026475
219,0.026651
220,0.027071
221,0.026681
222,0.026388
223,0.026527
224,0.026623
225,0.026585
226,0.026538
227,0.026536
228,0.026426
229,0.026708
230,0.026475
231,0.026382
232,0.026304
233,0.026524
234,0.026521
235,0.026409
236,0.026512
237,0.026445
238,0.026568
239,0.026247
240,0.026438
241,0.026795
242,0.026439
243,0.026373
244,0.052711
245,0.026628
246,0.026471
247,0.026657
248,0.026261
249,0.026427
250,0.026629
251,0.026415
252,0.078767
253,0.052742
254,0.079307
255,0.104754
256,0.104767
257,0.105050
258,0.105275
259,0.079106
260,0.078888
261,0.098857
262,0.052712
263,0.052686
264,0.079107
265,0.079015
266,0.079065
267,0.053036
268,0.052452
269,0.052903
270,0.080519
271,0.081068
272,0.054025
273,0.080871
274,0.108381
275,0.081028
276,0.080907
277,0.080576
278,0.079887
279,0.080977
280,0.081098
281,0.108267
282,0.081206
283,0.081118
284,0.079263
285,0.079191
286,0.078953
287,0.079405
288,0.079582
289,0.078776
290,0.078871
291,0.079518
292,0.078329
293,0.078396
294,0.078814
295,0.052325
296,0.078287
297,0.078529
298,0.078481
299,0.052289
300,0.078531
301,0.078680
302,0.078535
303,0.078235
304,0.052379
305,0.052640
306,0.052599
307,0.079889
308,0.053703
309,0.053868
310,0.053732
311,0.080421
312,0.053538
313,0.053906
314,0.027011
315,0.026927
316,0.026936
317,0.027031
318,0.027172
319,0.026831
320,0.026792
321,0.027027
322,0.027076
323,0.027043
324,0.053790
325,0.027100
326,0.027189
327,0.027066
328,0.026906
329,0.026971
330,0.027120
331,0.026896
332,0.027015
333,0.027224
334,0.026919
335,0.026960
336,0.026862
337,0.027030
338,0.026876
339,0.026938
340,0.026912
341,0.027119
342,0.026984
343,0.027179
344,0.027017
345,0.026996
346,0.026929
347,0.026945
348,0.026918
349,0.026843
350,0.026939
351,0.026911
352,0.027044
353,0.027025
354,0.027121
355,0.042467
356,0.026398
357,0.026449
358,0.026392
359,0.026546
360,0.026421
361,0.026594
362,0.026450
363,0.026707
364,0.052635
365,0.026569
366,0.026467
367,0.026525
368,0.026453
369,0.052894
370,0.026451
371,0.026631
372,0.026387
373,0.026493
374,0.026608
375,0.026328
376,0.052218
377,0.026462
378,0.052764
379,0.026628
380,0.026406
381,0.026665
382,0.026543
383,0.026483
384,0.026409
385,0.026479
386,0.026759
387,0.026456
388,0.052794
389,0.026327
390,0.026651
391,0.026241
392,0.026367
393,0.052485
394,0.026655
395,0.026427
396,0.026585
397,0.026393
398,0.026440
399,0.052951
400,0.026427
401,0.052708
402,0.026499
403,0.026521
404,0.026668
405,0.026487
406,0.026637
407,0.026623
408,0.026379
409,0.026679
410,0.026323
411,0.026231
412,0.026329
413,0.026478
414,0.026545
415,0.026435
416,0.026471
417,0.026546
418,0.026632
419,0.026408
420,0.026310
421,0.026463
422,0.026631
423,0.026478
424,0.026493
425,0.026553
426,0.026638
427,0.026412
428,0.026458
429,0.026380
430,0.026282
431,0.026413
432,0.026486
433,0.026524
434,0.026340
435,0.026670
436,0.026554
437,0.026483
438,0.026608
439,0.026409
440,0.026343
441,0.026415
442,0.026440
443,0.026675
444,0.026559
445,0.026666
446,0.026480
447,0.026334
448,0.026470
449,0.026565
450,0.026585
451,0.026354
452,0.026730
453,0.026818
454,0.026365
455,0.026480
456,0.026529
457,0.026864
458,0.026616
459,0.026614
460,0.026580
461,0.026265
462,0.026661
463,0.026577
464,0.026391
465,0.026508
466,0.026449
467,0.026714
468,0.026398
469,0.026922
470,0.027269
471,0.026934
472,0.027008
473,0.026700
474,0.026309
475,0.026753
476,0.026576
477,0.026849
478,0.026342
479,0.026358
480,0.052346
481,0.026562
482,0.026519
483,0.026390
484,0.026747
485,0.053058
486,0.026395
487,0.052821
488,0.026356
489,0.026743
490,0.026391
491,0.026654
492,0.079169
493,0.078582
494,0.053811
495,0.052977
496,0.079528
497,0.053033
498,0.026472
499,0.079022
500,0.026520
501,0.052673
502,0.079225
503,0.078773
504,0.026455
505,0.052686
506,0.026631
507,0.052786
508,0.026304
509,0.026554
510,0.026497
511,0.026387
512,0.026421
513,0.026509
514,0.026764
515,0.042795
516,0.026285
517,0.026585
518,0.026455
519,0.026540
520,0.026290
521,0.026452
522,0.026641
523,0.026384
524,0.026545
525,0.026411
526,0.026413
527,0.026461
528,0.026417
529,0.026462
530,0.026340
531,0.026584
532,0.026521
533,0.026447
534,0.026619
535,0.026511
536,0.026527
537,0.026533
538,0.026447
539,0.026652
540,0.026452
541,0.026416
542,0.026254
543,0.026354
544,0.026471
545,0.026547
546,0.026347
547,0.026482
548,0.026626
549,0.026607
550,0.026268
551,0.026540
552,0.026359
553,0.026629
554,0.026350
555,0.026336
556,0.026646
557,0.026434
558,0.026654
559,0.026284
560,0.026346
561,0.026551
562,0.026291
563,0.026574
564,0.026392
565,0.026626
566,0.026307
567,0.026356
568,0.026587
569,0.026492
570,0.026573
571,0.026410
572,0.026112
573,0.026472
574,0.026360
575,0.026585
576,0.026382
577,0.026666
578,0.026630
579,0.026463
580,0.026502
581,0.026463
582,0.026545
583,0.026395
584,0.026379
585,0.026633
586,0.026154
587,0.026383
588,0.026458
589,0.026506
590,0.026466
591,0.026386
592,0.026542
593,0.026360
594,0.026590
595,0.026237
596,0.026320
597,0.026494
598,0.026417
599,0.026567
600,0.026414
601,0.026406
602,0.026470
603,0.026247
604,0.026584
605,0.026360
606,0.026344
607,0.026699
608,0.052883
609,0.052661
610,0.026318
611,0.026221
612,0.052729
613,0.052906
614,0.052378
615,0.052648
616,0.104694
617,0.079157
618,0.104817
619,0.104872
620,0.078595
621,0.104771
622,0.130988
623,0.104804
624,0.105237
625,0.105093
626,0.105306
627,0.078892
628,0.079036
629,0.078879
630,0.078389
631,0.078439
632,0.052674
633,0.052806
634,0.078762
635,0.078936
636,0.078756
637,0.052706
638,0.078467
639,0.078920
640,0.079096
641,0.079263
642,0.094940
643,0.079113
644,0.079113
645,0.078490
646,0.078670
647,0.078670
648,0.079125
649,0.078796
650,0.079060
651,0.079122
652,0.078949
653,0.078685
654,0.078847
655,0.105263
656,0.078503
657,0.078744
658,0.105315
659,0.078947
660,0.078914
661,0.078596
662,0.078563
663,0.104735
664,0.078685
665,0.078810
666,0.078342
667,0.078851
668,0.078943
669,0.079026
670,0.078525
671,0.078565
672,0.052648
673,0.078853
674,0.078932
675,0.078102
676,0.052138
677,0.078313
678,0.026472
679,0.052399
680,0.052216
681,0.026423
682,0.026257
683,0.026224
684,0.026310
685,0.026430
686,0.026249
687,0.026241
688,0.026073
689,0.026415
690,0.026236
691,0.026212
692,0.026111
693,0.026348
694,0.026263
695,0.026261
696,0.026222
697,0.026248
698,0.026314
699,0.026245
700,0.026374
701,0.078211
702,0.026233
703,0.026211
704,0.052281
705,0.078559
706,0.026228
707,0.078176
708,0.026154
709,0.052297
710,0.052368
711,0.052072
712,0.052293
713,0.052198
714,0.052042
715,0.052315
716,0.052279
717,0.026338
718,0.052125
719,0.026384
720,0.052403
721,0.052397
722,0.052115
723,0.026296
724,0.026303
725,0.026413
726,0.052123
727,0.026273
728,0.026288
729,0.026525
730,0.026246
731,0.026122
732,0.026252
733,0.026284
734,0.026253
735,0.026196
736,0.026255
737,0.026370
738,0.027274
739,0.026300
740,0.026232
741,0.026481
742,0.026169
743,0.026390
744,0.026262
745,0.026361
746,0.026236
747,0.026234
748,0.026393
749,0.026324
750,0.026220
751,0.026383
752,0.026207
753,0.026251
754,0.026342
755,0.026248
756,0.026319
757,0.026324
758,0.026260
759,0.026298
760,0.026226
761,0.026334
762,0.026258
763,0.026245
764,0.026270
765,0.026256
766,0.026218
767,0.026313
768,0.026226
769,0.026267
770,0.026321
771,0.026103
772,0.026162
773,0.026298
774,0.026193
775,0.026159
776,0.026263
777,0.026222
778,0.026198
779,0.026143
780,0.026224
781,0.026232
782,0.026174
783,0.026265
784,0.078133
785,0.026256
786,0.026190
787,0.052155
788,0.026099
789,0.026233
790,0.026249
791,0.026295
792,0.026293
793,0.026314
794,0.052271
795,0.052238
796,0.026120
797,0.026221
798,0.052287
799,0.052213
800,0.052383
801,0.026213
802,0.026203
803,0.052287
804,0.026190
805,0.026327
806,0.052188
807,0.026223
808,0.026280
809,0.026271
810,0.026322
811,0.026208
812,0.026237
813,0.026204
814,0.026160
815,0.026191
816,0.026178
817,0.026220
818,0.026129
819,0.026181
820,0.026261
821,0.026233
822,0.026344
823,0.026189
824,0.026225
825,0.026345
826,0.026344
827,0.026252
828,0.026174
829,0.026355
830,0.026208
831,0.026173
832,0.026283
833,0.026315
834,0.026261
835,0.026156
836,0.026177
837,0.026474
838,0.026374
839,0.026228
840,0.026238
841,0.026266
842,0.026143
843,0.026171
844,0.026258
845,0.026275
846,0.026227
847,0.026308
848,0.026349
849,0.026285
850,0.026225
851,0.026320
852,0.026203
853,0.026339
854,0.026202
855,0.026265
856,0.026123
857,0.026348
858,0.026164
859,0.026201
860,0.026253
861,0.026387
862,0.026307
863,0.026200
864,0.026389
865,0.026366
866,0.026457
867,0.026553
868,0.026337
869,0.052865
870,0.026369
871,0.026478
872,0.026578
873,0.026750
874,0.026490
875,0.026471
876,0.026553
877,0.026496
878,0.026319
879,0.026516
880,0.026821
881,0.026394
882,0.026429
883,0.026444
884,0.026350
885,0.026658
886,0.026528
887,0.026482
888,0.026611
889,0.026549
890,0.026586
891,0.026497
892,0.026481
893,0.052895
894,0.026688
895,0.026297
896,0.026545
897,0.026698
898,0.026383
899,0.026499
900,0.026381
901,0.026632
902,0.026510
903,0.026329
904,0.026610
905,0.026482
906,0.026613
907,0.026515
908,0.026288
909,0.026549
910,0.026377
911,0.026634
912,0.026366
913,0.026459
914,0.026590
915,0.026409
916,0.026317
917,0.042680
918,0.026245
919,0.026463
920,0.026297
921,0.026585
922,0.026444
923,0.026644
924,0.026194
925,0.026553
926,0.026570
927,0.026471
928,0.026421
929,0.026536
930,0.026666
931,0.026231
932,0.026385
933,0.026752
934,0.026439
935,0.026464
936,0.026311
937,0.026572
938,0.026543
939,0.026440
940,0.026299
941,0.026311
942,0.026432
943,0.026627
944,0.026448
945,0.026535
946,0.026487
947,0.026530
948,0.026471
949,0.026320
950,0.026493
951,0.026433
952,0.026574
953,0.026485
954,0.026500
955,0.026550
956,0.026379
957,0.026611
958,0.026361
959,0.026434
960,0.026529
961,0.026297
962,0.026414
963,0.026392
964,0.026525
965,0.026419
966,0.026482
967,0.026609
968,0.026415
969,0.026634
970,0.026396
971,0.026443
972,0.026693
973,0.026407
974,0.026386
975,0.026272
976,0.026445
977,0.026458
978,0.026413
979,0.026591
980,0.026411
981,0.026624
982,0.026463
983,0.026305
984,0.026603
985,0.026591
986,0.026471
987,0.026438
988,0.026475
989,0.026474
990,0.026408
991,0.026666
992,0.026232
993,0.026511
994,0.026601
995,0.026277
996,0.026406
997,0.026544
998,0.026633
999,0.026441
1000,0.026339
1001,0.026488
1002,0.026310
1003,0.026626
1004,0.026476
1005,0.026421
1006,0.026606
1007,0.026360
1008,0.026422
1009,0.026435
1010,0.026413
1011,0.026548
1012,0.026407
1013,0.026579
1014,0.026262
1015,0.052805
1016,0.026349
1017,0.026664
1018,0.026183
1019,0.026346
1020,0.026337
1021,0.026371
1022,0.026502
1023,0.026353
1024,0.026402
1025,0.026412
1026,0.026540
1027,0.026350
1028,0.026282
1029,0.026686
1030,0.026373
1031,0.026622
1032,0.026408
1033,0.026347
1034,0.026548
1035,0.026445
1036,0.026642
1037,0.026445
1038,0.026311
1039,0.026617
1040,0.052956
1041,0.078521
1042,0.026286
1043,0.079243
1044,0.052848
1045,0.052330
1046,0.026481
1047,0.026264
1048,0.078683
1049,0.078905
1050,0.052680
1051,0.026405
1052,0.026357
1053,0.026591
1054,0.026467
1055,0.026527
1056,0.026287
1057,0.026310
1058,0.026586
1059,0.026437
1060,0.026386
1061,0.026524
1062,0.026567
1063,0.026363
1064,0.026318
1065,0.026599
1066,0.026085
1067,0.026515
1068,0.026154
1069,0.026425
1070,0.026549
1071,0.026370
1072,0.026395
1073,0.026428
1074,0.026403
1075,0.026340
1076,0.026575
1077,0.026518
1078,0.026276
1079,0.026595
1080,0.026586
1081,0.026382
1082,0.026550
1083,0.026402
1084,0.026523
1085,0.026362
1086,0.026373
1087,0.026466
1088,0.026346
1089,0.026719
1090,0.026299
1091,0.026562
1092,0.026519
1093,0.046398
1094,0.026361
1095,0.026285
1096,0.026140
1097,0.026420
1098,0.026164
1099,0.026427
1100,0.026219
1101,0.026623
1102,0.026241
1103,0.026531
1104,0.026694
1105,0.026378
1106,0.026532
1107,0.026449
1108,0.026248
1109,0.026749
1110,0.026377
1111,0.078766
1112,0.052387
1113,0.026767
1114,0.026218
1115,0.079104
1116,0.026727
1117,0.078996
1118,0.026571
1119,0.026116
1120,0.026419
1121,0.026431
1122,0.026147
1123,0.026525
1124,0.026323
1125,0.026411
1126,0.026467
1127,0.026388
1128,0.026661
1129,0.026468
1130,0.026449
1131,0.026197
1132,0.026311
1133,0.026386
1134,0.026323
1135,0.026542
1136,0.026294
1137,0.026359
1138,0.026581
1139,0.026314
1140,0.026657
1141,0.026327
1142,0.026533
1143,0.026475
1144,0.026218
1145,0.026569
1146,0.026186
1147,0.026448
1148,0.026375
1149,0.026474
1150,0.026601
1151,0.026299
1152,0.026427
1153,0.026307
1154,0.026342
1155,0.026556
1156,0.026411
1157,0.026474
1158,0.026425
1159,0.026561
1160,0.026308
1161,0.026380
1162,0.026548
1163,0.026347
1164,0.026385
1165,0.026532
1166,0.026317
1167,0.026522
1168,0.026201
1169,0.026494
1170,0.026562
1171,0.026610
1172,0.026162
1173,0.026389
1174,0.026473
1175,0.026074
1176,0.026404
1177,0.026528
1178,0.026322
1179,0.026514
1180,0.026168
1181,0.026488
1182,0.026524
1183,0.026623
1184,0.026192
1185,0.026475
1186,0.026340
1187,0.026531
1188,0.026475
1189,0.026597
1190,0.026432
1191,0.026592
1192,0.026332
1193,0.026608
1194,0.026281
1195,0.026427
1196,0.026532
1197,0.026393
1198,0.026442
1199,0.026324
1200,0.026610
1201,0.026577
1202,0.026321
1203,0.026508
1204,0.026165
1205,0.026673
1206,0.026391
1207,0.026248
1208,0.026661
1209,0.078876
1210,0.026552
1211,0.026338
1212,0.078822
1213,0.026649
1214,0.104949
1215,0.026540
1216,0.052596
1217,0.052623
1218,0.078936
1219,0.052743
1220,0.052284
1221,0.026595
1222,0.026363
1223,0.052651
1224,0.052855
1225,0.026414
1226,0.026595
1227,0.026316
1228,0.026576
1229,0.026251
1230,0.026297
1231,0.026464
1232,0.026405
1233,0.052684
1234,0.026251
1235,0.026706
1236,0.026367
1237,0.026673
1238,0.026344
1239,0.026479
1240,0.026587
1241,0.026332
1242,0.026608
1243,0.026473
1244,0.026523
1245,0.026512
1246,0.026389
1247,0.026495
1248,0.026259
1249,0.026684
1250,0.026485
1251,0.026225
1252,0.026600
1253,0.026503
1254,0.026511
1255,0.026528
1256,0.026397
1257,0.026510
1258,0.026398
1259,0.043663
1260,0.026324
1261,0.026640
1262,0.026292
1263,0.026302
1264,0.026545
1265,0.026417
1266,0.026566
1267,0.026444
1268,0.052842
1269,0.026637
1270,0.052634
1271,0.026425
1272,0.026558
1273,0.078944
1274,0.079003
1275,0.079048
1276,0.078901
1277,0.078881
1278,0.078418
1279,0.078772
1280,0.078534
1281,0.078803
1282,0.079055
1283,0.078627
1284,0.078655
1285,0.052353
1286,0.026413
1287,0.026430
1288,0.026326
1289,0.026680
1290,0.026427
1291,0.026438
1292,0.026589
1293,0.026473
1294,0.026512
1295,0.026392
1296,0.026510
1297,0.026425
1298,0.026480
1299,0.026620
1300,0.026220
1301,0.026679
1302,0.026393
1303,0.026216
1304,0.026315
1305,0.026379
1306,0.026798
1307,0.026222
1308,0.026568
1309,0.026512
1310,0.026358
1311,0.026465
1312,0.026281
1313,0.026400
1314,0.026459
1315,0.026360
1316,0.026644
1317,0.026532
1318,0.026386
1319,0.026270
1320,0.026438
1321,0.026577
1322,0.026370
1323,0.026476
1324,0.026342
1325,0.026675
1326,0.026363
1327,0.026447
1328,0.026545
1329,0.026393
1330,0.026552
1331,0.026353
1332,0.026374
1333,0.026590
1334,0.026421
1335,0.026484
1336,0.026274
1337,0.026477
1338,0.026636
1339,0.026408
1340,0.026591
1341,0.026383
1342,0.026623
1343,0.026333
1344,0.026429
1345,0.026636
1346,0.026347
1347,0.026621
1348,0.026414
1349,0.026456
1350,0.026473
1351,0.026413
1352,0.026573
1353,0.026445
1354,0.026415
1355,0.026483
1356,0.026341
1357,0.026586
1358,0.026407
1359,0.026577
1360,0.026424
1361,0.026505
1362,0.026541
1363,0.026186
1364,0.026602
1365,0.026438
1366,0.026245
1367,0.026561
1368,0.026445
1369,0.026622
1370,0.026261
1371,0.026670
1372,0.026562
1373,0.026466
1374,0.026509
1375,0.026400
1376,0.026561
1377,0.026399
1378,0.026378
1379,0.026565
1380,0.026178
1381,0.026583
1382,0.026362
1383,0.026345
1384,0.026472
1385,0.026426
1386,0.026562
1387,0.026448
1388,0.026571
1389,0.026576
1390,0.026420
1391,0.026546
1392,0.026200
1393,0.026299
1394,0.026465
1395,0.026370
1396,0.026582
1397,0.026387
1398,0.026435
1399,0.026232
1400,0.026304
1401,0.026579
1402,0.026386
1403,0.026536
1404,0.026340
1405,0.026470
1406,0.026261
1407,0.026295
1408,0.026296
1409,0.026426
1410,0.026248
1411,0.026207
1412,0.026350
1413,0.026270
1414,0.026266
1415,0.026322
1416,0.026212
1417,0.026342
1418,0.026286
1419,0.026212
1420,0.026234
1421,0.043803
1422,0.025986
1423,0.026143
1424,0.026173
1425,0.026196
1426,0.026201
1427,0.026209
1428,0.026219
1429,0.026333
1430,0.026280
1431,0.026213
1432,0.026320
1433,0.026302
1434,0.026247
1435,0.026216
1436,0.026257
1437,0.026267
1438,0.026347
1439,0.026174
1440,0.026258
1441,0.026284
1442,0.026324
1443,0.026152
1444,0.026283
1445,0.026259
1446,0.026168
1447,0.026274
1448,0.026121
1449,0.026327
1450,0.026260
1451,0.026269
1452,0.026182
1453,0.026211
1454,0.052260
1455,0.052200
1456,0.052225
1457,0.052289
1458,0.052334
1459,0.052318
1460,0.052218
1461,0.052119
1462,0.052388
1463,0.052234
1464,0.052350
1465,0.078259
1466,0.052361
1467,0.052342
1468,0.052321
1469,0.052279
1470,0.052060
1471,0.052170
1472,0.026102
1473,0.026358
1474,0.052285
1475,0.052177
1476,0.026207
1477,0.026308
1478,0.052284
1479,0.052096
1480,0.026230
1481,0.052209
1482,0.026237
1483,0.026244
1484,0.026261
1485,0.026269
1486,0.026217
1487,0.026155
1488,0.026257
1489,0.026270
1490,0.052218
1491,0.026132
1492,0.052125
1493,0.052014
1494,0.026240
1495,0.052108
1496,0.052354
1497,0.052167
1498,0.026200
1499,0.026708
1500,0.052618
1501,0.026358
1502,0.026357
1503,0.026402
1504,0.026282
1505,0.026591
1506,0.026343
1507,0.026235
1508,0.026713
1509,0.026466
1510,0.026646
1511,0.026387
1512,0.026408
1513,0.026720
1514,0.026337
1515,0.026348
1516,0.026384
1517,0.026684
1518,0.026351
1519,0.026349
1520,0.026543
1521,0.026314
1522,0.026584
1523,0.026569
1524,0.026480
1525,0.026606
1526,0.026561
1527,0.026652
1528,0.026210
1529,0.026410
1530,0.026594
1531,0.026318
1532,0.026363
1533,0.026422
1534,0.026511
1535,0.026397
1536,0.026404
1537,0.026687
1538,0.026135
1539,0.026253
1540,0.026193
1541,0.026425
1542,0.026649
1543,0.026301
1544,0.026377
1545,0.026398
1546,0.026614
1547,0.026449
1548,0.026334
1549,0.026541
1550,0.026207
1551,0.026502
1552,0.026311
1553,0.026411
1554,0.026532
1555,0.026141
1556,0.026415
1557,0.026542
1558,0.026592
1559,0.026329
1560,0.026362
1561,0.026469
1562,0.026391
1563,0.026567
1564,0.026325
1565,0.026236
1566,0.026209
1567,0.026241
1568,0.026259
1569,0.026375
1570,0.026201
1571,0.026238
1572,0.026087
1573,0.026577
1574,0.026226
1575,0.026389
1576,0.026223
1577,0.026293
1578,0.026279
1579,0.026272
1580,0.042196
1581,0.026073
1582,0.026226
1583,0.026178
1584,0.026237
1585,0.026338
1586,0.026106
1587,0.026194
1588,0.026154
1589,0.026458
1590,0.026109
1591,0.026172
1592,0.026241
1593,0.026220
1594,0.026177
1595,0.026202
1596,0.026154
1597,0.026453
1598,0.026219
1599,0.026212
1600,0.026021
1601,0.026386
1602,0.026221
1603,0.026403
1604,0.026151
1605,0.026330
1606,0.026144
1607,0.026342
1608,0.026125
1609,0.026308
1610,0.026172
1611,0.026254
1612,0.026099
1613,0.026222
1614,0.026324
1615,0.026194
1616,0.026113
1617,0.026211
1618,0.026232
1619,0.026224
1620,0.026081
1621,0.026225
1622,0.026137
1623,0.026130
1624,0.026253
1625,0.026154
1626,0.026208
1627,0.026333
1628,0.026164
1629,0.052334
1630,0.026277
1631,0.052079
1632,0.052204
1633,0.026233
1634,0.052266
1635,0.052191
1636,0.052065
1637,0.052259
1638,0.052162
1639,0.052270
1640,0.052151
1641,0.052234
1642,0.052201
1643,0.026291
1644,0.026100
1645,0.026185
1646,0.026165
1647,0.026237
1648,0.026186
1649,0.026308
1650,0.026163
1651,0.026237
1652,0.026288
1653,0.026226
1654,0.026233
1655,0.026264
1656,0.026177
1657,0.026250
1658,0.026122
1659,0.026235
1660,0.026159
1661,0.026346
1662,0.026085
1663,0.026267
1664,0.026160
1665,0.026243
1666,0.026197
1667,0.026198
1668,0.026185
1669,0.026247
1670,0.026161
1671,0.026388
1672,0.026208
1673,0.026218
1674,0.026262
1675,0.026422
1676,0.026301
1677,0.026350
1678,0.026223
1679,0.026322
1680,0.026242
1681,0.026219
1682,0.026376
1683,0.026191
1684,0.026334
1685,0.026339
1686,0.026260
1687,0.026385
1688,0.026427
1689,0.026348
1690,0.026361
1691,0.026652
1692,0.026344
1693,0.026424
1694,0.026359
1695,0.026245
1696,0.026292
1697,0.026329
1698,0.026178
1699,0.026290
1700,0.026252
1701,0.026256
1702,0.026279
1703,0.026246
1704,0.026214
1705,0.026276
1706,0.026256
1707,0.026243
1708,0.026165
1709,0.026242
1710,0.026289
1711,0.026335
1712,0.026210
1713,0.026270
1714,0.026437
1715,0.026519
1716,0.026360
1717,0.026363
1718,0.026602
1719,0.026230
1720,0.026535
1721,0.026459
1722,0.026271
1723,0.026443
1724,0.026251
1725,0.026708
1726,0.026500
1727,0.026649
1728,0.026631
1729,0.026527
1730,0.026427
1731,0.026415
1732,0.026194
1733,0.026411
1734,0.026082
1735,0.026215
1736,0.026275
1737,0.026198
1738,0.026186
1739,0.026336
1740,0.026262
1741,0.026385
1742,0.026291
1743,0.026421
1744,0.026202
1745,0.026352
1746,0.026219
1747,0.026317
1748,0.026078
1749,0.026273
1750,0.026319
1751,0.026117
1752,0.026213
1753,0.026383
1754,0.026153
1755,0.026318
1756,0.026255
1757,0.026375
1758,0.043322
1759,0.026244
1760,0.026109
1761,0.026293
1762,0.026211
1763,0.026128
1764,0.026214
1765,0.026384
1766,0.026101
1767,0.026333
1768,0.026138
1769,0.026199
1770,0.026382
1771,0.026269
1772,0.026181
1773,0.026334
1774,0.026214
1775,0.026305
1776,0.026239
1777,0.026364
1778,0.026250
1779,0.026284
1780,0.026133
1781,0.026427
1782,0.026248
1783,0.026160
1784,0.026100
1785,0.026252
1786,0.026408
1787,0.026177
1788,0.026236
1789,0.026287
1790,0.026203
1791,0.026218
1792,0.026214
1793,0.026409
1794,0.026243
1795,0.026273
1796,0.026252
1797,0.026419
1798,0.026120
1799,0.026265
1800,0.026246
1801,0.026198
1802,0.026097
1803,0.026250
1804,0.026348
1805,0.026228
1806,0.026318
1807,0.026170
1808,0.026138
1809,0.026257
1810,0.026259
1811,0.026251
1812,0.026188
1813,0.026140
1814,0.026114
1815,0.026233
1816,0.026230
1817,0.026242
1818,0.026183
1819,0.026172
1820,0.026263
1821,0.026273
1822,0.026291
1823,0.026199
1824,0.026115
1825,0.026223
1826,0.026519
1827,0.026179
1828,0.026343
1829,0.026404
1830,0.026394
1831,0.026541
1832,0.026359
1833,0.026525
1834,0.026675
1835,0.026310
1836,0.026220
1837,0.052341
1838,0.026181
1839,0.052149
1840,0.026293
1841,0.052350
1842,0.026329
1843,0.026278
1844,0.051889
1845,0.026146
1846,0.052135
1847,0.052112
1848,0.052053
1849,0.052240
1850,0.052201
1851,0.052225
1852,0.052203
1853,0.052382
1854,0.026270
1855,0.026128
1856,0.026226
1857,0.026313
1858,0.026103
1859,0.026240
1860,0.026141
1861,0.026273
1862,0.026123
1863,0.026265
1864,0.026173
1865,0.026355
1866,0.026114
1867,0.026277
1868,0.052149
1869,0.026182
1870,0.026248
1871,0.026061
1872,0.026057
1873,0.026304
1874,0.026091
1875,0.026110
1876,0.026180
1877,0.026368
1878,0.026127
1879,0.026202
1880,0.052321
1881,0.052174
1882,0.052143
1883,0.052106
1884,0.026392
1885,0.026192
1886,0.026271
1887,0.026254
1888,0.026148
1889,0.026201
1890,0.026257
# total_episodes=1890, avg_seconds=0.033608
