# episode_index, seconds
1,0.003867
2,0.001881
3,0.002159
4,0.002163
5,0.001184
6,0.001155
7,0.001646
8,0.000614
9,0.000646
10,0.000697
11,0.002668
12,0.002636
13,0.001163
14,0.000617
15,0.000598
16,0.000612
17,0.000632
18,0.001615
19,0.000614
20,0.000602
21,0.000630
22,0.000619
23,0.002146
24,0.000622
25,0.001165
26,0.000615
27,0.002655
28,0.000638
29,0.001179
30,0.001137
31,0.000616
32,0.001142
33,0.000651
34,0.001154
35,0.000624
36,0.003217
37,0.001722
38,0.000631
39,0.000615
40,0.000618
41,0.000650
42,0.002175
43,0.001139
44,0.000621
45,0.002668
46,0.000614
47,0.058432
48,0.051465
49,0.051270
50,0.025615
51,0.103315
52,0.051596
53,0.025818
54,0.051618
55,0.025637
56,0.025778
57,0.025803
58,0.026887
59,0.027271
60,0.026218
61,0.026002
62,0.026266
63,0.025932
64,0.025652
65,0.026062
66,0.025776
67,0.026091
68,0.025780
69,0.026016
70,0.025861
71,0.051822
72,0.025787
73,0.026227
74,0.025736
75,0.026115
76,0.025678
77,0.026037
78,0.025751
79,0.026127
80,0.025984
81,0.025964
82,0.026137
83,0.025950
84,0.026144
85,0.025866
86,0.025969
87,0.025842
88,0.026010
89,0.025826
90,0.025854
91,0.025975
92,0.025994
93,0.026156
94,0.025836
95,0.025996
96,0.051898
97,0.025890
98,0.025924
99,0.026167
100,0.025792
101,0.025707
102,0.025959
103,0.026045
104,0.025706
105,0.026307
106,0.025796
107,0.025901
108,0.026095
109,0.026032
110,0.025846
111,0.051643
112,0.025561
113,0.026052
114,0.025908
115,0.051868
116,0.025913
117,0.026099
118,0.025753
119,0.025898
120,0.025934
121,0.051701
122,0.025975
123,0.077543
124,0.025888
125,0.026096
126,0.025806
127,0.025980
128,0.025975
129,0.025893
130,0.025931
131,0.025903
132,0.025887
133,0.025890
134,0.025944
135,0.025877
136,0.026056
137,0.025891
138,0.025759
139,0.026183
140,0.025844
141,0.025962
142,0.025772
143,0.026051
144,0.025898
145,0.026170
146,0.025779
147,0.025684
148,0.026080
149,0.026025
150,0.036359
151,0.025729
152,0.025881
153,0.025831
154,0.025627
155,0.025819
156,0.026135
157,0.025992
158,0.025975
159,0.025684
160,0.026062
161,0.025983
162,0.025816
163,0.025848
164,0.025711
165,0.026241
166,0.025815
167,0.025977
168,0.026004
169,0.026156
170,0.025978
171,0.025840
172,0.025845
173,0.026175
174,0.026079
175,0.025863
176,0.026144
177,0.026072
178,0.026232
179,0.025918
180,0.025769
181,0.026177
182,0.025900
183,0.026170
184,0.026079
185,0.026358
186,0.026101
187,0.051588
188,0.025984
189,0.026317
190,0.026076
191,0.026223
192,0.026084
193,0.026328
194,0.026091
195,0.025815
196,0.026097
197,0.025945
198,0.026041
199,0.025904
200,0.026341
201,0.026052
202,0.025730
203,0.026143
204,0.025931
205,0.026263
206,0.025954
207,0.026146
208,0.026083
209,0.025999
210,0.025864
211,0.025986
212,0.025977
213,0.025902
214,0.026156
215,0.025952
216,0.026180
217,0.026198
218,0.051417
219,0.025861
220,0.051916
221,0.026228
222,0.025860
223,0.026049
224,0.026075
225,0.026078
226,0.052331
227,0.025920
228,0.025727
229,0.051972
230,0.077573
231,0.026214
232,0.077611
233,0.079358
234,0.052237
235,0.052185
236,0.051982
237,0.052136
238,0.052223
239,0.051649
240,0.025920
241,0.026107
242,0.025890
243,0.025883
244,0.025850
245,0.026020
246,0.026085
247,0.025974
248,0.026176
249,0.026102
250,0.026163
251,0.025912
252,0.025667
253,0.026046
254,0.051781
255,0.026036
256,0.026172
257,0.025894
258,0.026034
259,0.025921
260,0.026017
261,0.026215
262,0.025773
263,0.026090
264,0.026019
265,0.026608
266,0.025909
267,0.025997
268,0.026185
269,0.025853
270,0.026139
271,0.025839
272,0.026194
273,0.025783
274,0.026065
275,0.025984
276,0.026068
277,0.025962
278,0.025862
279,0.026082
280,0.025920
281,0.026161
282,0.025743
283,0.026043
284,0.025942
285,0.026134
286,0.026188
287,0.026013
288,0.025964
289,0.025967
290,0.025880
291,0.025965
292,0.025814
293,0.026176
294,0.026732
295,0.026255
296,0.025891
297,0.026157
298,0.026112
299,0.025798
300,0.025747
301,0.026108
302,0.026128
303,0.026023
304,0.026263
305,0.026001
306,0.026101
307,0.025909
308,0.025766
309,0.026382
310,0.025902
311,0.026228
312,0.025991
313,0.026166
314,0.025766
315,0.025809
316,0.025879
317,0.025972
318,0.026022
319,0.025884
320,0.026124
321,0.025843
322,0.026020
323,0.026056
324,0.036492
325,0.030833
326,0.025999
327,0.025878
328,0.025826
329,0.026049
330,0.025990
331,0.026070
332,0.025917
333,0.026166
334,0.025883
335,0.025987
336,0.025919
337,0.025911
338,0.026346
339,0.025856
340,0.026398
341,0.026097
342,0.025830
343,0.026171
344,0.025882
345,0.026151
346,0.026005
347,0.026142
348,0.025853
349,0.026139
350,0.025994
351,0.025925
352,0.026042
353,0.025871
354,0.026043
355,0.025927
356,0.026071
357,0.025841
358,0.026062
359,0.026005
360,0.077553
361,0.026227
362,0.025946
363,0.051840
364,0.026002
365,0.025782
366,0.025949
367,0.026338
368,0.077395
369,0.026166
370,0.025888
371,0.026014
372,0.025817
373,0.026048
374,0.026034
375,0.025947
376,0.026241
377,0.025952
378,0.026138
379,0.025878
380,0.025837
381,0.026013
382,0.025809
383,0.026063
384,0.025782
385,0.026092
386,0.025980
387,0.026292
388,0.025878
389,0.025990
390,0.025963
391,0.025997
392,0.026161
393,0.025946
394,0.026232
395,0.026160
396,0.025904
397,0.026302
398,0.025979
399,0.026150
400,0.025933
401,0.026204
402,0.025965
403,0.026108
404,0.025924
405,0.026070
406,0.025953
407,0.025957
408,0.026074
409,0.026002
410,0.026068
411,0.026161
412,0.025892
413,0.026297
414,0.025995
415,0.026072
416,0.025849
417,0.026157
418,0.026042
419,0.026108
420,0.026046
421,0.026003
422,0.026136
423,0.025814
424,0.025857
425,0.026016
426,0.026224
427,0.026010
428,0.025882
429,0.026260
430,0.025806
431,0.026210
432,0.025945
433,0.026231
434,0.025917
435,0.026229
436,0.025945
437,0.026014
438,0.026181
439,0.026081
440,0.025955
441,0.025886
442,0.026156
443,0.026111
444,0.025853
445,0.026135
446,0.025886
447,0.026154
448,0.026049
449,0.026188
450,0.025923
451,0.026287
452,0.025949
453,0.026029
454,0.051962
455,0.026071
456,0.025839
457,0.026227
458,0.051847
459,0.025694
460,0.025871
461,0.026219
462,0.025792
463,0.026263
464,0.051536
465,0.026150
466,0.025981
467,0.026239
468,0.025999
469,0.026123
470,0.025911
471,0.026073
472,0.025945
473,0.026247
474,0.026068
475,0.025863
476,0.026418
477,0.026100
478,0.026159
479,0.025946
480,0.026279
481,0.025997
482,0.025934
483,0.026212
484,0.025921
485,0.026227
486,0.025963
487,0.026169
488,0.025949
489,0.025817
490,0.025814
491,0.025943
492,0.026283
493,0.026050
494,0.026010
495,0.025897
496,0.025909
497,0.051694
498,0.025907
499,0.077709
500,0.077750
501,0.077523
502,0.103723
503,0.077432
504,0.077499
505,0.077746
506,0.103409
507,0.103414
508,0.077924
509,0.052103
510,0.025940
511,0.025837
512,0.026068
513,0.051968
514,0.025746
515,0.026084
516,0.026010
517,0.026246
518,0.025930
519,0.051723
520,0.025957
521,0.026134
522,0.025958
523,0.026264
524,0.051738
525,0.025813
526,0.026029
527,0.026038
528,0.026028
529,0.026220
530,0.026033
531,0.026273
532,0.026073
533,0.026136
534,0.025968
535,0.026016
536,0.026102
537,0.026114
538,0.026221
539,0.025901
540,0.026174
541,0.026276
542,0.077400
543,0.078128
544,0.103692
545,0.078051
546,0.103354
547,0.103749
548,0.078001
549,0.077645
550,0.105326
551,0.053032
552,0.052545
553,0.052141
554,0.051857
555,0.025734
556,0.026021
557,0.052021
558,0.025877
559,0.026185
560,0.025908
561,0.026139
562,0.026318
563,0.026041
564,0.026211
565,0.026017
566,0.026206
567,0.026126
568,0.026181
569,0.026111
570,0.025906
571,0.025951
572,0.025854
573,0.026276
574,0.025963
575,0.026055
576,0.025798
577,0.025989
578,0.026016
579,0.025860
580,0.026159
581,0.026069
582,0.026189
583,0.025787
584,0.025838
585,0.026124
586,0.025998
587,0.026145
588,0.025892
589,0.026103
590,0.025798
591,0.026212
592,0.025898
593,0.026178
594,0.025905
595,0.025831
596,0.025974
597,0.025967
598,0.026212
599,0.026154
600,0.026192
601,0.025985
602,0.025802
603,0.025790
604,0.025953
605,0.026198
606,0.025922
607,0.026290
608,0.051636
609,0.026034
610,0.025933
611,0.026152
612,0.025723
613,0.026279
614,0.025817
615,0.026129
616,0.026013
617,0.026195
618,0.025954
619,0.025912
620,0.026147
621,0.025985
622,0.026207
623,0.025793
624,0.026129
625,0.026150
626,0.026127
627,0.026041
628,0.025942
629,0.026101
630,0.025905
631,0.026007
632,0.025905
633,0.052099
634,0.026037
635,0.025917
636,0.025857
637,0.026293
638,0.051890
639,0.025769
640,0.052067
641,0.038297
642,0.025763
643,0.025878
644,0.025890
645,0.025797
646,0.026196
647,0.025957
648,0.025808
649,0.025836
650,0.026071
651,0.025905
652,0.026146
653,0.026085
654,0.025856
655,0.025972
656,0.025887
657,0.026293
658,0.025952
659,0.026216
660,0.026188
661,0.026313
662,0.026231
663,0.025822
664,0.026049
665,0.025882
666,0.025926
667,0.025934
668,0.026158
669,0.026104
670,0.025956
671,0.026300
672,0.025790
673,0.025952
674,0.025869
675,0.026164
676,0.025906
677,0.025992
678,0.026263
679,0.025922
680,0.026235
681,0.026342
682,0.026596
683,0.026562
684,0.026670
685,0.026849
686,0.026672
687,0.026780
688,0.026579
689,0.026684
690,0.026752
691,0.026442
692,0.026683
693,0.026653
694,0.026651
695,0.026807
696,0.026529
697,0.026943
698,0.026758
699,0.026459
700,0.026761
701,0.026447
702,0.026452
703,0.026615
704,0.026255
705,0.026460
706,0.026478
707,0.026696
708,0.026674
709,0.026587
710,0.026662
711,0.026468
712,0.026533
713,0.026839
714,0.026604
715,0.079664
716,0.079422
717,0.026483
718,0.026845
719,0.052913
720,0.026563
721,0.105826
722,0.052994
723,0.106036
724,0.026639
725,0.106011
726,0.079249
727,0.026403
728,0.026470
729,0.026533
730,0.026406
731,0.052362
732,0.078974
733,0.078808
734,0.026515
735,0.026309
736,0.026519
737,0.026265
738,0.026103
739,0.025766
740,0.025834
741,0.025696
742,0.025680
743,0.025768
744,0.025750
745,0.025732
746,0.025727
747,0.025988
748,0.026270
749,0.026493
750,0.026478
751,0.026387
752,0.026443
753,0.026447
754,0.026374
755,0.026324
756,0.026384
757,0.026469
758,0.026430
759,0.026193
760,0.026431
761,0.026164
762,0.025906
763,0.025780
764,0.025733
765,0.025716
766,0.025787
767,0.025849
768,0.025828
769,0.025952
770,0.025798
771,0.025803
772,0.025726
773,0.026090
774,0.025886
775,0.025732
776,0.025725
777,0.026032
778,0.025843
779,0.025811
780,0.025742
781,0.025849
782,0.025832
783,0.025731
784,0.025659
785,0.025870
786,0.025836
787,0.025784
788,0.025684
789,0.025758
790,0.025757
791,0.025767
792,0.025862
793,0.025742
794,0.025691
795,0.025750
796,0.026017
797,0.025776
798,0.025720
799,0.025688
800,0.025739
801,0.025843
802,0.025703
803,0.025849
804,0.077018
805,0.026026
806,0.025774
807,0.025879
808,0.025765
809,0.025913
810,0.025745
811,0.025712
812,0.025770
813,0.025931
814,0.025728
815,0.025930
816,0.025897
817,0.025950
818,0.025755
819,0.025698
820,0.025917
821,0.077081
822,0.025822
823,0.025867
824,0.025860
825,0.026028
826,0.077104
827,0.025889
828,0.051514
829,0.025812
830,0.025716
831,0.026211
832,0.026395
833,0.026498
834,0.026331
835,0.026444
836,0.026485
837,0.026652
838,0.026719
839,0.026581
840,0.026344
841,0.026538
842,0.026326
843,0.026416
844,0.026483
845,0.079954
846,0.026293
847,0.026501
848,0.026399
849,0.026402
850,0.026511
851,0.026386
852,0.078767
853,0.026539
854,0.026432
855,0.052632
856,0.026459
857,0.026458
858,0.026500
859,0.052703
860,0.026496
861,0.026413
862,0.078712
863,0.026496
864,0.026508
865,0.026422
866,0.026547
867,0.026434
868,0.026519
869,0.079067
870,0.026552
871,0.026390
872,0.026587
873,0.026641
874,0.026384
875,0.026505
876,0.026610
877,0.026531
878,0.026378
879,0.079165
880,0.026426
881,0.026464
882,0.026563
883,0.026430
884,0.026299
885,0.026463
886,0.026285
887,0.026468
888,0.026405
889,0.026486
890,0.026573
891,0.026560
892,0.026374
893,0.026528
894,0.026342
895,0.026498
896,0.026452
897,0.026415
898,0.026518
899,0.026518
900,0.026295
901,0.026470
902,0.026356
903,0.026318
904,0.026286
905,0.026595
906,0.026335
907,0.026387
908,0.026382
909,0.026607
910,0.026476
911,0.026507
912,0.026416
913,0.026556
914,0.026612
915,0.078981
916,0.026482
917,0.026477
918,0.026399
919,0.026517
920,0.026360
921,0.026546
922,0.026378
923,0.026397
924,0.026427
925,0.026642
926,0.026398
927,0.026443
928,0.026495
929,0.026541
930,0.026499
931,0.026255
932,0.026464
933,0.026436
934,0.026543
935,0.026591
936,0.026486
937,0.026635
938,0.026399
939,0.026437
940,0.026511
941,0.026400
942,0.026425
943,0.026395
944,0.026530
945,0.026513
946,0.026412
947,0.026402
948,0.026329
949,0.026486
950,0.026479
951,0.026221
952,0.026328
953,0.026533
954,0.026468
955,0.026347
956,0.026437
957,0.026459
958,0.026296
959,0.026224
960,0.026354
961,0.026582
962,0.078994
963,0.026483
964,0.026249
965,0.026489
966,0.026456
967,0.026348
968,0.026236
969,0.026547
970,0.026587
971,0.078830
972,0.026503
973,0.026575
974,0.026248
975,0.078733
976,0.026462
977,0.026449
978,0.026326
979,0.105377
980,0.026361
981,0.026475
982,0.105075
983,0.026431
984,0.026414
985,0.026570
986,0.026318
987,0.026504
988,0.026397
989,0.026604
990,0.026547
991,0.026467
992,0.026414
993,0.026327
994,0.026423
995,0.026467
996,0.026349
997,0.026385
998,0.026396
999,0.026507
1000,0.026312
1001,0.026457
1002,0.026498
1003,0.026138
1004,0.025940
1005,0.025806
1006,0.025854
1007,0.025829
1008,0.025888
1009,0.025760
1010,0.025755
1011,0.025691
1012,0.025944
1013,0.025991
1014,0.025726
1015,0.025715
1016,0.025830
1017,0.051488
1018,0.025905
1019,0.025761
1020,0.025789
1021,0.026020
1022,0.025734
1023,0.025905
1024,0.025877
1025,0.025791
1026,0.025606
1027,0.025715
1028,0.025669
1029,0.025762
1030,0.026113
1031,0.026337
1032,0.026408
1033,0.026547
1034,0.026397
1035,0.026302
1036,0.026422
1037,0.026613
1038,0.026409
1039,0.026254
1040,0.026501
1041,0.026540
1042,0.026452
1043,0.026412
1044,0.026565
1045,0.052742
1046,0.026511
1047,0.026266
1048,0.026539
1049,0.026589
1050,0.026496
1051,0.026486
1052,0.026403
1053,0.026555
1054,0.026376
1055,0.026376
1056,0.026372
1057,0.026474
1058,0.026434
1059,0.026269
1060,0.026348
1061,0.026461
1062,0.026404
1063,0.026350
1064,0.026532
1065,0.026351
1066,0.026247
1067,0.025834
1068,0.025746
1069,0.025910
1070,0.025905
1071,0.025831
1072,0.025767
1073,0.025824
1074,0.025804
1075,0.025806
1076,0.025761
1077,0.026110
1078,0.025789
1079,0.025898
1080,0.025811
1081,0.025851
1082,0.026390
1083,0.026519
1084,0.026305
1085,0.026652
1086,0.026490
1087,0.026448
1088,0.026342
1089,0.026853
1090,0.026476
1091,0.026505
1092,0.026396
1093,0.026611
1094,0.026529
1095,0.026409
1096,0.026185
1097,0.026754
1098,0.026426
1099,0.026686
1100,0.052739
1101,0.026551
1102,0.026568
1103,0.052857
1104,0.026406
1105,0.026600
1106,0.026557
1107,0.026645
1108,0.026681
1109,0.026695
1110,0.053045
1111,0.026670
1112,0.053007
1113,0.026577
1114,0.026846
1115,0.026638
1116,0.026516
1117,0.026608
1118,0.026573
1119,0.026537
1120,0.026607
1121,0.026768
1122,0.026405
1123,0.026784
1124,0.026500
1125,0.026548
1126,0.026299
1127,0.026368
1128,0.026021
1129,0.026320
1130,0.025964
1131,0.026281
1132,0.026038
1133,0.025889
1134,0.026009
1135,0.025991
1136,0.025949
1137,0.026105
1138,0.026000
1139,0.025841
1140,0.025825
1141,0.026056
1142,0.026179
1143,0.025983
1144,0.026571
1145,0.026649
1146,0.026630
1147,0.026506
1148,0.026468
1149,0.026790
1150,0.026733
1151,0.026549
1152,0.026372
1153,0.026734
1154,0.026775
1155,0.026542
1156,0.026806
1157,0.026518
1158,0.026806
1159,0.026641
1160,0.026634
1161,0.026751
1162,0.026570
1163,0.026827
1164,0.027189
1165,0.027885
1166,0.029302
1167,0.028863
1168,0.027976
1169,0.026281
1170,0.026240
1171,0.027056
1172,0.029028
1173,0.026309
1174,0.026016
1175,0.026362
1176,0.025962
1177,0.026097
1178,0.026072
1179,0.025854
1180,0.025810
1181,0.026346
1182,0.026436
1183,0.025856
1184,0.026191
1185,0.026064
1186,0.026262
1187,0.025981
1188,0.025937
1189,0.052277
1190,0.052601
1191,0.026716
1192,0.026846
1193,0.026566
1194,0.026709
1195,0.026845
1196,0.026760
1197,0.026838
1198,0.053361
1199,0.026720
1200,0.026535
1201,0.026983
1202,0.026679
1203,0.026830
1204,0.026498
1205,0.026790
1206,0.026975
1207,0.026956
1208,0.026973
1209,0.026881
1210,0.027114
1211,0.026767
1212,0.026457
1213,0.026783
1214,0.026705
1215,0.026575
1216,0.026241
1217,0.026702
1218,0.026411
1219,0.026313
1220,0.026529
1221,0.026930
1222,0.026567
1223,0.026922
1224,0.052947
1225,0.026990
1226,0.026461
1227,0.026615
1228,0.026631
1229,0.026728
1230,0.026881
1231,0.026482
1232,0.026838
1233,0.026670
1234,0.026640
1235,0.026804
1236,0.026358
1237,0.026886
1238,0.026648
1239,0.026712
1240,0.026882
1241,0.026794
1242,0.026624
1243,0.026626
1244,0.026702
1245,0.026773
1246,0.026659
1247,0.026598
1248,0.026645
1249,0.026490
1250,0.026888
1251,0.026336
1252,0.026933
1253,0.026672
1254,0.026631
1255,0.026794
1256,0.026627
1257,0.026605
1258,0.026638
1259,0.026572
1260,0.026571
1261,0.026624
1262,0.026492
1263,0.026440
1264,0.026517
1265,0.026610
1266,0.026480
1267,0.026486
1268,0.026635
1269,0.026698
1270,0.026481
1271,0.026486
1272,0.026480
1273,0.026408
1274,0.026598
1275,0.026603
1276,0.026585
1277,0.026620
1278,0.026493
1279,0.026527
1280,0.026670
1281,0.026483
1282,0.026480
1283,0.026487
1284,0.026488
1285,0.026693
1286,0.026564
1287,0.026593
1288,0.026496
1289,0.026504
1290,0.026546
1291,0.026469
1292,0.026494
1293,0.026511
1294,0.026604
1295,0.026584
1296,0.026584
1297,0.026608
1298,0.026475
1299,0.026549
1300,0.026577
1301,0.026539
1302,0.026680
1303,0.026883
1304,0.026828
1305,0.026608
1306,0.026422
1307,0.026370
1308,0.026546
1309,0.026575
1310,0.026467
1311,0.026526
1312,0.026653
1313,0.026572
1314,0.026584
1315,0.026575
1316,0.026619
1317,0.026554
1318,0.026410
1319,0.026453
1320,0.026367
1321,0.026239
1322,0.026411
1323,0.026454
1324,0.026445
1325,0.026633
1326,0.026406
1327,0.026631
1328,0.026527
1329,0.026443
1330,0.026461
1331,0.026454
1332,0.026505
1333,0.026468
1334,0.026535
1335,0.026492
1336,0.026502
1337,0.026457
1338,0.026423
1339,0.026878
1340,0.026380
1341,0.026631
1342,0.026575
1343,0.026420
1344,0.026493
1345,0.052732
1346,0.026374
1347,0.026510
1348,0.026568
1349,0.026650
1350,0.026520
1351,0.027722
1352,0.029001
1353,0.028722
1354,0.027811
1355,0.026600
1356,0.026511
1357,0.027167
1358,0.030102
1359,0.026405
1360,0.026459
1361,0.026450
1362,0.026391
1363,0.026359
1364,0.026480
1365,0.026659
1366,0.026752
1367,0.026404
1368,0.026472
1369,0.026595
1370,0.026649
1371,0.026275
1372,0.026465
1373,0.052921
1374,0.026447
1375,0.026454
1376,0.026373
1377,0.026745
1378,0.026408
1379,0.026453
1380,0.026407
1381,0.026418
1382,0.026730
1383,0.026619
1384,0.026585
1385,0.026561
1386,0.026628
1387,0.026546
1388,0.026601
1389,0.026704
1390,0.026509
1391,0.026574
1392,0.026669
1393,0.026616
1394,0.026485
1395,0.026579
1396,0.026991
1397,0.026546
1398,0.026285
1399,0.026634
1400,0.026549
1401,0.026524
1402,0.026522
1403,0.026868
1404,0.026458
1405,0.026809
1406,0.026577
1407,0.026691
1408,0.026508
1409,0.026540
1410,0.026470
1411,0.026348
1412,0.026348
1413,0.026544
1414,0.026695
1415,0.026621
1416,0.026390
1417,0.026638
1418,0.026395
1419,0.026358
1420,0.026445
1421,0.026472
1422,0.026428
1423,0.026322
1424,0.026497
1425,0.026263
1426,0.026361
1427,0.026375
1428,0.026374
1429,0.026504
1430,0.026332
1431,0.026383
1432,0.026541
1433,0.026720
1434,0.026680
1435,0.026717
1436,0.026714
1437,0.026477
1438,0.026777
1439,0.026510
1440,0.026660
1441,0.026658
1442,0.026398
1443,0.026273
1444,0.026465
1445,0.026595
1446,0.026348
1447,0.026396
1448,0.026524
1449,0.026454
1450,0.026508
1451,0.026474
1452,0.026527
1453,0.026697
1454,0.026533
1455,0.026373
1456,0.026336
1457,0.026424
1458,0.026438
1459,0.026482
1460,0.026380
1461,0.026605
1462,0.026437
1463,0.026393
1464,0.026381
1465,0.026772
1466,0.052921
1467,0.026265
1468,0.026313
1469,0.026419
1470,0.026387
1471,0.026394
1472,0.026271
1473,0.026514
1474,0.026335
1475,0.026473
1476,0.026372
1477,0.026560
1478,0.026470
1479,0.026491
1480,0.026526
1481,0.026380
1482,0.026569
1483,0.026614
1484,0.026577
1485,0.026483
1486,0.026445
1487,0.026547
1488,0.026334
1489,0.026462
1490,0.026369
1491,0.026507
1492,0.026376
1493,0.026594
1494,0.026321
1495,0.026564
1496,0.026425
1497,0.026354
1498,0.026497
1499,0.026370
1500,0.026414
1501,0.026619
1502,0.026490
1503,0.026524
1504,0.026589
1505,0.026424
1506,0.026450
1507,0.026431
1508,0.026392
1509,0.026331
1510,0.026408
1511,0.026289
1512,0.026491
1513,0.026536
1514,0.026273
1515,0.026585
1516,0.026421
1517,0.026545
1518,0.026575
1519,0.026672
1520,0.026451
1521,0.026847
1522,0.026545
1523,0.026576
1524,0.026276
1525,0.026162
1526,0.025937
1527,0.025884
1528,0.025835
1529,0.025959
1530,0.025843
1531,0.025853
1532,0.025698
1533,0.026013
1534,0.025842
1535,0.025782
1536,0.026419
1537,0.026560
1538,0.026425
1539,0.026509
1540,0.026839
1541,0.029040
1542,0.028560
1543,0.028799
1544,0.027065
1545,0.026688
1546,0.026407
1547,0.029314
1548,0.027284
1549,0.026514
1550,0.026380
1551,0.026349
1552,0.026239
1553,0.026489
1554,0.026581
1555,0.026437
1556,0.026365
1557,0.027070
1558,0.026526
1559,0.026482
1560,0.026498
1561,0.026552
1562,0.026406
1563,0.026420
1564,0.026534
1565,0.026455
1566,0.026453
1567,0.026520
1568,0.026461
1569,0.026583
1570,0.026447
1571,0.026451
1572,0.026439
1573,0.026663
1574,0.026394
1575,0.026479
1576,0.026471
1577,0.026569
1578,0.026425
1579,0.026549
1580,0.026390
1581,0.026374
1582,0.026344
1583,0.026428
1584,0.026399
1585,0.026671
1586,0.026531
1587,0.026478
1588,0.026290
1589,0.026594
1590,0.026354
1591,0.026487
1592,0.026643
1593,0.026931
1594,0.026631
1595,0.026563
1596,0.026628
1597,0.026631
1598,0.026644
1599,0.026874
1600,0.026453
1601,0.026496
1602,0.026585
1603,0.026727
1604,0.026749
1605,0.026654
1606,0.026615
1607,0.026533
1608,0.026956
1609,0.026877
1610,0.026409
1611,0.026605
1612,0.026606
1613,0.026613
1614,0.026659
1615,0.026531
1616,0.026803
1617,0.026591
1618,0.026773
1619,0.026600
1620,0.026467
1621,0.026754
1622,0.026442
1623,0.026854
1624,0.026717
1625,0.026644
1626,0.026828
1627,0.026363
1628,0.026766
1629,0.026798
1630,0.026496
1631,0.026802
1632,0.026603
1633,0.026881
1634,0.026593
1635,0.026544
1636,0.026774
1637,0.026746
1638,0.053524
1639,0.026676
1640,0.026705
1641,0.026772
1642,0.026862
1643,0.026802
1644,0.026655
1645,0.026851
1646,0.026600
1647,0.026581
1648,0.026958
1649,0.026701
1650,0.026920
1651,0.026306
1652,0.026619
1653,0.026791
1654,0.026659
1655,0.026922
1656,0.026414
1657,0.026646
1658,0.027122
1659,0.026624
1660,0.026478
1661,0.053140
1662,0.026779
1663,0.026529
1664,0.026776
1665,0.026442
1666,0.026622
1667,0.026852
1668,0.026884
1669,0.026784
1670,0.026610
1671,0.026424
1672,0.026470
1673,0.026316
1674,0.025906
1675,0.025991
1676,0.025896
1677,0.025967
1678,0.025847
1679,0.025864
1680,0.025889
1681,0.025873
1682,0.025800
1683,0.025788
1684,0.025860
1685,0.026096
1686,0.025929
1687,0.025868
1688,0.025805
1689,0.026125
1690,0.025771
1691,0.025937
1692,0.026023
1693,0.025866
1694,0.026119
1695,0.025779
1696,0.026017
1697,0.025840
1698,0.025980
1699,0.026499
1700,0.026091
1701,0.025923
1702,0.025764
1703,0.025815
1704,0.025859
1705,0.026020
1706,0.026108
1707,0.025827
1708,0.026107
1709,0.026391
1710,0.026262
1711,0.026588
1712,0.026634
1713,0.026527
1714,0.026382
1715,0.026562
1716,0.026436
1717,0.026401
1718,0.027630
1719,0.028790
1720,0.026510
1721,0.027740
1722,0.027741
1723,0.026776
1724,0.026634
1725,0.026562
1726,0.026733
1727,0.026392
1728,0.026497
1729,0.027976
1730,0.027662
1731,0.027081
1732,0.026968
1733,0.027149
1734,0.027000
1735,0.026478
1736,0.025805
1737,0.025913
1738,0.025921
1739,0.026917
1740,0.025942
1741,0.026098
1742,0.025885
1743,0.025910
1744,0.025916
1745,0.025947
1746,0.025780
1747,0.025813
1748,0.025932
1749,0.026109
1750,0.025951
1751,0.026112
1752,0.025933
1753,0.051552
1754,0.025843
1755,0.025949
1756,0.025830
1757,0.025695
1758,0.025886
1759,0.025935
1760,0.025928
1761,0.025897
1762,0.025860
1763,0.025925
1764,0.025923
1765,0.025918
1766,0.025702
1767,0.025782
1768,0.026372
1769,0.026508
1770,0.026490
1771,0.026482
1772,0.026422
1773,0.028259
1774,0.029073
1775,0.028605
1776,0.028803
1777,0.028943
1778,0.028859
1779,0.027034
1780,0.026626
1781,0.026502
1782,0.029830
1783,0.026025
1784,0.025935
1785,0.025907
1786,0.025939
1787,0.025810
1788,0.026482
1789,0.026663
1790,0.026662
1791,0.030273
1792,0.026756
1793,0.026484
1794,0.026530
1795,0.026549
1796,0.026415
1797,0.026535
1798,0.026447
1799,0.026422
1800,0.026513
1801,0.026478
1802,0.026514
1803,0.026553
1804,0.026467
1805,0.026366
1806,0.026494
1807,0.026496
1808,0.026453
1809,0.026514
1810,0.026484
1811,0.026502
1812,0.026336
1813,0.026606
1814,0.026556
1815,0.026448
1816,0.026265
1817,0.026451
1818,0.026496
1819,0.026645
1820,0.026429
1821,0.026443
1822,0.026485
1823,0.026530
1824,0.026459
1825,0.026461
1826,0.026526
1827,0.026382
1828,0.026457
1829,0.026467
1830,0.026394
1831,0.026389
1832,0.026622
1833,0.026955
1834,0.026369
1835,0.026210
1836,0.026033
1837,0.026427
1838,0.026510
1839,0.026536
1840,0.026676
1841,0.026677
1842,0.026877
1843,0.026565
1844,0.026503
1845,0.026697
1846,0.026575
1847,0.026571
1848,0.026669
1849,0.026588
1850,0.026798
1851,0.026575
1852,0.026723
1853,0.026782
1854,0.026619
1855,0.026735
1856,0.026837
1857,0.026743
1858,0.026500
1859,0.026489
1860,0.026666
1861,0.026599
1862,0.026606
1863,0.026662
1864,0.026535
1865,0.026929
1866,0.026679
1867,0.026632
1868,0.026802
1869,0.026731
1870,0.026828
1871,0.026635
1872,0.026742
1873,0.026805
1874,0.026696
1875,0.026725
1876,0.026721
1877,0.026809
1878,0.026491
1879,0.026748
1880,0.026653
1881,0.026677
1882,0.026760
1883,0.026800
1884,0.026646
1885,0.026951
1886,0.026527
1887,0.026960
1888,0.026770
1889,0.026651
1890,0.026826
1891,0.026534
1892,0.026783
1893,0.026876
1894,0.026518
1895,0.026768
1896,0.026478
1897,0.026785
1898,0.026747
1899,0.026597
1900,0.026933
1901,0.026469
1902,0.026655
1903,0.026499
1904,0.026551
1905,0.026825
1906,0.026673
1907,0.026704
1908,0.026757
1909,0.026702
1910,0.026862
1911,0.026536
1912,0.026551
1913,0.026747
1914,0.026547
1915,0.026912
1916,0.026627
1917,0.026758
1918,0.026927
1919,0.026647
1920,0.026807
1921,0.026779
1922,0.026614
1923,0.026899
1924,0.026709
1925,0.026921
1926,0.026468
1927,0.026681
1928,0.026821
1929,0.026539
1930,0.026713
1931,0.026772
1932,0.026610
1933,0.026833
1934,0.026490
1935,0.027036
1936,0.026570
1937,0.026783
1938,0.026877
1939,0.026518
1940,0.026659
1941,0.026580
1942,0.026620
1943,0.026779
1944,0.026714
1945,0.026599
1946,0.026505
1947,0.026610
1948,0.026918
1949,0.026599
1950,0.026727
1951,0.026678
1952,0.026663
1953,0.026644
1954,0.026438
1955,0.026695
1956,0.026659
1957,0.026865
1958,0.026701
1959,0.026784
1960,0.026743
1961,0.026651
1962,0.026437
1963,0.026710
1964,0.026659
1965,0.026469
1966,0.026610
1967,0.026641
1968,0.026798
1969,0.026730
1970,0.026718
1971,0.026610
1972,0.026696
1973,0.026639
1974,0.026325
1975,0.026844
1976,0.026475
1977,0.026750
1978,0.026839
1979,0.026418
1980,0.026867
1981,0.026572
1982,0.026633
1983,0.026837
1984,0.026622
1985,0.026721
1986,0.053114
1987,0.026736
1988,0.026553
1989,0.026796
1990,0.026649
1991,0.026790
1992,0.026709
1993,0.026365
1994,0.053087
1995,0.026280
1996,0.026795
1997,0.026528
1998,0.026591
1999,0.026497
2000,0.026651
2001,0.026820
2002,0.026455
2003,0.026854
2004,0.026486
2005,0.026647
2006,0.026597
2007,0.026625
2008,0.026929
2009,0.026661
2010,0.026745
2011,0.026737
2012,0.026638
2013,0.026858
2014,0.026719
2015,0.026544
2016,0.026650
2017,0.026622
2018,0.026715
2019,0.026436
2020,0.026511
2021,0.026853
2022,0.026645
2023,0.026685
2024,0.026551
2025,0.026500
2026,0.026726
2027,0.026658
2028,0.026747
2029,0.026673
2030,0.026928
2031,0.026808
2032,0.026571
2033,0.026861
2034,0.026648
2035,0.026468
2036,0.026822
2037,0.026770
2038,0.026669
2039,0.026638
2040,0.026404
2041,0.026876
2042,0.026613
2043,0.026717
2044,0.026708
2045,0.026450
2046,0.026799
2047,0.026655
2048,0.026675
2049,0.026458
2050,0.026763
2051,0.026865
2052,0.026570
2053,0.026769
2054,0.026544
2055,0.026332
2056,0.026766
2057,0.026771
2058,0.026708
2059,0.026506
2060,0.026661
2061,0.026960
2062,0.026570
2063,0.026854
2064,0.026501
2065,0.026640
2066,0.026790
2067,0.026749
2068,0.026694
2069,0.026720
2070,0.027312
2071,0.026858
2072,0.026677
2073,0.026485
2074,0.026627
2075,0.026612
2076,0.026816
2077,0.026519
2078,0.026771
2079,0.026652
2080,0.026801
2081,0.026682
2082,0.026780
2083,0.026422
2084,0.026712
2085,0.026723
2086,0.026988
2087,0.026691
2088,0.026713
2089,0.026694
2090,0.026610
2091,0.026760
2092,0.026268
2093,0.026482
2094,0.026640
2095,0.026674
2096,0.026753
2097,0.026909
2098,0.026480
2099,0.026402
2100,0.026538
2101,0.026774
2102,0.026447
2103,0.026975
2104,0.026465
2105,0.026649
2106,0.026742
2107,0.026580
2108,0.026802
2109,0.026408
2110,0.025872
2111,0.026226
2112,0.025869
2113,0.026264
2114,0.026005
2115,0.025999
2116,0.025912
2117,0.026263
2118,0.026232
2119,0.025893
2120,0.026120
2121,0.026053
2122,0.026252
2123,0.025878
2124,0.026358
2125,0.026246
2126,0.025899
2127,0.026089
2128,0.025997
2129,0.026075
2130,0.025816
2131,0.026231
2132,0.025933
2133,0.026011
2134,0.026125
2135,0.025918
2136,0.026285
2137,0.026024
2138,0.025953
2139,0.025864
2140,0.026192
2141,0.025997
2142,0.025849
2143,0.026229
2144,0.026098
2145,0.026043
2146,0.025872
2147,0.026241
2148,0.025991
2149,0.025992
2150,0.026054
2151,0.025928
2152,0.026126
2153,0.026005
2154,0.026163
2155,0.026194
2156,0.026107
2157,0.026070
2158,0.025809
2159,0.026017
2160,0.025832
2161,0.026207
2162,0.025991
2163,0.025952
2164,0.025945
2165,0.025955
2166,0.025889
2167,0.025914
2168,0.025877
2169,0.025886
2170,0.025816
2171,0.025878
2172,0.025874
2173,0.025907
2174,0.025888
2175,0.025940
2176,0.025862
2177,0.025938
2178,0.025788
2179,0.025930
2180,0.025765
2181,0.025979
2182,0.025857
2183,0.025848
2184,0.025850
2185,0.025971
2186,0.025912
2187,0.025892
2188,0.025718
2189,0.025936
2190,0.025911
2191,0.025873
2192,0.025930
2193,0.026087
2194,0.025770
2195,0.025792
2196,0.025849
2197,0.025792
2198,0.025788
2199,0.025722
2200,0.025765
2201,0.025801
2202,0.025834
2203,0.025845
2204,0.025650
2205,0.025965
2206,0.025862
2207,0.025697
2208,0.025838
2209,0.025969
2210,0.025724
2211,0.025663
2212,0.025881
2213,0.025746
2214,0.026024
2215,0.025779
2216,0.025659
2217,0.025840
2218,0.025796
2219,0.025936
2220,0.025765
2221,0.025854
2222,0.025644
2223,0.025793
2224,0.025694
2225,0.026282
2226,0.025814
2227,0.025752
2228,0.025719
2229,0.025913
2230,0.025904
2231,0.025803
2232,0.026072
2233,0.025952
2234,0.025629
2235,0.025630
2236,0.025827
2237,0.025907
2238,0.025779
2239,0.025838
2240,0.025890
2241,0.025989
2242,0.025948
2243,0.025782
2244,0.025802
2245,0.025928
2246,0.025693
2247,0.025868
2248,0.025910
2249,0.025971
2250,0.026237
2251,0.026471
2252,0.026194
2253,0.025955
2254,0.025896
2255,0.025839
2256,0.025944
2257,0.025902
2258,0.025859
2259,0.025898
2260,0.025796
2261,0.025992
2262,0.025861
2263,0.025780
2264,0.025774
2265,0.025818
2266,0.025703
2267,0.025687
2268,0.025842
2269,0.025730
2270,0.025787
2271,0.026077
2272,0.025953
# total_episodes=2272, avg_seconds=0.027812
