# episode_index, seconds
1,0.001162
2,0.000838
3,0.014774
4,0.000785
5,0.000819
6,0.027265
7,0.000806
8,0.000795
9,0.002130
10,0.000789
11,0.000781
12,0.001607
13,0.004688
14,0.000785
15,0.002104
16,0.000784
17,0.016270
18,0.000781
19,0.000796
20,0.001643
21,0.056608
22,0.026070
23,0.026589
24,0.105008
25,0.079339
26,0.052992
27,0.026584
28,0.105660
29,0.026723
30,0.026394
31,0.026562
32,0.026453
33,0.026572
34,0.026495
35,0.026524
36,0.026396
37,0.026517
38,0.026449
39,0.026607
40,0.026516
41,0.026587
42,0.026500
43,0.026462
44,0.026599
45,0.026504
46,0.026600
47,0.026461
48,0.052971
49,0.026677
50,0.026502
51,0.026560
52,0.026553
53,0.026572
54,0.026590
55,0.026644
56,0.026472
57,0.026661
58,0.026626
59,0.026496
60,0.026543
61,0.026593
62,0.026802
63,0.026557
64,0.026630
65,0.026610
66,0.026579
67,0.026649
68,0.026531
69,0.026607
70,0.026732
71,0.026585
72,0.026593
73,0.026669
74,0.026397
75,0.026517
76,0.026544
77,0.053085
78,0.052906
79,0.026802
80,0.026654
81,0.053095
82,0.052909
83,0.026934
84,0.026497
85,0.026630
86,0.079248
87,0.026616
88,0.026570
89,0.026652
90,0.026579
91,0.026613
92,0.026710
93,0.026591
94,0.026664
95,0.026496
96,0.026510
97,0.026823
98,0.026671
99,0.065414
100,0.026586
101,0.053006
102,0.026529
103,0.026602
104,0.026450
105,0.053177
106,0.026527
107,0.079003
108,0.026539
109,0.052914
110,0.053324
111,0.053021
112,0.026469
113,0.053062
114,0.026526
115,0.052914
116,0.053021
117,0.053235
118,0.026732
119,0.026647
120,0.035868
121,0.028952
122,0.026678
123,0.026615
124,0.026433
125,0.026601
126,0.026424
127,0.026528
128,0.026440
129,0.026563
130,0.026749
131,0.026622
132,0.036442
133,0.029729
134,0.026541
135,0.026575
136,0.026573
137,0.026654
138,0.026626
139,0.026519
140,0.026446
141,0.026566
142,0.026657
143,0.026705
144,0.026498
145,0.026684
146,0.026554
147,0.026724
148,0.026624
149,0.026631
150,0.026546
151,0.026599
152,0.026507
153,0.026792
154,0.026561
155,0.026787
156,0.026751
157,0.026692
158,0.026622
159,0.026730
160,0.026720
161,0.026686
162,0.026625
163,0.026776
164,0.026760
165,0.026679
166,0.026623
167,0.026567
168,0.026606
169,0.026896
170,0.026750
171,0.026920
172,0.052974
173,0.026711
174,0.026634
175,0.026649
176,0.026691
177,0.026810
178,0.026484
179,0.026626
180,0.026735
181,0.026549
182,0.026613
183,0.026568
184,0.026622
185,0.026840
186,0.026639
187,0.026455
188,0.026644
189,0.026579
190,0.026441
191,0.026608
192,0.033898
193,0.026862
194,0.026585
195,0.026658
196,0.026696
197,0.026802
198,0.026514
199,0.026419
200,0.026557
201,0.026546
202,0.026511
203,0.026737
204,0.026724
205,0.026889
206,0.026631
207,0.026552
208,0.026585
209,0.026655
210,0.026669
211,0.026637
212,0.026640
213,0.026608
214,0.026575
215,0.026564
216,0.026743
217,0.026781
218,0.026581
219,0.026679
220,0.026625
221,0.026648
222,0.026571
223,0.026651
224,0.026589
225,0.026716
226,0.026516
227,0.053138
228,0.026595
229,0.026589
230,0.026503
231,0.026679
232,0.053126
233,0.026672
234,0.026516
235,0.026583
236,0.026755
237,0.026848
238,0.026604
239,0.026603
240,0.026622
241,0.026673
242,0.026517
243,0.026641
244,0.052962
245,0.026542
246,0.026563
247,0.026695
248,0.052975
249,0.053067
250,0.026495
251,0.052922
252,0.052891
253,0.079587
254,0.079408
255,0.079249
256,0.053019
257,0.052989
258,0.026711
259,0.053024
260,0.026614
261,0.026683
262,0.026670
263,0.026744
264,0.026762
265,0.026582
266,0.026705
267,0.026509
268,0.026590
269,0.026612
270,0.026640
271,0.026707
272,0.026805
273,0.026596
274,0.026715
275,0.026636
276,0.026548
277,0.026755
278,0.026650
279,0.026754
280,0.026653
281,0.026517
282,0.026623
283,0.026769
284,0.026592
285,0.026751
286,0.026695
287,0.026703
288,0.026402
289,0.026597
290,0.026504
291,0.026540
292,0.026475
293,0.026608
294,0.034501
295,0.026816
296,0.026681
297,0.026720
298,0.026556
299,0.052771
300,0.026575
301,0.026663
302,0.026612
303,0.026673
304,0.026654
305,0.026809
306,0.026513
307,0.026780
308,0.026583
309,0.026660
310,0.026619
311,0.026524
312,0.026655
313,0.026651
314,0.026565
315,0.026800
316,0.026683
317,0.026779
318,0.026646
319,0.026712
320,0.026678
321,0.026802
322,0.026610
323,0.026797
324,0.026582
325,0.026879
326,0.026664
327,0.026797
328,0.026591
329,0.026694
330,0.026533
331,0.026835
332,0.026706
333,0.026644
334,0.026610
335,0.026736
336,0.026628
337,0.026642
338,0.026652
339,0.026682
340,0.026584
341,0.026747
342,0.026576
343,0.026525
344,0.026565
345,0.026683
346,0.026687
347,0.026650
348,0.053097
349,0.026719
350,0.026594
351,0.026589
352,0.026752
353,0.026622
354,0.026712
355,0.026648
356,0.026684
357,0.026594
358,0.026555
359,0.026660
360,0.026751
361,0.026750
362,0.053013
363,0.026739
364,0.026737
365,0.026689
366,0.026557
367,0.026602
368,0.026567
369,0.026834
370,0.026697
371,0.026533
372,0.026690
373,0.026703
374,0.026706
375,0.026654
376,0.026547
377,0.026724
378,0.026692
379,0.026740
380,0.036368
381,0.055623
382,0.026663
383,0.026802
384,0.053330
385,0.026722
386,0.052986
387,0.079549
388,0.026561
389,0.026604
390,0.052949
391,0.026693
392,0.026711
393,0.026722
394,0.106013
395,0.052845
396,0.026776
397,0.026734
398,0.053196
399,0.026583
400,0.053149
401,0.026703
402,0.026543
403,0.026646
404,0.026676
405,0.026781
406,0.026630
407,0.026700
408,0.026650
409,0.026709
410,0.026676
411,0.052931
412,0.026555
413,0.026641
414,0.026710
415,0.026682
416,0.026629
417,0.026595
418,0.026487
419,0.026638
420,0.026635
421,0.026575
422,0.026614
423,0.026598
424,0.026536
425,0.026750
426,0.026612
427,0.026661
428,0.026663
429,0.026758
430,0.026599
431,0.026621
432,0.026574
433,0.026633
434,0.026587
435,0.026635
436,0.026619
437,0.026628
438,0.026550
439,0.026528
440,0.026652
441,0.026717
442,0.026565
443,0.026479
444,0.026725
445,0.026742
446,0.026572
447,0.026824
448,0.026678
449,0.026796
450,0.026599
451,0.026711
452,0.026705
453,0.026690
454,0.026608
455,0.026634
456,0.026621
457,0.026637
458,0.026553
459,0.026828
460,0.026677
461,0.026857
462,0.026716
463,0.026631
464,0.026594
465,0.026808
466,0.026649
467,0.026560
468,0.026509
469,0.026784
470,0.026661
471,0.026711
472,0.026639
473,0.026538
474,0.026573
475,0.037592
476,0.028847
477,0.026748
478,0.026709
479,0.026683
480,0.026689
481,0.026738
482,0.026548
483,0.026705
484,0.026563
485,0.026574
486,0.026739
487,0.026613
488,0.026639
489,0.026716
490,0.026545
491,0.026597
492,0.026541
493,0.026741
494,0.026714
495,0.026625
496,0.026671
497,0.026693
498,0.026692
499,0.026631
500,0.026578
501,0.026697
502,0.026724
503,0.026512
504,0.026577
505,0.026680
506,0.026706
507,0.026650
508,0.026483
509,0.026801
510,0.026558
511,0.026833
512,0.026573
513,0.026766
514,0.026761
515,0.026636
516,0.026458
517,0.026641
518,0.026683
519,0.026575
520,0.026612
521,0.026607
522,0.026773
523,0.026721
524,0.026606
525,0.026688
526,0.026584
527,0.026491
528,0.026614
529,0.026751
530,0.026664
531,0.026595
532,0.026679
533,0.026716
534,0.040617
535,0.032233
536,0.026622
537,0.026560
538,0.026503
539,0.026636
540,0.026584
541,0.053171
542,0.026594
543,0.026732
544,0.026563
545,0.026726
546,0.026665
547,0.263856
548,0.026633
549,0.026693
550,0.026713
551,0.026575
552,0.026703
553,0.026716
554,0.026488
555,0.026429
556,0.026731
557,0.026608
558,0.026618
559,0.026666
560,0.026919
561,0.026681
562,0.026561
563,0.026703
564,0.026828
565,0.026816
566,0.026676
567,0.026600
568,0.026659
569,0.026929
570,0.026576
571,0.026617
572,0.026553
573,0.026694
574,0.026776
575,0.026586
576,0.026627
577,0.026509
578,0.026612
579,0.026581
580,0.026710
581,0.026599
582,0.026580
583,0.026650
584,0.026801
585,0.026923
586,0.026446
587,0.026409
588,0.026681
589,0.026731
590,0.026613
591,0.026563
592,0.026607
593,0.026721
594,0.026698
595,0.026678
596,0.026668
597,0.026797
598,0.026572
599,0.026764
600,0.026474
601,0.026668
602,0.026624
603,0.026600
604,0.026766
605,0.026623
606,0.026673
607,0.036267
608,0.028923
609,0.026802
610,0.026609
611,0.026556
612,0.026634
613,0.026689
614,0.026547
615,0.026608
616,0.026585
617,0.026629
618,0.026633
619,0.026605
620,0.026660
621,0.026634
622,0.026587
623,0.026768
624,0.026637
625,0.026608
626,0.026796
627,0.026690
628,0.026656
629,0.026547
630,0.026786
631,0.026693
632,0.026854
633,0.026994
634,0.026596
635,0.026677
636,0.026669
637,0.026786
638,0.026598
639,0.026449
640,0.026700
641,0.026725
642,0.026541
643,0.026608
644,0.026589
645,0.026732
646,0.026512
647,0.026743
648,0.026578
649,0.026789
650,0.026667
651,0.026638
652,0.026563
653,0.026681
654,0.053372
655,0.026570
656,0.026725
657,0.026688
658,0.026628
659,0.026516
660,0.026683
661,0.026685
662,0.026782
663,0.026626
664,0.026480
665,0.026647
666,0.026562
667,0.026574
668,0.026624
669,0.026618
670,0.026594
671,0.026671
672,0.026419
673,0.026875
674,0.026555
675,0.026615
676,0.026763
677,0.026582
678,0.026558
679,0.026776
680,0.026680
681,0.026648
682,0.026679
683,0.026558
684,0.026754
685,0.026546
686,0.026596
687,0.026717
688,0.026721
689,0.026672
690,0.026573
691,0.026583
692,0.026664
693,0.026680
694,0.026651
695,0.026654
696,0.026531
697,0.026825
698,0.026626
699,0.026763
700,0.027415
701,0.026766
702,0.026456
703,0.026682
704,0.026705
705,0.026666
706,0.026451
707,0.026656
708,0.026578
709,0.037748
710,0.055420
711,0.026394
712,0.026582
713,0.026747
714,0.026789
715,0.026587
716,0.026686
717,0.026618
718,0.026596
719,0.026616
720,0.026621
721,0.053171
722,0.026591
723,0.026544
724,0.052992
725,0.026775
726,0.026522
727,0.026642
728,0.026409
729,0.026639
730,0.026729
731,0.026724
732,0.026654
733,0.026738
734,0.026660
735,0.026745
736,0.026558
737,0.026605
738,0.026478
739,0.026731
740,0.026590
741,0.056858
742,0.026544
743,0.026665
744,0.026722
745,0.026960
746,0.026695
747,0.026767
748,0.026685
749,0.026761
750,0.026590
751,0.026662
752,0.026625
753,0.026673
754,0.026494
755,0.026684
756,0.026593
757,0.026692
758,0.026492
759,0.026514
760,0.026874
761,0.026721
762,0.027110
763,0.026424
764,0.026731
765,0.027047
766,0.026979
767,0.027081
768,0.026853
769,0.027007
770,0.026939
771,0.026944
772,0.053468
773,0.026974
774,0.027021
775,0.026572
776,0.026999
777,0.027070
778,0.026842
779,0.026745
780,0.026834
781,0.026783
782,0.026901
783,0.036258
784,0.029302
785,0.026877
786,0.026869
787,0.026778
788,0.026544
789,0.026909
790,0.115716
791,0.028936
792,0.026948
793,0.026827
794,0.053372
795,0.026936
796,0.027030
797,0.027019
798,0.026757
799,0.027135
800,0.666061
801,0.347190
802,0.106452
803,0.132900
804,0.186856
805,0.027062
806,0.053142
807,0.053438
808,0.026772
809,0.026889
810,0.026782
811,0.026963
812,0.026742
813,0.026943
814,0.026716
815,0.026778
816,0.026934
817,0.026799
818,0.026845
819,0.026836
820,0.026791
821,0.026828
822,0.026891
823,0.026820
824,0.026871
825,0.026696
826,0.027093
827,0.026731
828,0.026881
829,0.027003
830,0.026654
831,0.026928
832,0.027033
833,0.026737
834,0.027251
835,0.026969
836,0.027002
837,0.027066
838,0.036805
839,0.030180
840,0.026772
841,0.026921
842,0.026994
843,0.026711
844,0.026892
845,0.026812
846,0.027034
847,0.026704
848,0.026730
849,0.027105
850,0.026926
851,0.027036
852,0.027092
853,0.026990
854,0.026816
855,0.026817
856,0.026836
857,0.027080
858,0.026904
859,0.026956
860,0.026780
861,0.026908
862,0.027032
863,0.026888
864,0.027162
865,0.027132
866,0.026741
867,0.026752
868,0.026839
869,0.026970
870,0.027050
871,0.026821
872,0.026910
873,0.026829
874,0.026858
875,0.027001
876,0.027019
877,0.026687
878,0.026894
879,0.026827
880,0.027024
881,0.026925
882,0.026563
883,0.027022
884,0.026777
885,0.026886
886,0.026856
887,0.026788
888,0.026993
889,0.026722
890,0.027013
891,0.026864
892,0.026612
893,0.026919
894,0.026870
895,0.027080
896,0.026962
897,0.026938
898,0.026726
899,0.027157
900,0.026862
901,0.026932
902,0.026759
903,0.026724
904,0.026890
905,0.026789
906,0.027104
907,0.026864
908,0.026998
909,0.026894
910,0.026881
911,0.027164
912,0.026970
913,0.026942
914,0.026987
915,0.026917
916,0.026922
917,0.027148
918,0.026824
919,0.026867
920,0.026742
921,0.026875
922,0.053750
923,0.027012
924,0.027018
925,0.026946
926,0.026934
927,0.027100
928,0.027289
929,0.027093
930,0.026642
931,0.026896
932,0.026928
933,0.027005
934,0.026968
935,0.026717
936,0.027163
937,0.026851
938,0.026930
939,0.027094
940,0.026945
941,0.027095
942,0.027094
943,0.026787
944,0.054171
945,0.026850
946,0.026967
947,0.026808
948,0.026940
949,0.026854
950,0.026783
951,0.027207
952,0.026868
953,0.027107
954,0.027033
955,0.026828
956,0.026879
957,0.026896
958,0.026952
959,0.026806
960,0.026582
961,0.027031
962,0.026820
963,0.026802
964,0.026950
965,0.026801
966,0.027179
967,0.026844
968,0.026777
969,0.026914
970,0.026572
971,0.026821
972,0.027010
973,0.026882
974,0.026970
975,0.026722
976,0.026894
977,0.026911
978,0.026809
979,0.026870
980,0.026798
981,0.026988
982,0.027126
983,0.026832
984,0.027285
985,0.027260
986,0.026890
987,0.027176
988,0.026917
989,0.026863
990,0.027041
991,0.026933
992,0.027063
993,0.026875
994,0.026568
995,0.027040
996,0.026572
997,0.027026
998,0.026972
999,0.026866
1000,0.027125
1001,0.027079
1002,0.026747
1003,0.027167
1004,0.026589
1005,0.027094
1006,0.027152
1007,0.026988
1008,0.027030
1009,0.027023
1010,0.026809
1011,0.026983
1012,0.026662
1013,0.026809
1014,0.026838
1015,0.026853
1016,0.027114
1017,0.026870
1018,0.026879
1019,0.027204
1020,0.026873
1021,0.027040
1022,0.027048
1023,0.026879
1024,0.026947
1025,0.026809
1026,0.026870
1027,0.026610
1028,0.026807
1029,0.027026
1030,0.026853
1031,0.026952
1032,0.027016
1033,0.026711
1034,0.026988
1035,0.026767
1036,0.026851
1037,0.027010
1038,0.026722
1039,0.026658
1040,0.026857
1041,0.026830
1042,0.027050
1043,0.026623
1044,0.026762
1045,0.026856
1046,0.026717
1047,0.026914
1048,0.026579
1049,0.026848
1050,0.026988
1051,0.026899
1052,0.026755
1053,0.026818
1054,0.027151
1055,0.027070
1056,0.026969
1057,0.026947
1058,0.027025
1059,0.026750
1060,0.027088
1061,0.026622
1062,0.026915
1063,0.026686
1064,0.026980
1065,0.026897
1066,0.026829
1067,0.027069
1068,0.026978
1069,0.026856
1070,0.027076
1071,0.026757
1072,0.026701
1073,0.027068
1074,0.026765
1075,0.026897
1076,0.026759
1077,0.026886
1078,0.026853
1079,0.026714
1080,0.037016
1081,0.029155
1082,0.026776
1083,0.026632
1084,0.026492
1085,0.026842
1086,0.026712
1087,0.026732
1088,0.026937
1089,0.026643
1090,0.027015
1091,0.026737
1092,0.026852
1093,0.027154
1094,0.026679
1095,0.027085
1096,0.026603
1097,0.026864
1098,0.026902
1099,0.026738
1100,0.027146
1101,0.026746
1102,0.027119
1103,0.027039
1104,0.026791
1105,0.027249
1106,0.026999
1107,0.026794
1108,0.027048
1109,0.036521
1110,0.029154
1111,0.026751
1112,0.026935
1113,0.027262
1114,0.026716
1115,0.026995
1116,0.026820
1117,0.026878
1118,0.026960
1119,0.026763
1120,0.026731
1121,0.027005
1122,0.026992
1123,0.036034
1124,0.026907
1125,0.026988
1126,0.026850
1127,0.027082
1128,0.026798
1129,0.027094
1130,0.026638
1131,0.026842
1132,0.026974
1133,0.026904
1134,0.026683
1135,0.027023
1136,0.026863
1137,0.027056
1138,0.026764
1139,0.026774
1140,0.027125
1141,0.026806
1142,0.026878
1143,0.027049
1144,0.026757
1145,0.027113
1146,0.026701
1147,0.026860
1148,0.027032
1149,0.026831
1150,0.026888
1151,0.026814
1152,0.026884
1153,0.027136
1154,0.026602
1155,0.026995
1156,0.026960
1157,0.026793
1158,0.026797
1159,0.026892
1160,0.026865
1161,0.027020
1162,0.026835
1163,0.026904
1164,0.026944
1165,0.026871
1166,0.026872
1167,0.026860
1168,0.026660
1169,0.026851
1170,0.026790
1171,0.027002
1172,0.026840
1173,0.027100
1174,0.027076
1175,0.026856
1176,0.027104
1177,0.027027
1178,0.026917
1179,0.027021
1180,0.026750
1181,0.026971
1182,0.026746
1183,0.026761
1184,0.026964
1185,0.026624
1186,0.027024
1187,0.026822
1188,0.026792
1189,0.027246
1190,0.026697
1191,0.026785
1192,0.026811
1193,0.026883
1194,0.026695
1195,0.026836
1196,0.026839
1197,0.027055
1198,0.026876
1199,0.026997
1200,0.026675
1201,0.026888
1202,0.027266
1203,0.026646
1204,0.027408
1205,0.027003
1206,0.026661
1207,0.026871
1208,0.026871
1209,0.026953
1210,0.026968
1211,0.026987
1212,0.026754
1213,0.026879
1214,0.026664
1215,0.026977
1216,0.026732
1217,0.027165
1218,0.026939
1219,0.026804
1220,0.027147
1221,0.026982
1222,0.027054
1223,0.026940
1224,0.026796
1225,0.026802
1226,0.026829
1227,0.026870
1228,0.027158
1229,0.026955
1230,0.027064
1231,0.027169
1232,0.026824
1233,0.026723
1234,0.026901
1235,0.026959
1236,0.026940
1237,0.026867
1238,0.026756
1239,0.026914
1240,0.026793
1241,0.027228
1242,0.026918
1243,0.026896
1244,0.027010
1245,0.026824
1246,0.026857
1247,0.027007
1248,0.026924
1249,0.026974
1250,0.026915
1251,0.026909
1252,0.026601
1253,0.026814
1254,0.026673
1255,0.026722
1256,0.026564
1257,0.053103
1258,0.026753
1259,0.026646
1260,0.053289
1261,0.026809
1262,0.053139
1263,0.026624
1264,0.053244
1265,0.026801
1266,0.026555
1267,0.062898
1268,0.690185
1269,0.079777
1270,0.080105
1271,0.106029
1272,0.026645
1273,0.026942
1274,0.026894
1275,0.026537
1276,0.026629
1277,0.026937
1278,0.026817
1279,0.026909
1280,0.026837
1281,0.026775
1282,0.026823
1283,0.026631
1284,0.026586
1285,0.026733
1286,0.026752
1287,0.026721
1288,0.026784
1289,0.026752
1290,0.026688
1291,0.026865
1292,0.026610
1293,0.027102
1294,0.026820
1295,0.026726
1296,0.026803
1297,0.026899
1298,0.026655
1299,0.026602
1300,0.026551
1301,0.026822
1302,0.026574
1303,0.026376
1304,0.026534
1305,0.026763
1306,0.026673
1307,0.026601
1308,0.026680
1309,0.026543
1310,0.026764
1311,0.026583
1312,0.026550
1313,0.026634
1314,0.026709
1315,0.027175
1316,0.026897
1317,0.026742
1318,0.026732
1319,0.026672
1320,0.026722
1321,0.026949
1322,0.026791
1323,0.027160
1324,0.026928
1325,0.027045
1326,0.026689
1327,0.026938
1328,0.026729
1329,0.027013
1330,0.026614
1331,0.026709
1332,0.026709
1333,0.026820
1334,0.027348
1335,0.026613
1336,0.027354
1337,0.026848
1338,0.026908
1339,0.026897
1340,0.026747
1341,0.027195
1342,0.026720
1343,0.026953
1344,0.027109
1345,0.026907
1346,0.026802
1347,0.026808
1348,0.026791
1349,0.026650
1350,0.026580
1351,0.026672
1352,0.026794
1353,0.039345
1354,0.031136
1355,0.026889
1356,0.026880
1357,0.026944
1358,0.026886
1359,0.026868
1360,0.026737
1361,0.027022
1362,0.026913
1363,0.026907
1364,0.026929
1365,0.026935
1366,0.026809
1367,0.026962
1368,0.026707
1369,0.026676
1370,0.026979
1371,0.027025
1372,0.027033
1373,0.027001
1374,0.026888
1375,0.027117
1376,0.026831
1377,0.026900
1378,0.027006
1379,0.027002
1380,0.027058
1381,0.027122
1382,0.026716
1383,0.027079
1384,0.026720
1385,0.026943
1386,0.026833
1387,0.026750
1388,0.027079
1389,0.026981
1390,0.026997
1391,0.027080
1392,0.026937
1393,0.026830
1394,0.026921
1395,0.026890
1396,0.026932
1397,0.026908
1398,0.026965
1399,0.026678
1400,0.026785
1401,0.026935
1402,0.026812
1403,0.027074
1404,0.026981
1405,0.026900
1406,0.026828
1407,0.026634
1408,0.026893
1409,0.027311
1410,0.026626
1411,0.026733
1412,0.026759
1413,0.026996
1414,0.027004
1415,0.026624
1416,0.026965
1417,0.026930
1418,0.026912
1419,0.026882
1420,0.026536
1421,0.027014
1422,0.026792
1423,0.026831
1424,0.027002
1425,0.027127
1426,0.026836
1427,0.026918
1428,0.026721
1429,0.026795
1430,0.026824
1431,0.026939
1432,0.026953
1433,0.026954
1434,0.026993
1435,0.026967
1436,0.026648
1437,0.027030
1438,0.026690
1439,0.026901
1440,0.026753
1441,0.026857
1442,0.026754
1443,0.026869
1444,0.026830
1445,0.026905
1446,0.026854
1447,0.026693
1448,0.026805
1449,0.026972
1450,0.027167
1451,0.026914
1452,0.026998
1453,0.027158
1454,0.026759
1455,0.026877
1456,0.026560
1457,0.026840
1458,0.027111
1459,0.026725
1460,0.026907
1461,0.026858
1462,0.026846
1463,0.027022
1464,0.026572
1465,0.026929
1466,0.026884
1467,0.026842
1468,0.026862
1469,0.026962
1470,0.026829
1471,0.026964
1472,0.026970
1473,0.026827
1474,0.026846
1475,0.026940
1476,0.026886
1477,0.026984
1478,0.026832
1479,0.026791
1480,0.026684
1481,0.027001
1482,0.026779
1483,0.026835
1484,0.027031
1485,0.026808
1486,0.027017
1487,0.026614
1488,0.026715
1489,0.027041
1490,0.026733
1491,0.026791
1492,0.026894
1493,0.026832
1494,0.027030
1495,0.026851
1496,0.026879
1497,0.026894
1498,0.026867
1499,0.027019
1500,0.026961
1501,0.026898
1502,0.026587
1503,0.026598
1504,0.026641
1505,0.026575
1506,0.026635
1507,0.026567
1508,0.026588
1509,0.026665
1510,0.026747
1511,0.026636
1512,0.026636
1513,0.026626
1514,0.026809
1515,0.026636
1516,0.027184
1517,0.026703
1518,0.026643
1519,0.026532
1520,0.026663
1521,0.026684
1522,0.026509
1523,0.036573
1524,0.027859
1525,0.026715
1526,0.026670
1527,0.026629
1528,0.026628
1529,0.026794
1530,0.026635
1531,0.026598
1532,0.026364
1533,0.036092
1534,0.028751
1535,0.026596
1536,0.026551
1537,0.026746
1538,0.036500
1539,0.027646
1540,0.026962
1541,0.026899
1542,0.026800
1543,0.026602
1544,0.026716
1545,0.026684
1546,0.026668
1547,0.026671
1548,0.026554
1549,0.026831
1550,0.026767
1551,0.026732
1552,0.026738
1553,0.026662
1554,0.026640
1555,0.027032
1556,0.026631
1557,0.026691
1558,0.026679
1559,0.026673
1560,0.026658
1561,0.026776
1562,0.026637
1563,0.026756
1564,0.026501
1565,0.029277
1566,0.396565
1567,0.026716
1568,0.026435
1569,0.026818
1570,0.026891
1571,0.026623
1572,0.026759
1573,0.026615
1574,0.026687
1575,0.026914
1576,0.026714
1577,0.026837
1578,0.026754
1579,0.026635
1580,0.026729
1581,0.036282
1582,0.028817
1583,0.026809
1584,0.026766
1585,0.026754
1586,0.026813
1587,0.026767
1588,0.026724
1589,0.026655
1590,0.027173
1591,0.026732
1592,0.026918
1593,0.026846
1594,0.026639
1595,0.026817
1596,0.026479
1597,0.026726
1598,0.026733
1599,0.026601
1600,0.026685
1601,0.030636
1602,0.026889
1603,0.026656
1604,0.026402
1605,0.026857
1606,0.026498
1607,0.026600
1608,0.026701
1609,0.026638
1610,0.026590
1611,0.026625
1612,0.026563
1613,0.026679
1614,0.026744
1615,0.026806
1616,0.026775
1617,0.026648
1618,0.026683
1619,0.036618
1620,0.028850
1621,0.026550
1622,0.026739
1623,0.026592
1624,0.027014
1625,0.026754
1626,0.026768
1627,0.026755
1628,0.026803
1629,0.026707
1630,0.026708
1631,0.036783
1632,0.040008
1633,0.028973
1634,0.026755
1635,0.026606
1636,0.026788
1637,0.026820
1638,0.026651
1639,0.026601
1640,0.026754
1641,0.026825
1642,0.026878
1643,0.026611
1644,0.026643
1645,0.026831
1646,0.026677
1647,0.026752
1648,0.026582
1649,0.026749
1650,0.026606
1651,0.026683
1652,0.026564
1653,0.026686
1654,0.026623
1655,0.026629
1656,0.026841
1657,0.026665
1658,0.026629
1659,0.026599
1660,0.026687
1661,0.026790
1662,0.026567
1663,0.026707
1664,0.026630
1665,0.026728
1666,0.026704
1667,0.026757
1668,0.026730
1669,0.026934
1670,0.026650
1671,0.026752
1672,0.026726
1673,0.026815
1674,0.026660
1675,0.026747
1676,0.026672
1677,0.026620
1678,0.034018
1679,0.027002
1680,0.026712
1681,0.026825
1682,0.026716
1683,0.027098
1684,0.026746
1685,0.026684
1686,0.026789
1687,0.026818
1688,0.026594
1689,0.026652
1690,0.053292
1691,0.026780
1692,0.026692
1693,0.026682
1694,0.026689
1695,0.026684
1696,0.026716
1697,0.026725
1698,0.026589
1699,0.026600
1700,0.026506
1701,0.026774
1702,0.026856
1703,0.026640
1704,0.026698
1705,0.026827
1706,0.026652
1707,0.026797
1708,0.026775
1709,0.026746
1710,0.026748
1711,0.026710
1712,0.026693
1713,0.026934
1714,0.026732
1715,0.026730
1716,0.026800
1717,0.026766
1718,0.026837
1719,0.026681
1720,0.026747
1721,0.026918
1722,0.026707
1723,0.026628
1724,0.026892
1725,0.026871
1726,0.026869
1727,0.026724
1728,0.026595
1729,0.026783
1730,0.026751
1731,0.026546
1732,0.026835
1733,0.026706
1734,0.026639
1735,0.026639
1736,0.026654
1737,0.026806
1738,0.026819
1739,0.026704
1740,0.026463
1741,0.026706
1742,0.026711
1743,0.026685
1744,0.026786
1745,0.026865
1746,0.026572
1747,0.026753
1748,0.026600
1749,0.026762
1750,0.026803
1751,0.026740
1752,0.026690
1753,0.026783
1754,0.026813
1755,0.026687
1756,0.026751
1757,0.026776
1758,0.026726
1759,0.026532
1760,0.026525
1761,0.026715
1762,0.026739
1763,0.026757
1764,0.026613
1765,0.026706
1766,0.026840
1767,0.026699
1768,0.026688
1769,0.026775
1770,0.026783
1771,0.026727
1772,0.026745
1773,0.026635
1774,0.026579
1775,0.026768
1776,0.026778
1777,0.026826
1778,0.026575
1779,0.026662
1780,0.026844
1781,0.026736
1782,0.026772
1783,0.026811
1784,0.026616
1785,0.026662
1786,0.026626
1787,0.026839
1788,0.026642
1789,0.026720
1790,0.026662
1791,0.026653
1792,0.026723
1793,0.026759
1794,0.026757
1795,0.026736
1796,0.026554
1797,0.026657
1798,0.026580
1799,0.026626
1800,0.026640
1801,0.026730
1802,0.026668
1803,0.026691
1804,0.026765
1805,0.026845
1806,0.026631
1807,0.026750
1808,0.026520
1809,0.026640
1810,0.026780
1811,0.026790
1812,0.026758
1813,0.026623
1814,0.026730
1815,0.026664
1816,0.026750
1817,0.026808
1818,0.026700
1819,0.026663
1820,0.026761
1821,0.026856
1822,0.026763
1823,0.026680
1824,0.026692
1825,0.026745
1826,0.035206
1827,0.026724
1828,0.026556
1829,0.026549
1830,0.026679
1831,0.026510
1832,0.026739
1833,0.026710
1834,0.026666
1835,0.026596
1836,0.026706
1837,0.026912
1838,0.026540
1839,0.026627
1840,0.026738
1841,0.026871
1842,0.026566
1843,0.026593
1844,0.026777
1845,0.026718
1846,0.026710
1847,0.026475
1848,0.026706
1849,0.027034
1850,0.026729
1851,0.026816
1852,0.026788
1853,0.026731
1854,0.026750
1855,0.026480
1856,0.026675
1857,0.026903
1858,0.026516
1859,0.026735
1860,0.026730
1861,0.026841
1862,0.026712
1863,0.026768
1864,0.026855
1865,0.026701
1866,0.026679
1867,0.026412
1868,0.026678
1869,0.026844
1870,0.026615
1871,0.026567
1872,0.026868
1873,0.026749
1874,0.026738
1875,0.026541
1876,0.026713
1877,0.026685
1878,0.026602
1879,0.026839
1880,0.026517
1881,0.026755
1882,0.026661
1883,0.026796
1884,0.026730
1885,0.026824
1886,0.026558
1887,0.026851
1888,0.026791
1889,0.026854
1890,0.026816
1891,0.026864
1892,0.026835
1893,0.026816
1894,0.026801
1895,0.026702
1896,0.026533
1897,0.026688
1898,0.026591
1899,0.026750
1900,0.026773
1901,0.026886
1902,0.026679
1903,0.026738
1904,0.026698
1905,0.026679
1906,0.026659
1907,0.026659
1908,0.026732
1909,0.026687
1910,0.026868
1911,0.026777
1912,0.026766
1913,0.026789
1914,0.026794
1915,0.026872
1916,0.026602
1917,0.026741
1918,0.026577
1919,0.026620
1920,0.026658
1921,0.026784
1922,0.026822
1923,0.026396
1924,0.026527
1925,0.026734
1926,0.026564
1927,0.026740
1928,0.026565
1929,0.026822
1930,0.026790
1931,0.026635
1932,0.026625
1933,0.026782
1934,0.026596
1935,0.026769
1936,0.026567
1937,0.026817
1938,0.026545
1939,0.026543
1940,0.026673
1941,0.026746
1942,0.026695
1943,0.026430
1944,0.026886
1945,0.026775
1946,0.026652
1947,0.026606
1948,0.026770
1949,0.026593
1950,0.026738
1951,0.026830
1952,0.026746
1953,0.026715
1954,0.026754
1955,0.026653
1956,0.026659
1957,0.026779
1958,0.026774
1959,0.026835
1960,0.026735
1961,0.026856
1962,0.026655
1963,0.026685
1964,0.026688
1965,0.026799
1966,0.026632
1967,0.026716
1968,0.032372
1969,0.027040
1970,0.026751
1971,0.026693
1972,0.026653
1973,0.026782
1974,0.026578
1975,0.026648
1976,0.026717
1977,0.026801
1978,0.026589
1979,0.026646
1980,0.026691
1981,0.026714
1982,0.026692
1983,0.026614
1984,0.026584
1985,0.026749
1986,0.026797
1987,0.026690
1988,0.026621
1989,0.026772
1990,0.026787
1991,0.026854
1992,0.026826
1993,0.027188
1994,0.026696
1995,0.026883
1996,0.026973
1997,0.026836
1998,0.026699
1999,0.026781
2000,0.026675
2001,0.026772
2002,0.026870
2003,0.026539
2004,0.026616
2005,0.026889
2006,0.026787
2007,0.026701
2008,0.026748
2009,0.026954
2010,0.026616
2011,0.026866
2012,0.026925
2013,0.026737
2014,0.026696
2015,0.026668
2016,0.026770
2017,0.026850
2018,0.026472
2019,0.026618
2020,0.026601
2021,0.026692
2022,0.026693
2023,0.026553
2024,0.026572
2025,0.026792
2026,0.026699
2027,0.026567
2028,0.026659
2029,0.026948
2030,0.026608
2031,0.026696
2032,0.026713
2033,0.026594
2034,0.026715
2035,0.026768
2036,0.026751
2037,0.026918
2038,0.026661
2039,0.026667
2040,0.026668
2041,0.026799
2042,0.026684
2043,0.026495
2044,0.026665
2045,0.026770
2046,0.026868
2047,0.026619
2048,0.026566
2049,0.026681
2050,0.026688
2051,0.026755
2052,0.026773
2053,0.026774
2054,0.026589
2055,0.026518
2056,0.026660
2057,0.026910
2058,0.026663
2059,0.026646
2060,0.026576
2061,0.026652
2062,0.026714
2063,0.026774
2064,0.026762
2065,0.026705
2066,0.037029
2067,0.040024
2068,0.028986
2069,0.027140
2070,0.026620
2071,0.026771
2072,0.027595
2073,0.026841
2074,0.026594
2075,0.026623
2076,0.026798
2077,0.026641
2078,0.026648
2079,0.026615
2080,0.026854
2081,0.026900
2082,0.026651
2083,0.026554
2084,0.026565
2085,0.026672
2086,0.026789
2087,0.026769
2088,0.026708
2089,0.026718
2090,0.026750
2091,0.026739
2092,0.026734
2093,0.026905
2094,0.026679
2095,0.026613
2096,0.026436
2097,0.026654
2098,0.026744
2099,0.026816
2100,0.026625
2101,0.026841
2102,0.026677
2103,0.026509
2104,0.026695
2105,0.026696
2106,0.026752
2107,0.026673
2108,0.026690
2109,0.026746
2110,0.026649
2111,0.026687
2112,0.026597
2113,0.026714
2114,0.026570
2115,0.026690
2116,0.026687
2117,0.026909
2118,0.026789
2119,0.026568
2120,0.026406
2121,0.026716
2122,0.026631
2123,0.026761
2124,0.026796
2125,0.026773
2126,0.026640
2127,0.026592
2128,0.026767
2129,0.026727
2130,0.026476
2131,0.026789
2132,0.026533
2133,0.026845
2134,0.026692
2135,0.026818
2136,0.026757
2137,0.026679
2138,0.026658
2139,0.026700
2140,0.026809
2141,0.026729
2142,0.026611
2143,0.026792
2144,0.026579
2145,0.026978
2146,0.026581
2147,0.026760
2148,0.026726
2149,0.026812
2150,0.026483
2151,0.026785
2152,0.026630
2153,0.026726
2154,0.026668
2155,0.026699
2156,0.026866
2157,0.026648
2158,0.026626
2159,0.026698
2160,0.026767
2161,0.026807
2162,0.026673
2163,0.026723
2164,0.026763
2165,0.026776
2166,0.026685
2167,0.026613
2168,0.026981
2169,0.026901
2170,0.026659
2171,0.026857
2172,0.026624
2173,0.026810
2174,0.026708
2175,0.026692
2176,0.026782
2177,0.026764
2178,0.026645
2179,0.026695
2180,0.026880
2181,0.026848
2182,0.026761
2183,0.026831
2184,0.026876
2185,0.026672
2186,0.026715
2187,0.026757
2188,0.026733
2189,0.026747
2190,0.026723
2191,0.026664
2192,0.026808
2193,0.026801
2194,0.026820
2195,0.026807
2196,0.026768
2197,0.026814
2198,0.026785
2199,0.026663
2200,0.026685
2201,0.026806
2202,0.026651
2203,0.026640
2204,0.026811
2205,0.026748
2206,0.026555
2207,0.026646
2208,0.026829
2209,0.026849
2210,0.026665
2211,0.026585
2212,0.026828
2213,0.026923
2214,0.026638
2215,0.026922
2216,0.026665
2217,0.026779
2218,0.026805
2219,0.026639
2220,0.026713
2221,0.026766
2222,0.026747
2223,0.026790
2224,0.026713
2225,0.026861
2226,0.026719
2227,0.026651
2228,0.026668
2229,0.026813
2230,0.026606
2231,0.026871
2232,0.026638
2233,0.026619
# total_episodes=2233, avg_seconds=0.028922
