# episode_index, seconds
1,0.002411
2,0.002671
3,0.038930
4,0.016322
5,0.000845
6,0.002756
7,0.001445
8,0.006130
9,0.016386
10,0.537624
11,0.036378
12,0.029224
13,0.080259
14,0.584660
15,0.053570
16,0.026922
17,0.026946
18,0.026926
19,0.064491
20,0.028018
21,0.026949
22,0.026949
23,0.026933
24,0.133372
25,0.053154
26,0.026712
27,0.080207
28,0.026869
29,0.079931
30,0.026804
31,0.026922
32,0.026755
33,0.027036
34,0.026800
35,0.026777
36,0.026916
37,0.027114
38,0.026954
39,0.080285
40,0.026700
41,0.027035
42,0.091864
43,0.027104
44,0.240236
45,0.027003
46,0.027148
47,0.026790
48,0.026903
49,0.053868
50,0.412669
51,0.026582
52,0.026817
53,0.027038
54,0.026840
55,0.027078
56,0.026859
57,0.027221
58,0.027061
59,0.027012
60,0.027031
61,0.027123
62,0.026948
63,0.026720
64,0.038911
65,0.028836
66,0.053298
67,0.026930
68,0.026544
69,0.026925
70,0.027053
71,0.026797
72,0.026937
73,0.026818
74,0.026829
75,0.026992
76,0.053646
77,0.026958
78,0.026777
79,0.027104
80,0.026935
81,0.053636
82,0.026905
83,0.027086
84,0.027019
85,0.026768
86,0.026831
87,0.026853
88,0.027092
89,0.026918
90,0.026877
91,0.027111
92,0.027026
93,0.027119
94,0.026821
95,0.026862
96,0.053289
97,0.027110
98,0.027502
99,0.026839
100,0.026924
101,0.027011
102,0.026903
103,0.026971
104,0.026872
105,0.027253
106,0.027223
107,0.026778
108,0.027135
109,0.026830
110,0.026642
111,0.026703
112,0.026637
113,0.026804
114,0.026849
115,0.026715
116,0.027147
117,0.026808
118,0.026818
119,0.026712
120,0.026910
121,0.027273
122,0.026949
123,0.037072
124,0.029088
125,0.027577
126,0.027091
127,0.026758
128,0.026765
129,0.027069
130,0.027005
131,0.026862
132,0.026953
133,0.027294
134,0.026820
135,0.027068
136,0.027105
137,0.026826
138,0.026965
139,0.027143
140,0.026901
141,0.027239
142,0.026846
143,0.026813
144,0.027210
145,0.027029
146,0.026779
147,0.027176
148,0.026675
149,0.027012
150,0.026865
151,0.027017
152,0.026934
153,0.027103
154,0.026776
155,0.027002
156,0.026557
157,0.027051
158,0.026793
159,0.026914
160,0.027039
161,0.026951
162,0.027122
163,0.027723
164,0.027571
165,0.027665
166,0.027191
167,0.080361
168,0.027001
169,0.027052
170,0.027001
171,0.027214
172,0.026873
173,0.026922
174,0.026874
175,0.026876
176,0.026805
177,0.026988
178,0.026915
179,0.026838
180,0.026971
181,0.026892
182,0.026815
183,0.026842
184,0.026972
185,0.026981
186,0.053746
187,0.026970
188,0.119731
189,0.026819
190,0.107390
191,0.053894
192,0.026910
193,0.027160
194,0.027171
195,0.027091
196,0.027157
197,0.026754
198,0.026793
199,0.027052
200,0.026913
201,0.026848
202,0.026929
203,0.026819
204,0.026996
205,0.026705
206,0.027133
207,0.026815
208,0.026860
209,0.027081
210,0.026789
211,0.026781
212,0.053707
213,0.026814
214,0.026831
215,0.053979
216,0.026940
217,0.027092
218,0.053562
219,0.026993
220,0.026742
221,0.027026
222,0.027106
223,0.026859
224,0.026952
225,0.053739
226,0.053359
227,0.027010
228,0.026814
229,0.027021
230,0.027136
231,0.027127
232,0.026798
233,0.027259
234,0.026820
235,0.026914
236,0.053611
237,0.027110
238,0.026912
239,0.026828
240,0.026854
241,0.026886
242,0.026974
243,0.026895
244,0.027099
245,0.027220
246,0.026977
247,0.027185
248,0.026786
249,0.026975
250,0.027092
251,0.026946
252,0.026860
253,0.027131
254,0.027048
255,0.027085
256,0.026941
257,0.053732
258,0.027007
259,0.026788
260,0.026878
261,0.027369
262,0.027506
263,0.027139
264,0.053472
265,0.026837
266,0.027024
267,0.026942
268,0.026791
269,0.027198
270,0.026975
271,0.027019
272,0.026855
273,0.027093
274,0.027229
275,0.026794
276,0.026796
277,0.053612
278,0.026950
279,0.026826
280,0.026998
281,0.027071
282,0.026817
283,0.027018
284,0.026957
285,0.027015
286,0.027138
287,0.026874
288,0.026995
289,0.027321
290,0.026566
291,0.026820
292,0.027152
293,0.027121
294,0.027219
295,0.026801
296,0.026937
297,0.027109
298,0.026877
299,0.027028
300,0.027030
301,0.027252
302,0.027039
303,0.026953
304,0.026791
305,0.027366
306,0.026947
307,0.027079
308,0.026852
309,0.027074
310,0.026957
311,0.026953
312,0.027109
313,0.027031
314,0.026844
315,0.027058
316,0.027061
317,0.027056
318,0.027212
319,0.026865
320,0.027086
321,0.027188
322,0.026724
323,0.027305
324,0.026598
325,0.027051
326,0.027217
327,0.026756
328,0.027216
329,0.027232
330,0.026908
331,0.026812
332,0.026716
333,0.027040
334,0.080537
335,0.027080
336,0.026923
337,0.027006
338,0.026968
339,0.026924
340,0.107190
341,0.063462
342,0.029236
343,0.026972
344,0.026958
345,0.027001
346,0.053690
347,0.026983
348,0.027001
349,0.053776
350,0.026807
351,0.027101
352,0.026988
353,0.027098
354,0.026940
355,0.026993
356,0.027400
357,0.027006
358,0.026798
359,0.027165
360,0.026791
361,0.026751
362,0.026861
363,0.026834
364,0.026850
365,0.026946
366,0.027010
367,0.027141
368,0.026664
369,0.027226
370,0.026973
371,0.026813
372,0.027257
373,0.026975
374,0.026909
375,0.026941
376,0.026934
377,0.026910
378,0.026816
379,0.027147
380,0.026898
381,0.026945
382,0.026866
383,0.027033
384,0.026680
385,0.027101
386,0.026966
387,0.026880
388,0.026752
389,0.026999
390,0.026882
391,0.053462
392,0.027161
393,0.027063
394,0.053883
395,0.027101
396,0.027168
397,0.026926
398,0.027094
399,0.053889
400,0.027042
401,0.026892
402,0.026900
403,0.026937
404,0.026851
405,0.027063
406,0.053314
407,0.027110
408,0.026786
409,0.027106
410,0.026852
411,0.026799
412,0.026688
413,0.026998
414,0.160110
415,0.026989
416,0.026992
417,0.026904
418,0.426170
419,0.026853
420,0.027051
421,0.026854
422,0.026937
423,0.026880
424,0.026939
425,0.028451
426,0.026644
427,0.026618
428,0.026626
429,0.026891
430,0.026731
431,0.026642
432,0.026587
433,0.026835
434,0.026750
435,0.026785
436,0.026664
437,0.026683
438,0.026633
439,0.026833
440,0.026761
441,0.026927
442,0.026748
443,0.026687
444,0.026689
445,0.026874
446,0.026713
447,0.026789
448,0.026642
449,0.026983
450,0.026669
451,0.036728
452,0.029087
453,0.026786
454,0.026634
455,0.026753
456,0.026598
457,0.053081
458,0.026545
459,0.026518
460,0.026728
461,0.026802
462,0.026786
463,0.053175
464,0.026855
465,0.026696
466,0.026821
467,0.026840
468,0.053137
469,0.053323
470,0.026640
471,0.026700
472,0.026764
473,0.026725
474,0.026769
475,0.026478
476,0.053445
477,0.053327
478,0.026638
479,0.026610
480,0.053088
481,0.053038
482,0.026700
483,0.026670
484,0.026687
485,0.026553
486,0.026791
487,0.026769
488,0.026762
489,0.026692
490,0.026544
491,0.026753
492,0.026801
493,0.026580
494,0.026708
495,0.026495
496,0.053233
497,0.026844
498,0.053213
499,0.026708
500,0.026590
501,0.026756
502,0.026714
503,0.026819
504,0.026724
505,0.026643
506,0.026605
507,0.026738
508,0.026770
509,0.026806
510,0.026697
511,0.026708
512,0.026781
513,0.026794
514,0.026633
515,0.026709
516,0.026582
517,0.026881
518,0.026709
519,0.026784
520,0.026668
521,0.026711
522,0.026660
523,0.026530
524,0.026841
525,0.026913
526,0.026878
527,0.026850
528,0.026739
529,0.026728
530,0.026693
531,0.026625
532,0.026817
533,0.026769
534,0.026742
535,0.026761
536,0.026604
537,0.026654
538,0.026641
539,0.026742
540,0.026780
541,0.026665
542,0.026628
543,0.026679
544,0.026747
545,0.026672
546,0.026757
547,0.026680
548,0.026801
549,0.026803
550,0.026853
551,0.026818
552,0.026815
553,0.026865
554,0.026779
555,0.026753
556,0.026722
557,0.026912
558,0.026616
559,0.026754
560,0.026566
561,0.026874
562,0.026748
563,0.026841
564,0.026767
565,0.026750
566,0.026669
567,0.026650
568,0.026669
569,0.026745
570,0.026638
571,0.026528
572,0.026685
573,0.026786
574,0.026624
575,0.026664
576,0.026689
577,0.026808
578,0.026697
579,0.026654
580,0.026686
581,0.026827
582,0.026760
583,0.026698
584,0.026742
585,0.026765
586,0.026842
587,0.026756
588,0.026696
589,0.079538
590,0.026804
591,0.026810
592,0.026693
593,0.026797
594,0.026687
595,0.053208
596,0.026691
597,0.026987
598,0.053055
599,0.053187
600,0.026641
601,0.053236
602,0.026637
603,0.026850
604,0.105968
605,0.026849
606,0.159185
607,0.053079
608,0.026599
609,0.026741
610,0.026596
611,0.026634
612,0.026613
613,0.026822
614,0.026796
615,0.026689
616,0.026630
617,0.026847
618,0.026759
619,0.026818
620,0.026780
621,0.026941
622,0.026652
623,0.026696
624,0.026810
625,0.080576
626,0.079419
627,0.026689
628,0.026657
629,0.026734
630,0.026740
631,0.026754
632,0.556005
633,0.026727
634,0.026598
635,0.026767
636,0.026617
637,0.026554
638,0.026771
639,0.026864
640,0.026844
641,0.026713
642,0.026784
643,0.026664
644,0.026666
645,0.026698
646,0.026769
647,0.026726
648,0.026645
649,0.026673
650,0.026579
651,0.026696
652,0.026707
653,0.026719
654,0.026746
655,0.026777
656,0.026613
657,0.026694
658,0.026687
659,0.053139
660,0.026556
661,0.026837
662,0.026815
663,0.026609
664,0.026719
665,0.026898
666,0.030429
667,0.063590
668,0.027664
669,0.026664
670,0.079648
671,0.026777
672,0.026769
673,0.026922
674,0.079642
675,0.026668
676,0.026680
677,0.026614
678,0.026772
679,0.026534
680,0.026752
681,0.026764
682,0.026798
683,0.026720
684,0.026829
685,0.026796
686,0.026768
687,0.026619
688,0.026614
689,0.026902
690,0.026690
691,0.026548
692,0.026814
693,0.026835
694,0.026459
695,0.026854
696,0.026679
697,0.026601
698,0.026629
699,0.026457
700,0.026692
701,0.026866
702,0.026578
703,0.026520
704,0.026855
705,0.026734
706,0.036658
707,0.028950
708,0.026718
709,0.026761
710,0.053030
711,0.026618
712,0.026762
713,0.026583
714,0.026648
715,0.026739
716,0.026697
717,0.026762
718,0.026747
719,0.026592
720,0.052907
721,0.026756
722,0.026781
723,0.053170
724,0.026724
725,0.026781
726,0.053290
727,0.026728
728,0.026668
729,0.026681
730,0.026594
731,0.026593
732,0.026589
733,0.026787
734,0.026623
735,0.026590
736,0.502522
737,0.053259
738,0.026731
739,0.026770
740,0.053215
741,0.026711
742,0.026733
743,0.026596
744,0.026714
745,0.053241
746,0.026860
747,0.053204
748,0.026813
749,0.053571
750,0.026879
751,0.026646
752,0.026586
753,0.053124
754,0.053233
755,0.026869
756,0.026804
757,0.053345
758,0.026784
759,0.026701
760,0.026738
761,0.026872
762,0.026561
763,0.026665
764,0.026552
765,0.026762
766,0.026733
767,0.026982
768,0.026715
769,0.026903
770,0.026741
771,0.026806
772,0.026769
773,0.026865
774,0.026651
775,0.026880
776,0.026858
777,0.026784
778,0.026794
779,0.026866
780,0.026779
781,0.026764
782,0.026778
783,0.026721
784,0.026573
785,0.053242
786,0.026707
787,0.026529
788,0.026612
789,0.026767
790,0.026651
791,0.026745
792,0.026744
793,0.026864
794,0.026825
795,0.026804
796,0.026549
797,0.026689
798,0.026687
799,0.026549
800,0.026731
801,0.026606
802,0.026783
803,0.026831
804,0.026816
805,0.026847
806,0.053188
807,0.026880
808,0.026615
809,0.026891
810,0.026635
811,0.026734
812,0.026807
813,0.026767
814,0.026701
815,0.026775
816,0.026798
817,0.026672
818,0.026841
819,0.026654
820,0.026600
821,0.026907
822,0.026814
823,0.026733
824,0.026859
825,0.026783
826,0.026677
827,0.026659
828,0.026662
829,0.026731
830,0.026738
831,0.026739
832,0.026895
833,0.026891
834,0.026834
835,0.026586
836,0.079523
837,0.026787
838,0.026808
839,0.026676
840,0.026633
841,0.036033
842,0.028878
843,0.026598
844,0.026503
845,0.026835
846,0.026793
847,0.026700
848,0.026537
849,0.026886
850,0.026700
851,0.026733
852,0.026691
853,0.026716
854,0.026703
855,0.053414
856,0.026726
857,0.026936
858,0.079616
859,0.582729
860,0.026775
861,0.238614
862,0.238639
863,0.106350
864,0.053489
865,0.080024
866,0.079444
867,0.053338
868,0.026650
869,0.026929
870,0.026728
871,0.026559
872,0.026710
873,0.026604
874,0.026628
875,0.026773
876,0.026752
877,0.026769
878,0.026692
879,0.026757
880,0.026695
881,0.026828
882,0.026521
883,0.026729
884,0.026889
885,0.026736
886,0.026611
887,0.026567
888,0.026778
889,0.026766
890,0.026773
891,0.026675
892,0.026822
893,0.026508
894,0.026833
895,0.026627
896,0.026638
897,0.026811
898,0.026637
899,0.026770
900,0.026659
901,0.026730
902,0.026756
903,0.026686
904,0.026762
905,0.026882
906,0.026829
907,0.026688
908,0.026648
909,0.026580
910,0.026714
911,0.026809
912,0.026670
913,0.026905
914,0.026711
915,0.026623
916,0.026609
917,0.026660
918,0.026626
919,0.026800
920,0.026699
921,0.026734
922,0.026867
923,0.028315
924,0.026564
925,0.026791
926,0.026615
927,0.026581
928,0.026640
929,0.026707
930,0.026725
931,0.026513
932,0.026679
933,0.026745
934,0.026613
935,0.026852
936,0.026648
937,0.026690
938,0.026748
939,0.026624
940,0.026752
941,0.026717
942,0.026682
943,0.026650
944,0.026713
945,0.026783
946,0.026558
947,0.026638
948,0.026625
949,0.026829
950,0.026601
951,0.026648
952,0.026785
953,0.026577
954,0.026722
955,0.026697
956,0.026547
957,0.026593
958,0.026627
959,0.026762
960,0.026700
961,0.026633
962,0.026564
963,0.026638
964,0.026738
965,0.026662
966,0.026674
967,0.026679
968,0.026692
969,0.026818
970,0.026643
971,0.026616
972,0.026815
973,0.026928
974,0.026649
975,0.026813
976,0.026507
977,0.026777
978,0.026836
979,0.026672
980,0.026705
981,0.053382
982,0.026763
983,0.026573
984,0.026709
985,0.026717
986,0.026820
987,0.026724
988,0.026756
989,0.026696
990,0.026690
991,0.026836
992,0.026683
993,0.036561
994,0.028851
995,0.026819
996,0.026827
997,0.026905
998,0.026684
999,0.026786
1000,0.026766
1001,0.026850
1002,0.026638
1003,0.026782
1004,0.026672
1005,0.026998
1006,0.026765
1007,0.026703
1008,0.026788
1009,0.159287
1010,0.026690
1011,0.026834
1012,0.026774
1013,0.026928
1014,0.026765
1015,0.026802
1016,0.026827
1017,0.053283
1018,0.026803
1019,0.026799
1020,0.026793
1021,0.026867
1022,0.026812
1023,0.026805
1024,0.026672
1025,0.026645
1026,0.026871
1027,0.026682
1028,0.026969
1029,0.026935
1030,0.026564
1031,0.026883
1032,0.026648
1033,0.026878
1034,0.026868
1035,0.026945
1036,0.026812
1037,0.027006
1038,0.026845
1039,0.026729
1040,0.053395
1041,0.026807
1042,0.026718
1043,0.026646
1044,0.026810
1045,0.026894
1046,0.026971
1047,0.026751
1048,0.026886
1049,0.026653
1050,0.026985
1051,0.036638
1052,0.028982
1053,0.026931
1054,0.026835
1055,0.026801
1056,0.026871
1057,0.026680
1058,0.026897
1059,0.026716
1060,0.026804
1061,0.026932
1062,0.026777
1063,0.026587
1064,0.053399
1065,0.026792
1066,0.026859
1067,0.026758
1068,0.026703
1069,0.053148
1070,0.026697
1071,0.053300
1072,0.026713
1073,0.026822
1074,0.026852
1075,0.026710
1076,0.026705
1077,0.026763
1078,0.026484
1079,0.026688
1080,0.026623
1081,0.026836
1082,0.026763
1083,0.026838
1084,0.026543
1085,0.026908
1086,0.026589
1087,0.026779
1088,0.029929
1089,0.026803
1090,0.026882
1091,0.026558
1092,0.026617
1093,0.026741
1094,0.026622
1095,0.026704
1096,0.026536
1097,0.026787
1098,0.026716
1099,0.026610
1100,0.053311
1101,0.026793
1102,0.026783
1103,0.026676
1104,0.026836
1105,0.026802
1106,0.026722
1107,0.026767
1108,0.026889
1109,0.026803
1110,0.026833
1111,0.026877
1112,0.026815
1113,0.026792
1114,0.026874
1115,0.026883
1116,0.026684
1117,0.026942
1118,0.026798
1119,0.026764
1120,0.026676
1121,0.027041
1122,0.026850
1123,0.026862
1124,0.026833
1125,0.026937
1126,0.026772
1127,0.026923
1128,0.026858
1129,0.026818
1130,0.026796
1131,0.026915
1132,0.026910
1133,0.026973
1134,0.026831
1135,0.026656
1136,0.026717
1137,0.026871
1138,0.026898
1139,0.026601
1140,0.026762
1141,0.026873
1142,0.026871
1143,0.026630
1144,0.026779
1145,0.026868
1146,0.026874
1147,0.026910
1148,0.026667
1149,0.026748
1150,0.026809
1151,0.026751
1152,0.026725
1153,0.026998
1154,0.026854
1155,0.026746
1156,0.026834
1157,0.026989
1158,0.027117
1159,0.026786
1160,0.026920
1161,0.027256
1162,0.026791
1163,0.026995
1164,0.027017
1165,0.027001
1166,0.027070
1167,0.027101
1168,0.026968
1169,0.027299
1170,0.026794
1171,0.027030
1172,0.026971
1173,0.027009
1174,0.027154
1175,0.026972
1176,0.027167
1177,0.027228
1178,0.026815
1179,0.053765
1180,0.027025
1181,0.026950
1182,0.026919
1183,0.027035
1184,0.027054
1185,0.026930
1186,0.027054
1187,0.026768
1188,0.027046
1189,0.027191
1190,0.026950
1191,0.027069
1192,0.026629
1193,0.026860
1194,0.026787
1195,0.026912
1196,0.026991
1197,0.026889
1198,0.026925
1199,0.026700
1200,0.026868
1201,0.026797
1202,0.026905
1203,0.026826
1204,0.026985
1205,0.026999
1206,0.026870
1207,0.026791
1208,0.026811
1209,0.026808
1210,0.026752
1211,0.026793
1212,0.026678
1213,0.026758
1214,0.026789
1215,0.026817
1216,0.026672
1217,0.026877
1218,0.026770
1219,0.026895
1220,0.026867
1221,0.026686
1222,0.026809
1223,0.026746
1224,0.026814
1225,0.026890
1226,0.026881
1227,0.026876
1228,0.026811
1229,0.026825
1230,0.026809
1231,0.026733
1232,0.026837
1233,0.026862
1234,0.026839
1235,0.026686
1236,0.026901
1237,0.026887
1238,0.026796
1239,0.026739
1240,0.026739
1241,0.026925
1242,0.026773
1243,0.026793
1244,0.026876
1245,0.026941
1246,0.026814
1247,0.026805
1248,0.026796
1249,0.026902
1250,0.026916
1251,0.026716
1252,0.026612
1253,0.026726
1254,0.026843
1255,0.026699
1256,0.026891
1257,0.026826
1258,0.026807
1259,0.026696
1260,0.026794
1261,0.026805
1262,0.026880
1263,0.027425
1264,0.026900
1265,0.026985
1266,0.027123
1267,0.027020
1268,0.027114
1269,0.053732
1270,0.026987
1271,0.026856
1272,0.027099
1273,0.027048
1274,0.027044
1275,0.027009
1276,0.026968
1277,0.027648
1278,0.027122
1279,0.026903
1280,0.054045
1281,0.026979
1282,0.026962
1283,0.027084
1284,0.026952
1285,0.053743
1286,0.026919
1287,0.107541
1288,0.080305
1289,0.027092
1290,0.027052
1291,0.213996
1292,0.026821
1293,0.026902
1294,0.026818
1295,0.027209
1296,0.026946
1297,0.027108
1298,0.027093
1299,0.026830
1300,0.027077
1301,0.026905
1302,0.026976
1303,0.032766
1304,0.027215
1305,0.027179
1306,0.027289
1307,0.027056
1308,0.026919
1309,0.027165
1310,0.026860
1311,0.026885
1312,0.027179
1313,0.026844
1314,0.027098
1315,0.027060
1316,0.026900
1317,0.026890
1318,0.027028
1319,0.026876
1320,0.027073
1321,0.027071
1322,0.026925
1323,0.027084
1324,0.026907
1325,0.027135
1326,0.026638
1327,0.027012
1328,0.026879
1329,0.026808
1330,0.026979
1331,0.026778
1332,0.026699
1333,0.026867
1334,0.026698
1335,0.026705
1336,0.026808
1337,0.026769
1338,0.026890
1339,0.026651
1340,0.026697
1341,0.026819
1342,0.026796
1343,0.026543
1344,0.026612
1345,0.026742
1346,0.026763
1347,0.053244
1348,0.026680
1349,0.026911
1350,0.026767
1351,0.026778
1352,0.079578
1353,0.053133
1354,0.026799
1355,0.026838
1356,0.036458
1357,0.028968
1358,0.026660
1359,0.026711
1360,0.026734
1361,0.026898
1362,0.026842
1363,0.026769
1364,0.026743
1365,0.026738
1366,0.026793
1367,0.026980
1368,0.053496
1369,0.026768
1370,0.026811
1371,0.026910
1372,0.026959
1373,0.026920
1374,0.026668
1375,0.026793
1376,0.026782
1377,0.026958
1378,0.026754
1379,0.026744
1380,0.026915
1381,0.026848
1382,0.026767
1383,0.026672
1384,0.026654
1385,0.026934
1386,0.026789
1387,0.026789
1388,0.026728
1389,0.026790
1390,0.026650
1391,0.026708
1392,0.080017
1393,0.026851
1394,0.026741
1395,0.026740
1396,0.026877
1397,0.026797
1398,0.026887
1399,0.026877
1400,0.026672
1401,0.053512
1402,0.053363
1403,0.026808
1404,0.026743
1405,0.026857
1406,0.053325
1407,0.026965
1408,0.026888
1409,0.026742
1410,0.026854
1411,0.026652
1412,0.026883
1413,0.026827
1414,0.027104
1415,0.026729
1416,0.026739
1417,0.026762
1418,0.026785
1419,0.027015
1420,0.026732
1421,0.026836
1422,0.026658
1423,0.026793
1424,0.053436
1425,0.026666
1426,0.026869
1427,0.026891
1428,0.026644
1429,0.026728
1430,0.026962
1431,0.026687
1432,0.026728
1433,0.026892
1434,0.026826
1435,0.026749
1436,0.026802
1437,0.026748
1438,0.026801
1439,0.026936
1440,0.026808
1441,0.425200
1442,0.026728
1443,0.026720
1444,0.026694
1445,0.026770
1446,0.026787
1447,0.026832
1448,0.026698
1449,0.026859
1450,0.079989
1451,0.026850
1452,0.026728
1453,0.079925
1454,0.026735
1455,0.034658
1456,0.159139
1457,0.080074
1458,0.026849
1459,0.079928
1460,0.053243
1461,0.026988
1462,0.292121
1463,0.026614
1464,0.026878
1465,0.026834
1466,0.026722
1467,0.026818
1468,0.026703
1469,0.026795
1470,0.026634
1471,0.026792
1472,0.026778
1473,0.026833
1474,0.026841
1475,0.026779
1476,0.026669
1477,0.026743
1478,0.026834
1479,0.026762
1480,0.026694
1481,0.026868
1482,0.026856
1483,0.026802
1484,0.026784
1485,0.026866
1486,0.026805
1487,0.026930
1488,0.026854
1489,0.026905
1490,0.026638
1491,0.026755
1492,0.026830
1493,0.026812
1494,0.026751
1495,0.026694
1496,0.026642
1497,0.026882
1498,0.026738
1499,0.026825
1500,0.026636
1501,0.026831
1502,0.026812
1503,0.026563
1504,0.026759
1505,0.026709
1506,0.026690
1507,0.026683
1508,0.026910
1509,0.026887
1510,0.026776
1511,0.026557
1512,0.026870
1513,0.027043
1514,0.026639
1515,0.032642
1516,0.027021
1517,0.026797
1518,0.026674
1519,0.026741
1520,0.026821
1521,0.026799
1522,0.026838
1523,0.026777
1524,0.026527
1525,0.026820
1526,0.026804
1527,0.026817
1528,0.026669
1529,0.026828
1530,0.026643
1531,0.026807
1532,0.026779
1533,0.026528
1534,0.026750
1535,0.026639
1536,0.026772
1537,0.026757
1538,0.026780
1539,0.026659
1540,0.026666
1541,0.026927
1542,0.026754
1543,0.026615
1544,0.026797
1545,0.026874
1546,0.026743
1547,0.026698
1548,0.026910
1549,0.026856
1550,0.026834
1551,0.026763
1552,0.026911
1553,0.026819
1554,0.026710
1555,0.026669
1556,0.026730
1557,0.026677
1558,0.026687
1559,0.026544
1560,0.026615
1561,0.026705
1562,0.026774
1563,0.026844
1564,0.026891
1565,0.026853
1566,0.026580
1567,0.026693
1568,0.026685
1569,0.026897
1570,0.026847
1571,0.026738
1572,0.026724
1573,0.026856
1574,0.026636
1575,0.026718
1576,0.026745
1577,0.026775
1578,0.026727
1579,0.027365
1580,0.026913
1581,0.026763
1582,0.026744
1583,0.026695
1584,0.026916
1585,0.026705
1586,0.026680
1587,0.026806
1588,0.026844
1589,0.026883
1590,0.026832
1591,0.053234
1592,0.026870
1593,0.026860
1594,0.053242
1595,0.026753
1596,0.026714
1597,0.026947
1598,0.026789
1599,0.026716
1600,0.026895
1601,0.026822
1602,0.026860
1603,0.026704
1604,0.036584
1605,0.029039
1606,0.026798
1607,0.026850
1608,0.026843
1609,0.026900
1610,0.053593
1611,0.026830
1612,0.026730
1613,0.026933
1614,0.053339
1615,0.026908
1616,0.026786
1617,0.026834
1618,0.026837
1619,0.027038
1620,0.026822
1621,0.027026
1622,0.026856
1623,0.026976
1624,0.026646
1625,0.026984
1626,0.026822
1627,0.026963
1628,0.026664
1629,0.026824
1630,0.026633
1631,0.026768
1632,0.026822
1633,0.026885
1634,0.026956
1635,0.026896
1636,0.026745
1637,0.026872
1638,0.026890
1639,0.026871
1640,0.080112
1641,0.026807
1642,0.053454
1643,0.026854
1644,0.053264
1645,0.053657
1646,0.026782
1647,0.053427
1648,0.026576
1649,0.026906
1650,0.026942
1651,0.026987
1652,0.026737
1653,0.026887
1654,0.026785
1655,0.026843
1656,0.026848
1657,0.026856
1658,0.026773
1659,0.026747
1660,0.026857
1661,0.026945
1662,0.026771
1663,0.026831
1664,0.026762
1665,0.026895
1666,0.026940
1667,0.026761
1668,0.026773
1669,0.026926
1670,0.026754
1671,0.026918
1672,0.026814
1673,0.026877
1674,0.026890
1675,0.026783
1676,0.026804
1677,0.026720
1678,0.026881
1679,0.026747
1680,0.027007
1681,0.026835
1682,0.026799
1683,0.026863
1684,0.026886
1685,0.026793
1686,0.026805
1687,0.026777
1688,0.026896
1689,0.026720
1690,0.026843
1691,0.034048
1692,0.027069
1693,0.026783
1694,0.026701
1695,0.026930
1696,0.026728
1697,0.026869
1698,0.026829
1699,0.026795
1700,0.026885
1701,0.026869
1702,0.026781
1703,0.026605
1704,0.026956
1705,0.026772
1706,0.026837
1707,0.026679
1708,0.026768
1709,0.027068
1710,0.026872
1711,0.026768
1712,0.026708
1713,0.026765
1714,0.026747
1715,0.026847
1716,0.026753
1717,0.026766
1718,0.026807
1719,0.026818
1720,0.026648
1721,0.026759
1722,0.026643
1723,0.026807
1724,0.026753
1725,0.026795
1726,0.026863
1727,0.026746
1728,0.026731
1729,0.026860
1730,0.026649
1731,0.026808
1732,0.026825
1733,0.026864
1734,0.026813
1735,0.026614
1736,0.026934
1737,0.027001
1738,0.026714
1739,0.026806
1740,0.026865
1741,0.026880
1742,0.026937
1743,0.026750
1744,0.053573
1745,0.026926
1746,0.026607
1747,0.026661
1748,0.026830
1749,0.026772
1750,0.026821
1751,0.026762
1752,0.026734
1753,0.026843
1754,0.026704
1755,0.026798
1756,0.026815
1757,0.026673
1758,0.026799
1759,0.026693
1760,0.053377
1761,0.026877
1762,0.026762
1763,0.026669
1764,0.026795
1765,0.053222
1766,0.026752
1767,0.026957
1768,0.026760
1769,0.026760
1770,0.026742
1771,0.026712
1772,0.026812
1773,0.026925
1774,0.026687
1775,0.026674
1776,0.026866
1777,0.026978
1778,0.026777
1779,0.026825
1780,0.026689
1781,0.026826
1782,0.026653
1783,0.026776
1784,0.026845
1785,0.053555
1786,0.026756
1787,0.026761
1788,0.053229
1789,0.026952
1790,0.026826
1791,0.026590
1792,0.026783
1793,0.026919
1794,0.053273
1795,0.026583
1796,0.026855
1797,0.026931
1798,0.027050
1799,0.026803
1800,0.026647
1801,0.026904
1802,0.026723
1803,0.053441
1804,0.026783
1805,0.026909
1806,0.026818
1807,0.053204
1808,0.026863
1809,0.079989
1810,0.053298
1811,0.026816
1812,0.026662
1813,0.026862
1814,0.026714
1815,0.053535
1816,0.026801
1817,0.026789
1818,0.026678
1819,0.026795
1820,0.026816
1821,0.026873
1822,0.026713
1823,0.026731
1824,0.026796
1825,0.026853
1826,0.026788
1827,0.026791
1828,0.026773
1829,0.026862
1830,0.026836
1831,0.026785
1832,0.026840
1833,0.026990
1834,0.026842
1835,0.026934
1836,0.026732
1837,0.026780
1838,0.026802
1839,0.026703
1840,0.026839
1841,0.026795
1842,0.026716
1843,0.026798
1844,0.026768
1845,0.026784
1846,0.026814
1847,0.026779
1848,0.026723
1849,0.026820
1850,0.026875
1851,0.026728
1852,0.026858
1853,0.026754
1854,0.053192
1855,0.026883
1856,0.026908
1857,0.026720
1858,0.026781
1859,0.026876
1860,0.026484
1861,0.026815
1862,0.026715
1863,0.027095
1864,0.026738
1865,0.026897
1866,0.026882
1867,0.026713
1868,0.026762
1869,0.026866
1870,0.026751
1871,0.026840
1872,0.026722
1873,0.026803
1874,0.027140
1875,0.026697
1876,0.026790
1877,0.026779
1878,0.026745
1879,0.026803
1880,0.026863
1881,0.026912
1882,0.026665
1883,0.026655
1884,0.026810
1885,0.027009
1886,0.053455
1887,0.026791
1888,0.026666
1889,0.026923
1890,0.026815
1891,0.026868
1892,0.053233
1893,0.026836
1894,0.026939
1895,0.026904
1896,0.026944
1897,0.026832
1898,0.026787
1899,0.026889
1900,0.026977
1901,0.026925
1902,0.026887
1903,0.026850
1904,0.026697
1905,0.026765
1906,0.053348
1907,0.053321
1908,0.026983
1909,0.026829
1910,0.026716
1911,0.026858
1912,0.026801
1913,0.053335
1914,0.053411
1915,0.036797
1916,0.055505
1917,0.026901
1918,0.079956
1919,0.053362
1920,0.053258
1921,0.026877
1922,0.026950
1923,0.053398
1924,0.026803
1925,0.026819
1926,0.053442
1927,0.053353
1928,0.026793
1929,0.026897
1930,0.053224
1931,0.026820
1932,0.026735
1933,0.026797
1934,0.026653
1935,0.053367
1936,0.053546
1937,0.053441
1938,0.026731
1939,0.026732
1940,0.053348
1941,0.027053
1942,0.026886
1943,0.026917
1944,0.027008
1945,0.027432
1946,0.027072
1947,0.026883
1948,0.027262
1949,0.053761
1950,0.053889
1951,0.027287
1952,0.026946
1953,0.027136
1954,0.027289
1955,0.026964
1956,0.026814
1957,0.026928
1958,0.026900
1959,0.026879
1960,0.026886
1961,0.027167
1962,0.027006
1963,0.026940
1964,0.027042
1965,0.027045
1966,0.027073
1967,0.027226
1968,0.033612
1969,0.026982
1970,0.026857
1971,0.027207
1972,0.026886
1973,0.027136
1974,0.027069
1975,0.026994
1976,0.027141
1977,0.026858
1978,0.027014
1979,0.027134
1980,0.026776
1981,0.027286
1982,0.027082
1983,0.026868
1984,0.027250
1985,0.027093
1986,0.027199
1987,0.026874
1988,0.026993
1989,0.027092
1990,0.026976
1991,0.027322
1992,0.027192
1993,0.026875
1994,0.027030
1995,0.026889
1996,0.027062
1997,0.027321
1998,0.026859
1999,0.027187
2000,0.027253
2001,0.026958
2002,0.027261
2003,0.026969
2004,0.026839
2005,0.027232
2006,0.026962
2007,0.027075
2008,0.027179
2009,0.026966
2010,0.026856
2011,0.026892
2012,0.027090
2013,0.027154
# total_episodes=2013, avg_seconds=0.032094
