# episode_index, seconds
1,0.001877
2,0.001555
3,0.016941
4,0.002806
5,0.002184
6,0.002935
7,0.000828
8,0.008686
9,0.001509
10,0.002163
11,0.015078
12,0.012424
13,0.003874
14,0.003483
15,0.002821
16,0.004795
17,0.037701
18,0.026539
19,0.159062
20,0.080502
21,0.240545
22,0.173781
23,0.080726
24,0.026871
25,0.054184
26,0.080323
27,0.053877
28,0.053777
29,0.080695
30,0.027225
31,0.027186
32,0.027145
33,0.080698
34,0.053824
35,0.053438
36,0.053908
37,0.027305
38,0.027142
39,0.026982
40,0.053884
41,0.027305
42,0.027153
43,0.026905
44,0.053897
45,0.027063
46,0.080913
47,0.053939
48,0.053793
49,0.027156
50,0.027151
51,0.107597
52,0.080662
53,0.080964
54,0.053930
55,0.027228
56,0.080464
57,0.027087
58,0.027154
59,0.053683
60,0.026978
61,0.053712
62,0.509497
63,0.080575
64,0.027225
65,0.027229
66,0.027051
67,0.027230
68,0.065371
69,0.110265
70,0.080742
71,0.053881
72,0.080772
73,0.134727
74,0.053999
75,0.027246
76,0.027162
77,0.026971
78,0.053768
79,0.027035
80,0.027225
81,0.026875
82,0.026959
83,0.054110
84,0.026834
85,0.027117
86,0.027089
87,0.054036
88,0.027067
89,0.027525
90,0.027658
91,0.027119
92,0.027274
93,0.027044
94,0.027012
95,0.027138
96,0.053811
97,0.027243
98,0.027211
99,0.027192
100,0.027014
101,0.027298
102,0.027031
103,0.080737
104,0.027155
105,0.027323
106,0.026935
107,0.027144
108,0.161076
109,0.027050
110,0.027064
111,0.026971
112,0.027516
113,0.027243
114,0.027054
115,0.027165
116,0.027165
117,0.027045
118,0.080837
119,0.027249
120,0.026966
121,0.027319
122,0.027093
123,0.027067
124,0.027124
125,0.027269
126,0.188573
127,0.026850
128,0.027176
129,0.027293
130,0.242822
131,0.027393
132,0.026896
133,0.026783
134,0.054022
135,0.053885
136,0.080837
137,0.054059
138,0.053941
139,0.026967
140,0.053892
141,0.053702
142,0.053943
143,0.027057
144,0.080859
145,0.027086
146,0.027351
147,0.026885
148,0.027003
149,0.027305
150,0.026997
151,0.027209
152,0.027230
153,0.053767
154,0.027091
155,0.026897
156,0.027348
157,0.054038
158,0.027165
159,0.053776
160,0.026934
161,0.027101
162,0.027241
163,0.054051
164,0.027202
165,0.027157
166,0.027073
167,0.027029
168,0.026938
169,0.027348
170,0.026992
171,0.027997
172,0.027364
173,0.027071
174,0.027104
175,0.027204
176,0.027018
177,0.027353
178,0.026782
179,0.026861
180,0.027141
181,0.026862
182,0.026844
183,0.026941
184,0.054119
185,0.027230
186,0.026912
187,0.027202
188,0.027103
189,0.027286
190,0.027036
191,0.027090
192,0.027201
193,0.027076
194,0.026944
195,0.027233
196,0.026927
197,0.027043
198,0.027011
199,0.026946
200,0.027225
201,0.027101
202,0.027083
203,0.027138
204,0.027087
205,0.027170
206,0.053832
207,0.027431
208,0.027172
209,0.054087
210,0.027204
211,0.027616
212,0.027141
213,0.027136
214,0.027357
215,0.027094
216,0.027096
217,0.054038
218,0.027262
219,0.027302
220,0.054201
221,0.027282
222,0.054342
223,0.027278
224,0.027389
225,0.027389
226,0.081258
227,0.027065
228,0.081004
229,0.054096
230,0.054045
231,0.054175
232,0.027069
233,0.027329
234,0.027208
235,0.027158
236,0.036055
237,0.027310
238,0.027275
239,0.027132
240,0.027193
241,0.053909
242,0.027033
243,0.027067
244,0.027123
245,0.053644
246,0.027166
247,0.027212
248,0.026965
249,0.054233
250,0.053920
251,0.027035
252,0.053931
253,0.054067
254,0.026990
255,0.053882
256,0.054005
257,0.027118
258,0.026871
259,0.054055
260,0.027330
261,0.027327
262,0.053811
263,0.027117
264,0.027025
265,0.054265
266,0.054144
267,0.027074
268,0.027243
269,0.054158
270,0.027364
271,0.027111
272,0.027073
273,0.027331
274,0.027059
275,0.027116
276,0.027179
277,0.027148
278,0.027242
279,0.027028
280,0.027051
281,0.027156
282,0.026992
283,0.027370
284,0.027334
285,0.027135
286,0.027182
287,0.027159
288,0.027040
289,0.027382
290,0.027126
291,0.027380
292,0.027244
293,0.026960
294,0.027449
295,0.027193
296,0.027151
297,0.027371
298,0.026992
299,0.027050
300,0.027176
301,0.027128
302,0.027268
303,0.027291
304,0.027030
305,0.027264
306,0.027004
307,0.026936
308,0.027343
309,0.027016
310,0.027267
311,0.027216
312,0.027023
313,0.027055
314,0.027001
315,0.027072
316,0.027213
317,0.027199
318,0.027213
319,0.027256
320,0.027059
321,0.027372
322,0.027149
323,0.026838
324,0.027123
325,0.027324
326,0.026962
327,0.053899
328,0.027181
329,0.027218
330,0.026997
331,0.027135
332,0.026953
333,0.027050
334,0.027231
335,0.026998
336,0.027411
337,0.027297
338,0.027209
339,0.027491
340,0.027025
341,0.027100
342,0.027213
343,0.054215
344,0.027150
345,0.027332
346,0.027009
347,0.026961
348,0.027105
349,0.027358
350,0.027055
351,0.027357
352,0.036248
353,0.027397
354,0.027123
355,0.027102
356,0.027298
357,0.027131
358,0.027377
359,0.027228
360,0.027099
361,0.027244
362,0.053875
363,0.027411
364,0.027175
365,0.027113
366,0.027245
367,0.027030
368,0.027091
369,0.027213
370,0.054036
371,0.027012
372,0.027250
373,0.027388
374,0.027220
375,0.027033
376,0.027224
377,0.038727
378,0.042942
379,0.028686
380,0.027191
381,0.027386
382,0.027143
383,0.027294
384,0.026981
385,0.054203
386,0.054098
387,0.107436
388,0.404060
389,0.107788
390,0.268848
391,0.108309
392,0.080826
393,0.054544
394,0.081296
395,0.027424
396,0.027243
397,0.027296
398,0.026974
399,0.027291
400,0.026915
401,0.027111
402,0.027286
403,0.026988
404,0.027072
405,0.027242
406,0.027133
407,0.027068
408,0.026826
409,0.026913
410,0.027539
411,0.027029
412,0.027396
413,0.027259
414,0.026971
415,0.054205
416,0.027013
417,0.027328
418,0.027234
419,0.027307
420,0.027300
421,0.027154
422,0.027217
423,0.027063
424,0.026997
425,0.027300
426,0.053835
427,0.027211
428,0.107480
429,0.027408
430,0.081108
431,0.026934
432,0.054037
433,0.054001
434,0.053926
435,0.027125
436,0.054153
437,0.027242
438,0.026775
439,0.027436
440,0.027141
441,0.027538
442,0.027095
443,0.027022
444,0.027300
445,0.027124
446,0.026931
447,0.027096
448,0.027095
449,0.027258
450,0.027203
451,0.027059
452,0.026951
453,0.027263
454,0.029108
455,0.027579
456,0.026975
457,0.027175
458,0.027121
459,0.027145
460,0.027053
461,0.027352
462,0.026903
463,0.054121
464,0.026973
465,0.027239
466,0.027032
467,0.027149
468,0.027373
469,0.027076
470,0.027023
471,0.027246
472,0.027067
473,0.027311
474,0.027244
475,0.027086
476,0.027268
477,0.027182
478,0.027032
479,0.027219
480,0.027242
481,0.027067
482,0.027288
483,0.027169
484,0.027290
485,0.027301
486,0.027499
487,0.027362
488,0.027140
489,0.027440
490,0.027176
491,0.026961
492,0.027096
493,0.027239
494,0.027172
495,0.027164
496,0.027251
497,0.027180
498,0.027353
499,0.031818
500,0.027260
501,0.027458
502,0.027120
503,0.053851
504,0.027022
505,0.027338
506,0.027137
507,0.027108
508,0.027319
509,0.027254
510,0.026995
511,0.027210
512,0.026919
513,0.027366
514,0.027345
515,0.027002
516,0.027193
517,0.027419
518,0.026979
519,0.027152
520,0.026996
521,0.027157
522,0.027106
523,0.026971
524,0.026981
525,0.026922
526,0.027117
527,0.054173
528,0.027160
529,0.054123
530,0.027204
531,0.027126
532,0.054198
533,0.053918
534,0.054270
535,0.027264
536,0.672812
537,0.269072
538,0.080794
539,0.053957
540,0.081145
541,0.054356
542,0.053712
543,0.081042
544,0.080757
545,0.054177
546,0.026937
547,0.026861
548,0.080910
549,0.081038
550,0.054033
551,0.057361
552,0.054218
553,0.054339
554,0.027197
555,0.054079
556,0.053891
557,0.054407
558,0.081169
559,0.054401
560,0.027068
561,0.054089
562,0.027339
563,0.054466
564,0.053690
565,0.053904
566,0.027195
567,0.108192
568,0.054202
569,0.027103
570,0.027034
571,0.027254
572,0.027127
573,0.027170
574,0.027383
575,0.053856
576,0.027443
577,0.027044
578,0.054402
579,0.026935
580,0.027215
581,0.027145
582,0.026937
583,0.027197
584,0.027238
585,0.027312
586,0.027311
587,0.027052
588,0.027197
589,0.027522
590,0.027146
591,0.027232
592,0.027311
593,0.027195
594,0.027294
595,0.026974
596,0.027433
597,0.027364
598,0.054144
599,0.027162
600,0.054007
601,0.027135
602,0.026933
603,0.027329
604,0.027194
605,0.027339
606,0.027317
607,0.027036
608,0.027331
609,0.081319
610,0.026982
611,0.027302
612,0.027270
613,0.027165
614,0.027214
615,0.027094
616,0.027193
617,0.027307
618,0.027197
619,0.027077
620,0.027289
621,0.027101
622,0.027150
623,0.027070
624,0.027020
625,0.027065
626,0.673105
627,0.027162
628,0.053914
629,0.027183
630,0.054123
631,0.026986
632,0.053961
633,0.054414
634,0.027291
635,0.054043
636,0.027018
637,0.054111
638,0.026957
639,0.027115
640,0.027271
641,0.027020
642,0.027210
643,0.027061
644,0.026980
645,0.027380
646,0.027182
647,0.027070
648,0.027356
649,0.027156
650,0.027219
651,0.027154
652,0.026953
653,0.027580
654,0.027295
655,0.027146
656,0.027540
657,0.027395
658,0.027071
659,0.027370
660,0.026888
661,0.027042
662,0.026957
663,0.027090
664,0.027161
665,0.027157
666,0.027070
667,0.027224
668,0.026961
669,0.027147
670,0.054219
671,0.053793
672,0.671558
673,0.672622
674,0.188404
675,0.269556
676,0.135065
677,0.027168
678,0.027162
679,0.027152
680,0.026997
681,0.027291
682,0.027035
683,0.027190
684,0.027234
685,0.026905
686,0.026962
687,0.080663
688,0.027004
689,0.028985
690,0.027305
691,0.026979
692,0.027444
693,0.027287
694,0.027186
695,0.027071
696,0.027152
697,0.027215
698,0.027069
699,0.026894
700,0.026954
701,0.027428
702,0.027010
703,0.027075
704,0.027193
705,0.026970
706,0.027033
707,0.027123
708,0.027142
709,0.027232
710,0.026950
711,0.053991
712,0.026998
713,0.027334
714,0.026988
715,0.027051
716,0.027193
717,0.027097
718,0.027313
719,0.053921
720,0.026912
721,0.027290
722,0.027171
723,0.027272
724,0.027013
725,0.027205
726,0.027308
727,0.026959
728,0.027367
729,0.027022
730,0.026990
731,0.027209
732,0.027053
733,0.027212
734,0.027422
735,0.026928
736,0.027344
737,0.027240
738,0.027093
739,0.027302
740,0.027173
741,0.053962
742,0.027070
743,0.224250
744,0.026982
745,0.027362
746,0.027144
747,0.026964
748,0.027387
749,0.027063
750,0.054001
751,0.026986
752,0.027195
753,0.027198
754,0.027030
755,0.027232
756,0.026948
757,0.027070
758,0.027210
759,0.027178
760,0.027354
761,0.027530
762,0.026939
763,0.026999
764,0.027061
765,0.027102
766,0.027247
767,0.027070
768,0.026891
769,0.027206
770,0.027098
771,0.027328
772,0.027056
773,0.027144
774,0.027036
775,0.027165
776,0.027177
777,0.027350
778,0.027018
779,0.027027
780,0.027227
781,0.027035
782,0.027308
783,0.027105
784,0.026956
785,0.027307
786,0.027055
787,0.027311
788,0.027307
789,0.027064
790,0.027165
791,0.027053
792,0.026992
793,0.027280
794,0.026993
795,0.027272
796,0.027111
797,0.027039
798,0.027007
799,0.027123
800,0.027194
801,0.027437
802,0.027162
803,0.027040
804,0.027088
805,0.026848
806,0.027187
807,0.027024
808,0.027111
809,0.027203
810,0.027031
811,0.027068
812,0.027300
813,0.027023
814,0.027110
815,0.027174
816,0.027061
817,0.027081
818,0.026821
819,0.027126
820,0.027140
821,0.027039
822,0.027185
823,0.053776
824,0.027227
825,0.027019
826,0.080776
827,0.027133
828,0.026979
829,0.027029
830,0.027224
831,0.026917
832,0.027174
833,0.027255
834,0.026954
835,0.027212
836,0.081171
837,0.054240
838,0.027020
839,0.027167
840,0.027118
841,0.027067
842,0.026961
843,0.027125
844,0.026907
845,0.027280
846,0.027126
847,0.026971
848,0.053972
849,0.027032
850,0.027218
851,0.053897
852,0.027286
853,0.026920
854,0.027149
855,0.027241
856,0.026962
857,0.027257
858,0.026958
859,0.027176
860,0.027091
861,0.027062
862,0.027100
863,0.027155
864,0.027124
865,0.027211
866,0.054122
867,0.027095
868,0.026971
869,0.027342
870,0.027061
871,0.027006
872,0.671168
873,0.027160
874,0.268271
875,0.322725
876,0.188481
877,0.053918
878,0.080927
879,0.027047
880,0.026909
881,0.053827
882,0.027429
883,0.027098
884,0.026969
885,0.027252
886,0.027225
887,0.027132
888,0.027272
889,0.027013
890,0.054246
891,0.027070
892,0.027174
893,0.027188
894,0.026966
895,0.027260
896,0.026862
897,0.026970
898,0.027111
899,0.027037
900,0.027029
901,0.027211
902,0.026931
903,0.027364
904,0.027091
905,0.027115
906,0.026996
907,0.026955
908,0.027186
909,0.027140
910,0.027041
911,0.027073
912,0.054217
913,0.027146
914,0.027091
915,0.026956
916,0.026976
917,0.027186
918,0.027273
919,0.027207
920,0.027087
921,0.027440
922,0.037902
923,0.136173
924,0.027268
925,0.027180
926,0.403029
927,0.026982
928,0.027331
929,0.027278
930,0.027168
931,0.027124
932,0.026921
933,0.027428
934,0.027065
935,0.027103
936,0.027177
937,0.027121
938,0.026982
939,0.027251
940,0.026869
941,0.027351
942,0.027313
943,0.027029
944,0.027232
945,0.027039
946,0.027009
947,0.054559
948,0.027000
949,0.027316
950,0.027031
951,0.027321
952,0.027265
953,0.027277
954,0.027332
955,0.027215
956,0.027203
957,0.027343
958,0.027408
959,0.026947
960,0.027270
961,0.027027
962,0.027239
963,0.028915
964,0.027215
965,0.027521
966,0.027403
967,0.027000
968,0.027194
969,0.027170
970,0.027074
971,0.027091
972,0.033245
973,0.027348
974,0.027405
975,0.027139
976,0.027205
977,0.027180
978,0.027167
979,0.027060
980,0.027345
981,0.027251
982,0.054006
983,0.027015
984,0.027379
985,0.027223
986,0.027036
987,0.027061
988,0.027121
989,0.027300
990,0.027343
991,0.027110
992,0.027191
993,0.027232
994,0.054110
995,0.027030
996,0.027190
997,0.027142
998,0.027154
999,0.081385
1000,0.027332
1001,0.027262
1002,0.080727
1003,0.027185
1004,0.053861
1005,0.027517
1006,0.027005
1007,0.027053
1008,0.027248
1009,0.027261
1010,0.027367
1011,0.037057
1012,0.056667
1013,0.054318
1014,0.027171
1015,0.027084
1016,0.027117
1017,0.054206
1018,0.027013
1019,0.027103
1020,0.027054
1021,0.053994
1022,0.027301
1023,0.027142
1024,0.027207
1025,0.027005
1026,0.026989
1027,0.027102
1028,0.027142
1029,0.027127
1030,0.027010
1031,0.027079
1032,0.027094
1033,0.027305
1034,0.026951
1035,0.027480
1036,0.027142
1037,0.027062
1038,0.027336
1039,0.027053
1040,0.026946
1041,0.027245
1042,0.027141
1043,0.027444
1044,0.027244
1045,0.027253
1046,0.027134
1047,0.027192
1048,0.027119
1049,0.027298
1050,0.027187
1051,0.026876
1052,0.027257
1053,0.027185
1054,0.027016
1055,0.027212
1056,0.027059
1057,0.027164
1058,0.027135
1059,0.027025
1060,0.027198
1061,0.027177
1062,0.027060
1063,0.027033
1064,0.026953
1065,0.027175
1066,0.026909
1067,0.027043
1068,0.027310
1069,0.026924
1070,0.027336
1071,0.027349
1072,0.027084
1073,0.027379
1074,0.027218
1075,0.027106
1076,0.027348
1077,0.027196
1078,0.027233
1079,0.027320
1080,0.027073
1081,0.027398
1082,0.027255
1083,0.026948
1084,0.027147
1085,0.027207
1086,0.027013
1087,0.027371
1088,0.027033
1089,0.027186
1090,0.027101
1091,0.027184
1092,0.027222
1093,0.027128
1094,0.027023
1095,0.027203
1096,0.026974
1097,0.027355
1098,0.027337
1099,0.038118
1100,0.027115
1101,0.027025
1102,0.027372
1103,0.027132
1104,0.027080
1105,0.027516
1106,0.027204
1107,0.027379
1108,0.027324
1109,0.027485
1110,0.027105
1111,0.027132
1112,0.027332
1113,0.027329
1114,0.027074
1115,0.027073
1116,0.027267
1117,0.027121
1118,0.027205
1119,0.027219
1120,0.027038
1121,0.027305
1122,0.027074
1123,0.027083
1124,0.027088
1125,0.027226
1126,0.027262
1127,0.027276
1128,0.026997
1129,0.027195
1130,0.026995
1131,0.054134
1132,0.027042
1133,0.027265
1134,0.033185
1135,0.027857
1136,0.027009
1137,0.027297
1138,0.027150
1139,0.027191
1140,0.054160
1141,0.027360
1142,0.027292
1143,0.027409
1144,0.027646
1145,0.027410
1146,0.026953
1147,0.027517
1148,0.027279
1149,0.027151
1150,0.027170
1151,0.026950
1152,0.027089
1153,0.027410
1154,0.027199
1155,0.027383
1156,0.053921
1157,0.027400
1158,0.027186
1159,0.026958
1160,0.027385
1161,0.026993
1162,0.027316
1163,0.684308
1164,0.675862
1165,0.027219
1166,0.197499
1167,0.054247
1168,0.027151
1169,0.054090
1170,0.054309
1171,0.053847
1172,0.053904
1173,0.054165
1174,0.080744
1175,0.054054
1176,0.054345
1177,0.027011
1178,0.054107
1179,0.027017
1180,0.054009
1181,0.054352
1182,0.054189
1183,0.053997
1184,0.054309
1185,0.054659
1186,0.054029
1187,0.053854
1188,0.054071
1189,0.027614
1190,0.027321
1191,0.027177
1192,0.027277
1193,0.027222
1194,0.027064
1195,0.027141
1196,0.026872
1197,0.027340
1198,0.027432
1199,0.027183
1200,0.027315
1201,0.027092
1202,0.026968
1203,0.027363
1204,0.027109
1205,0.027268
1206,0.027381
1207,0.027191
1208,0.027042
1209,0.027274
1210,0.027033
1211,0.027088
1212,0.026830
1213,0.026858
1214,0.027180
1215,0.026970
1216,0.027117
1217,0.027407
1218,0.026930
1219,0.027259
1220,0.027204
1221,0.027172
1222,0.027104
1223,0.027097
1224,0.027308
1225,0.038809
1226,0.039983
1227,0.032815
1228,0.026996
1229,0.027453
1230,0.027364
1231,0.027138
1232,0.027317
1233,0.027191
1234,0.027012
1235,0.027353
1236,0.027154
1237,0.027210
1238,0.027300
1239,0.027081
1240,0.027401
1241,0.027237
1242,0.026858
1243,0.027147
1244,0.026879
1245,0.027218
1246,0.027203
1247,0.027193
1248,0.027309
1249,0.027347
1250,0.027017
1251,0.027269
1252,0.027307
1253,0.027185
1254,0.027361
1255,0.027058
1256,0.027347
1257,0.027469
1258,0.027137
1259,0.027114
1260,0.027239
1261,0.026962
1262,0.027215
1263,0.027066
1264,0.027103
1265,0.027402
1266,0.027265
1267,0.027545
1268,0.027223
1269,0.027318
1270,0.027157
1271,0.027087
1272,0.027121
1273,0.027339
1274,0.027038
1275,0.027307
1276,0.027205
1277,0.027023
1278,0.027534
1279,0.027237
1280,0.027172
1281,0.027299
1282,0.027262
1283,0.027075
1284,0.027211
1285,0.027023
1286,0.027246
1287,0.027138
1288,0.027380
1289,0.027493
1290,0.027158
1291,0.027155
1292,0.027000
1293,0.027394
1294,0.026963
1295,0.038182
1296,0.029263
1297,0.027362
1298,0.027115
1299,0.027292
1300,0.027332
1301,0.027198
1302,0.027217
1303,0.027129
1304,0.027037
1305,0.026986
1306,0.027108
1307,0.026946
1308,0.027260
1309,0.027127
1310,0.027118
1311,0.027074
1312,0.027121
1313,0.027192
1314,0.027069
1315,0.026991
1316,0.027327
1317,0.027022
1318,0.027138
1319,0.026998
1320,0.026912
1321,0.027279
1322,0.027232
1323,0.027038
1324,0.027309
1325,0.027169
1326,0.027428
1327,0.027237
1328,0.027043
1329,0.027300
1330,0.027118
1331,0.027053
1332,0.027368
1333,0.027264
1334,0.027118
1335,0.027348
1336,0.027030
1337,0.027185
1338,0.027077
1339,0.027069
1340,0.027133
1341,0.027235
1342,0.027010
1343,0.027279
1344,0.027005
1345,0.027169
1346,0.027295
1347,0.054343
1348,0.027067
1349,0.027100
1350,0.027149
1351,0.027167
1352,0.027237
1353,0.027413
1354,0.027180
1355,0.027068
1356,0.027187
1357,0.027256
1358,0.027362
1359,0.027049
1360,0.027238
1361,0.027320
1362,0.053943
1363,0.027059
1364,0.027085
1365,0.026963
1366,0.027216
1367,0.026986
1368,0.027098
1369,0.054121
1370,0.027204
1371,0.027120
1372,0.027161
1373,0.026988
1374,0.027109
1375,0.027283
1376,0.026961
1377,0.027267
1378,0.027248
1379,0.027004
1380,0.027464
1381,0.027311
1382,0.027033
1383,0.027253
1384,0.027287
1385,0.027374
1386,0.027313
1387,0.026946
1388,0.027568
1389,0.027436
1390,0.027084
1391,0.027215
1392,0.026907
1393,0.026996
1394,0.027293
1395,0.027191
1396,0.037240
1397,0.029119
1398,0.027306
1399,0.027063
1400,0.027093
1401,0.027397
1402,0.027217
1403,0.027140
1404,0.027281
1405,0.027098
1406,0.027404
1407,0.027303
1408,0.027026
1409,0.027332
1410,0.026999
1411,0.027236
1412,0.027109
1413,0.027178
1414,0.027049
1415,0.027498
1416,0.027084
1417,0.034776
1418,0.027989
1419,0.027129
1420,0.027068
1421,0.027204
1422,0.027197
1423,0.026921
1424,0.027288
1425,0.027132
1426,0.026972
1427,0.027304
1428,0.026941
1429,0.027232
1430,0.027077
1431,0.026996
1432,0.027095
1433,0.027080
1434,0.027131
1435,0.027263
1436,0.027073
1437,0.027478
1438,0.027253
1439,0.027151
1440,0.027472
1441,0.027299
1442,0.027131
1443,0.027275
1444,0.027022
1445,0.027263
1446,0.027034
1447,0.027048
1448,0.027325
1449,0.027034
1450,0.026886
1451,0.027366
1452,0.027094
1453,0.027328
1454,0.027285
1455,0.027189
1456,0.027468
1457,0.027294
1458,0.027039
1459,0.027279
1460,0.027257
1461,0.027130
1462,0.027548
1463,0.027111
1464,0.027014
1465,0.027384
1466,0.026995
1467,0.027372
1468,0.027420
1469,0.027100
1470,0.027257
1471,0.027163
1472,0.026935
1473,0.027385
1474,0.027070
1475,0.027044
1476,0.027371
1477,0.027178
1478,0.027019
1479,0.027426
1480,0.027189
1481,0.027400
1482,0.027129
1483,0.027027
1484,0.027368
1485,0.027128
1486,0.027335
1487,0.027393
1488,0.027011
1489,0.027387
1490,0.027461
1491,0.027014
1492,0.027324
1493,0.027280
1494,0.027113
1495,0.027246
1496,0.026884
1497,0.027364
1498,0.027380
1499,0.027010
1500,0.027172
1501,0.027218
1502,0.027177
1503,0.027513
1504,0.027064
1505,0.027254
1506,0.027401
1507,0.027033
1508,0.027059
1509,0.027101
1510,0.027075
1511,0.027450
1512,0.027167
1513,0.027093
1514,0.027234
1515,0.026998
1516,0.027206
1517,0.027255
1518,0.026970
1519,0.027195
1520,0.027120
1521,0.027092
1522,0.027265
1523,0.027111
1524,0.027207
1525,0.027489
1526,0.026884
1527,0.027309
1528,0.027094
1529,0.027130
1530,0.027028
1531,0.027080
1532,0.027116
1533,0.027433
1534,0.026891
1535,0.027121
1536,0.027202
1537,0.027101
1538,0.027170
1539,0.026959
1540,0.026923
1541,0.027320
1542,0.027168
1543,0.027001
1544,0.027189
1545,0.027150
1546,0.027120
1547,0.026832
1548,0.026848
1549,0.027389
1550,0.027082
1551,0.027198
1552,0.026984
1553,0.027046
1554,0.027292
1555,0.027136
1556,0.027117
1557,0.027348
1558,0.027011
1559,0.027412
1560,0.027328
1561,0.027234
1562,0.027227
1563,0.027048
1564,0.027160
1565,0.027347
1566,0.027232
1567,0.027118
1568,0.027376
1569,0.027181
1570,0.027173
1571,0.026990
1572,0.027069
1573,0.027373
1574,0.027210
1575,0.027191
1576,0.027332
1577,0.027353
1578,0.027359
1579,0.027351
1580,0.027104
1581,0.027383
1582,0.027400
1583,0.027251
1584,0.027478
1585,0.027257
1586,0.027234
1587,0.027639
1588,0.027238
1589,0.054127
1590,0.053923
1591,0.063886
1592,0.056643
1593,0.054429
1594,0.027101
1595,0.054278
1596,0.027487
1597,0.058061
1598,0.054316
1599,0.054173
1600,0.027280
1601,0.027171
1602,0.027414
1603,0.053968
1604,0.027485
1605,0.026915
1606,0.054396
1607,0.027034
1608,0.027299
1609,0.027260
1610,0.027278
1611,0.027400
1612,0.027165
1613,0.027212
1614,0.027191
1615,0.027278
1616,0.027198
1617,0.027081
1618,0.026823
1619,0.026998
1620,0.027051
1621,0.026943
1622,0.026879
1623,0.026870
1624,0.026806
1625,0.027079
1626,0.053529
1627,0.026881
1628,0.027002
1629,0.027021
1630,0.026816
1631,0.053284
1632,0.027123
1633,0.053597
1634,0.026808
1635,0.027169
1636,0.053791
1637,0.027225
1638,0.026850
1639,0.026980
1640,0.026887
1641,0.026984
1642,0.027030
1643,0.026770
1644,0.027156
1645,0.027073
1646,0.027155
1647,0.026847
1648,0.037035
1649,0.041002
1650,0.029784
1651,0.026933
1652,0.026886
1653,0.027121
1654,0.026809
1655,0.026910
1656,0.026740
1657,0.026886
1658,0.026859
1659,0.026892
1660,0.026816
1661,0.027023
1662,0.026740
1663,0.027018
1664,0.026993
1665,0.027069
1666,0.027037
1667,0.026904
1668,0.026957
1669,0.027060
1670,0.026853
1671,0.026833
1672,0.026971
1673,0.026937
1674,0.027035
1675,0.026840
1676,0.026804
1677,0.026811
1678,0.026732
1679,0.027031
1680,0.026883
1681,0.026915
1682,0.026807
1683,0.026867
1684,0.026898
1685,0.026963
1686,0.026770
1687,0.026938
1688,0.026918
1689,0.026959
1690,0.026903
1691,0.026972
1692,0.026890
1693,0.026908
1694,0.026823
1695,0.026879
1696,0.026912
1697,0.027118
1698,0.026822
1699,0.026872
1700,0.026993
1701,0.026950
1702,0.026992
1703,0.026930
1704,0.027105
1705,0.027028
1706,0.026910
1707,0.026840
1708,0.027051
1709,0.027129
1710,0.026860
1711,0.026794
1712,0.026995
1713,0.027181
1714,0.027131
1715,0.026967
1716,0.026799
1717,0.026894
1718,0.026966
1719,0.026794
1720,0.026974
1721,0.026923
1722,0.026817
1723,0.026848
1724,0.026888
1725,0.026986
1726,0.026944
1727,0.026831
1728,0.026819
1729,0.026873
1730,0.026987
1731,0.026784
1732,0.026784
1733,0.027036
1734,0.026837
1735,0.026755
1736,0.053607
1737,0.026816
1738,0.026860
1739,0.026858
1740,0.027066
1741,0.053440
1742,0.026969
1743,0.027021
1744,0.026772
1745,0.053691
1746,0.053775
1747,0.026925
1748,0.026910
1749,0.027202
1750,0.026789
1751,0.026972
1752,0.026750
1753,0.026922
1754,0.026722
1755,0.027019
1756,0.026890
1757,0.027111
1758,0.026947
1759,0.026847
1760,0.053411
1761,0.053312
1762,0.026778
1763,0.026895
1764,0.026984
1765,0.026835
1766,0.026905
1767,0.026832
1768,0.026913
1769,0.026916
1770,0.026904
1771,0.026884
1772,0.026863
1773,0.026876
1774,0.026839
1775,0.026931
1776,0.026780
1777,0.026985
1778,0.026782
1779,0.026787
1780,0.026986
1781,0.026836
1782,0.027216
1783,0.027086
1784,0.027229
1785,0.027472
1786,0.026996
1787,0.027266
1788,0.027097
1789,0.027211
1790,0.027332
1791,0.027033
1792,0.027353
1793,0.027123
1794,0.026961
1795,0.027225
1796,0.026984
1797,0.027030
1798,0.027345
1799,0.027017
1800,0.026900
1801,0.027290
1802,0.027095
1803,0.027366
1804,0.027346
1805,0.027123
1806,0.027146
1807,0.026725
1808,0.027072
1809,0.027328
1810,0.027163
1811,0.027254
1812,0.027028
1813,0.027152
1814,0.027173
1815,0.027162
1816,0.026948
1817,0.026916
1818,0.026945
1819,0.026964
# total_episodes=1819, avg_seconds=0.035909
