# episode_index, seconds
1,0.001095
2,0.002216
3,0.000789
4,0.000796
5,0.002775
6,0.000788
7,0.002737
8,0.000780
9,0.000856
10,0.000786
11,0.000777
12,0.006626
13,0.000819
14,0.000775
15,0.000789
16,0.000782
17,0.000814
18,0.000784
19,0.000774
20,0.000793
21,0.000802
22,0.000775
23,0.000765
24,0.016495
25,0.003803
26,0.000788
27,0.000777
28,0.000782
29,0.000805
30,0.013580
31,0.000786
32,0.000771
33,0.000815
34,0.000780
35,0.000770
36,0.000782
37,0.000822
38,0.000767
39,0.000785
40,0.000777
41,0.000803
42,0.001552
43,0.000778
44,0.001454
45,0.000808
46,0.000773
47,0.000767
48,0.001417
49,0.000794
50,0.000769
51,0.002258
52,0.035389
53,0.031932
54,0.026445
55,0.078491
56,0.026221
57,0.026346
58,0.026285
59,0.026298
60,0.130701
61,0.026330
62,0.026348
63,0.026418
64,0.026563
65,0.026553
66,0.026344
67,0.026429
68,0.026380
69,0.026452
70,0.026447
71,0.026459
72,0.026429
73,0.026414
74,0.026326
75,0.026325
76,0.026509
77,0.026392
78,0.026270
79,0.026382
80,0.026243
81,0.026437
82,0.026611
83,0.026318
84,0.026507
85,0.026407
86,0.026517
87,0.026490
88,0.026370
89,0.026521
90,0.026362
91,0.026490
92,0.026436
93,0.026506
94,0.026440
95,0.026536
96,0.026412
97,0.026435
98,0.026556
99,0.026412
100,0.036509
101,0.028823
102,0.026507
103,0.026493
104,0.026476
105,0.026505
106,0.026311
107,0.026529
108,0.026442
109,0.026555
110,0.026613
111,0.026406
112,0.079045
113,0.026570
114,0.026477
115,0.026424
116,0.209791
117,0.026781
118,0.026402
119,0.026385
120,0.026440
121,0.026307
122,0.026407
123,0.026398
124,0.026628
125,0.026426
126,0.026460
127,0.026469
128,0.026411
129,0.026488
130,0.026568
131,0.026491
132,0.026476
133,0.048094
134,0.026493
135,0.026321
136,0.026394
137,0.026507
138,0.026359
139,0.026377
140,0.026192
141,0.026419
142,0.026483
143,0.026266
144,0.026431
145,0.026338
146,0.026153
147,0.026385
148,0.026169
149,0.026379
150,0.026302
151,0.026423
152,0.026492
153,0.026589
154,0.026324
155,0.026413
156,0.026432
157,0.026340
158,0.026294
159,0.026370
160,0.026374
161,0.026396
162,0.026511
163,0.026341
164,0.026712
165,0.026376
166,0.026367
167,0.026536
168,0.026385
169,0.026578
170,0.026476
171,0.026250
172,0.026422
173,0.026507
174,0.026375
175,0.026478
176,0.026403
177,0.026499
178,0.026397
179,0.026528
180,0.026479
181,0.026359
182,0.036063
183,0.029845
184,0.026329
185,0.026379
186,0.026365
187,0.026513
188,0.026275
189,0.026593
190,0.026543
191,0.026300
192,0.026419
193,0.026325
194,0.026409
195,0.026298
196,0.026439
197,0.026663
198,0.026291
199,0.026459
200,0.026369
201,0.026614
202,0.026282
203,0.026399
204,0.026766
205,0.026388
206,0.026387
207,0.026339
208,0.026498
209,0.026510
210,0.026364
211,0.026345
212,0.026366
213,0.026298
214,0.026344
215,0.026307
216,0.026469
217,0.026432
218,0.026536
219,0.026463
220,0.026427
221,0.026873
222,0.026169
223,0.026475
224,0.026377
225,0.026507
226,0.026496
227,0.026369
228,0.026324
229,0.026673
230,0.026429
231,0.026533
232,0.026363
233,0.026428
234,0.026521
235,0.026652
236,0.026471
237,0.026636
238,0.026494
239,0.026550
240,0.026460
241,0.026565
242,0.027136
243,0.026449
244,0.026479
245,0.026627
246,0.026363
247,0.026521
248,0.026657
249,0.026599
250,0.026469
251,0.026560
252,0.078709
253,0.026625
254,0.026563
255,0.026402
256,0.026466
257,0.026704
258,0.026580
259,0.026400
260,0.026600
261,0.026633
262,0.026528
263,0.026474
264,0.026531
265,0.026404
266,0.026800
267,0.026467
268,0.026476
269,0.026538
270,0.026487
271,0.026422
272,0.026386
273,0.026611
274,0.026514
275,0.026720
276,0.026445
277,0.026507
278,0.026664
279,0.026531
280,0.026927
281,0.026690
282,0.026561
283,0.026784
284,0.026547
285,0.026724
286,0.026777
287,0.026863
288,0.026581
289,0.026621
290,0.026730
291,0.026585
292,0.026675
293,0.026674
294,0.026532
295,0.026845
296,0.026747
297,0.026815
298,0.026847
299,0.026691
300,0.026636
301,0.026670
302,0.026708
303,0.026859
304,0.026624
305,0.026949
306,0.026747
307,0.026634
308,0.026923
309,0.026854
310,0.026820
311,0.026696
312,0.026616
313,0.027115
314,0.026689
315,0.026641
316,0.026944
317,0.026883
318,0.026866
319,0.042736
320,0.026316
321,0.026792
322,0.026734
323,0.026993
324,0.026391
325,0.026717
326,0.026795
327,0.026739
328,0.026829
329,0.026836
330,0.026498
331,0.026986
332,0.026701
333,0.026973
334,0.026545
335,0.026820
336,0.026985
337,0.026770
338,0.026536
339,0.026749
340,0.026748
341,0.027025
342,0.026628
343,0.026840
344,0.026627
345,0.026688
346,0.026884
347,0.026788
348,0.027019
349,0.026895
350,0.026773
351,0.026940
352,0.026610
353,0.026863
354,0.027323
355,0.026813
356,0.026874
357,0.026814
358,0.026697
359,0.026745
360,0.026756
361,0.026479
362,0.026656
363,0.026623
364,0.026743
365,0.026819
366,0.026576
367,0.026641
368,0.026912
369,0.026996
370,0.026689
371,0.026841
372,0.026650
373,0.026643
374,0.026943
375,0.026977
376,0.026858
377,0.026857
378,0.026931
379,0.026762
380,0.026739
381,0.026903
382,0.027076
383,0.026849
384,0.026916
385,0.026823
386,0.026635
387,0.026743
388,0.027015
389,0.027027
390,0.026808
391,0.053232
392,0.026740
393,0.053536
394,0.026840
395,0.053268
396,0.027174
397,0.053601
398,0.026957
399,0.026601
400,0.026791
401,0.026910
402,0.026585
403,0.026740
404,0.026947
405,0.026837
406,0.026820
407,0.026651
408,0.026942
409,0.026923
410,0.053472
411,0.052991
412,0.026557
413,0.053324
414,0.053310
415,0.026799
416,0.026550
417,0.026954
418,0.026624
419,0.026692
420,0.026725
421,0.026858
422,0.026886
423,0.026708
424,0.026872
425,0.026643
426,0.026575
427,0.026871
428,0.026557
429,0.026968
430,0.026993
431,0.053619
432,0.026598
433,0.026891
434,0.026844
435,0.026698
436,0.026828
437,0.026804
438,0.026482
439,0.026861
440,0.026652
441,0.026774
442,0.026768
443,0.026800
444,0.026866
445,0.026756
446,0.026874
447,0.026710
448,0.026749
449,0.026940
450,0.026711
451,0.026942
452,0.026656
453,0.026968
454,0.026906
455,0.026537
456,0.026807
457,0.026913
458,0.026577
459,0.026714
460,0.026585
461,0.026779
462,0.026793
463,0.053407
464,0.036331
465,0.029046
466,0.026703
467,0.026890
468,0.027015
469,0.026854
470,0.026867
471,0.026716
472,0.026938
473,0.027080
474,0.026736
475,0.026881
476,0.026741
477,0.026696
478,0.026925
479,0.026637
480,0.026899
481,0.026682
482,0.026578
483,0.026789
484,0.026695
485,0.026940
486,0.026673
487,0.026704
488,0.026653
489,0.027045
490,0.026989
491,0.026559
492,0.026673
493,0.026978
494,0.026676
495,0.036744
496,0.028792
497,0.026797
498,0.035438
499,0.027166
500,0.026706
501,0.026932
502,0.026793
503,0.026782
504,0.026843
505,0.026904
506,0.026874
507,0.026767
508,0.026778
509,0.027106
510,0.026955
511,0.026906
512,0.026867
513,0.026889
514,0.026969
515,0.026935
516,0.026553
517,0.027058
518,0.026773
519,0.026808
520,0.026750
521,0.026730
522,0.026743
523,0.026838
524,0.026813
525,0.026716
526,0.026925
527,0.026942
528,0.026718
529,0.026953
530,0.026936
531,0.026668
532,0.027011
533,0.026791
534,0.026741
535,0.026954
536,0.026692
537,0.026812
538,0.026970
539,0.026793
540,0.026997
541,0.026675
542,0.026729
543,0.026667
544,0.026658
545,0.027026
546,0.026645
547,0.027168
548,0.026800
549,0.026891
550,0.026838
551,0.026824
552,0.026735
553,0.027197
554,0.026868
555,0.026922
556,0.026897
557,0.026771
558,0.026885
559,0.026630
560,0.026875
561,0.026904
562,0.036515
563,0.028870
564,0.026740
565,0.026959
566,0.026614
567,0.026763
568,0.026803
569,0.026732
570,0.026712
571,0.026456
572,0.026574
573,0.026854
574,0.026730
575,0.026978
576,0.026376
577,0.053376
578,0.053378
579,0.026712
580,0.026951
581,0.026768
582,0.026714
583,0.026507
584,0.026721
585,0.026627
586,0.026808
587,0.026680
588,0.026949
589,0.026722
590,0.026885
591,0.026947
592,0.026638
593,0.026861
594,0.026767
595,0.026793
596,0.026801
597,0.026604
598,0.026916
599,0.026806
600,0.026661
601,0.026963
602,0.026590
603,0.027084
604,0.026734
605,0.026640
606,0.026979
607,0.026704
608,0.026952
609,0.026835
610,0.026906
611,0.036855
612,0.028981
613,0.027143
614,0.026476
615,0.026892
616,0.026708
617,0.026769
618,0.026635
619,0.026724
620,0.026671
621,0.026895
622,0.026810
623,0.026866
624,0.026882
625,0.026852
626,0.026691
627,0.026709
628,0.026923
629,0.026870
630,0.026801
631,0.027030
632,0.026838
633,0.026884
634,0.026752
635,0.026667
636,0.026893
637,0.026709
638,0.027154
639,0.026632
640,0.026663
641,0.026857
642,0.026785
643,0.026459
644,0.026754
645,0.026755
646,0.026991
647,0.026671
648,0.026927
649,0.026897
650,0.026576
651,0.026966
652,0.026594
653,0.027062
654,0.026896
655,0.026872
656,0.026872
657,0.053140
658,0.490118
659,0.026801
660,0.026862
661,0.026855
662,0.026750
663,0.026712
664,0.026732
665,0.026945
666,0.026636
667,0.026857
668,0.026822
669,0.026789
670,0.027057
671,0.026578
672,0.026919
673,0.053307
674,0.026945
675,0.026766
676,0.026921
677,0.026855
678,0.026652
679,0.026912
680,0.026763
681,0.026673
682,0.027018
683,0.026748
684,0.026817
685,0.026793
686,0.026881
687,0.053486
688,0.026855
689,0.026760
690,0.026803
691,0.026588
692,0.036455
693,0.029247
694,0.026777
695,0.026717
696,0.027013
697,0.026853
698,0.026951
699,0.026714
700,0.037697
701,0.028931
702,0.026696
703,0.026718
704,0.026667
705,0.027041
706,0.026786
707,0.026999
708,0.026751
709,0.026898
710,0.026679
711,0.026594
712,0.026661
713,0.027063
714,0.026540
715,0.027041
716,0.026662
717,0.026804
718,0.026890
719,0.026738
720,0.026880
721,0.026819
722,0.026481
723,0.026791
724,0.026746
725,0.026814
726,0.026942
727,0.026783
728,0.026923
729,0.026802
730,0.026809
731,0.026748
732,0.026713
733,0.027178
734,0.026855
735,0.026729
736,0.026891
737,0.026888
738,0.026935
739,0.026708
740,0.026699
741,0.027032
742,0.026595
743,0.027050
744,0.026862
745,0.026859
746,0.026939
747,0.026704
748,0.026771
749,0.026779
750,0.026618
751,0.026880
752,0.026594
753,0.026900
754,0.026739
755,0.026896
756,0.027029
757,0.026759
758,0.026999
759,0.026780
760,0.026753
761,0.026955
762,0.026669
763,0.026701
764,0.026879
765,0.026819
766,0.026682
767,0.026834
768,0.026617
769,0.026947
770,0.053430
771,0.026801
772,0.026654
773,0.026796
774,0.026939
775,0.026679
776,0.026753
777,0.026713
778,0.026896
779,0.026533
780,0.026871
781,0.026910
782,0.026892
783,0.026725
784,0.026828
785,0.026800
786,0.026881
787,0.026621
788,0.026903
789,0.026686
790,0.026666
791,0.026915
792,0.026589
793,0.026979
794,0.026743
795,0.026654
796,0.026980
797,0.171922
798,0.026978
799,0.026742
800,0.026884
801,0.026599
802,0.026707
803,0.026897
804,0.026625
805,0.026862
806,0.026896
807,0.026854
808,0.027093
809,0.026575
810,0.026793
811,0.026736
812,0.026674
813,0.026725
814,0.026842
815,0.026519
816,0.026892
817,0.026861
818,0.026991
819,0.026736
820,0.027038
821,0.027021
822,0.026610
823,0.026978
824,0.026689
825,0.026788
826,0.026933
827,0.026727
828,0.026853
829,0.080139
830,0.159610
831,0.053577
832,0.079963
833,0.052956
834,0.053400
835,0.053648
836,0.053329
837,0.027250
838,0.053543
839,0.026899
840,0.026563
841,0.053532
842,0.053530
843,0.026557
844,0.026694
845,0.053263
846,0.053239
847,0.026878
848,0.026675
849,0.053500
850,0.053281
851,0.053286
852,0.026809
853,0.053369
854,0.026694
855,0.026858
856,0.026784
857,0.026870
858,0.026636
859,0.026859
860,0.026793
861,0.026897
862,0.026492
863,0.026831
864,0.026733
865,0.026733
866,0.026989
867,0.026625
868,0.026781
869,0.026975
870,0.026456
871,0.026986
872,0.026640
873,0.026881
874,0.026614
875,0.026793
876,0.027013
877,0.026845
878,0.026459
879,0.026704
880,0.026795
881,0.027060
882,0.026678
883,0.027086
884,0.026742
885,0.026706
886,0.026907
887,0.026658
888,0.026959
889,0.026839
890,0.026509
891,0.026943
892,0.026762
893,0.026728
894,0.026839
895,0.026541
896,0.026922
897,0.026883
898,0.026478
899,0.026834
900,0.026675
901,0.026690
902,0.026671
903,0.026396
904,0.027008
905,0.026781
906,0.026839
907,0.026752
908,0.026655
909,0.026915
910,0.026617
911,0.026761
912,0.026865
913,0.026564
914,0.027074
915,0.026680
916,0.026788
917,0.026765
918,0.026893
919,0.026932
920,0.027046
921,0.027056
922,0.026887
923,0.026818
924,0.026827
925,0.027030
926,0.026700
927,0.026833
928,0.026668
929,0.026911
930,0.026889
931,0.026859
932,0.026974
933,0.026654
934,0.026913
935,0.026902
936,0.027002
937,0.027009
938,0.026603
939,0.026777
940,0.026946
941,0.026868
942,0.026825
943,0.026727
944,0.026587
945,0.027144
946,0.026714
947,0.026887
948,0.026736
949,0.026649
950,0.027014
951,0.026810
952,0.027019
953,0.026970
954,0.026817
955,0.026817
956,0.026556
957,0.027013
958,0.027118
959,0.027004
960,0.026805
961,0.026887
962,0.026852
963,0.027028
964,0.026641
965,0.026742
966,0.027005
967,0.026910
968,0.027009
969,0.026906
970,0.026837
971,0.026940
972,0.026681
973,0.027161
974,0.026752
975,0.026755
976,0.026929
977,0.026877
978,0.026906
979,0.026806
980,0.026799
981,0.027025
982,0.026696
983,0.026789
984,0.026728
985,0.026658
986,0.027095
987,0.026776
988,0.026896
989,0.027066
990,0.026427
991,0.027043
992,0.026642
993,0.026730
994,0.026810
995,0.026815
996,0.027104
997,0.026940
998,0.026838
999,0.026986
1000,0.026851
1001,0.026807
1002,0.026555
1003,0.026720
1004,0.033788
1005,0.027127
1006,0.026895
1007,0.027702
1008,0.027162
1009,0.026586
1010,0.026892
1011,0.026840
1012,0.026773
1013,0.027073
1014,0.026671
1015,0.026988
1016,0.026831
1017,0.026575
1018,0.027055
1019,0.026729
1020,0.026952
1021,0.026828
1022,0.026757
1023,0.026793
1024,0.026717
1025,0.026963
1026,0.026999
1027,0.026889
1028,0.026977
1029,0.026798
1030,0.026815
1031,0.026954
1032,0.035681
1033,0.027272
1034,0.026712
1035,0.026908
1036,0.026782
1037,0.026941
1038,0.026901
1039,0.026625
1040,0.026977
1041,0.026889
1042,0.026892
1043,0.026781
1044,0.026793
1045,0.027017
1046,0.026509
1047,0.026700
1048,0.026996
1049,0.026921
1050,0.026617
1051,0.026754
1052,0.026857
1053,0.027096
1054,0.026784
1055,0.026967
1056,0.026909
1057,0.026818
1058,0.027050
1059,0.036496
1060,0.029351
1061,0.026673
1062,0.027041
1063,0.026898
1064,0.026435
1065,0.027090
1066,0.036514
1067,0.028999
1068,0.026895
1069,0.026988
1070,0.027093
1071,0.026547
1072,0.026798
1073,0.026737
1074,0.027066
1075,0.026878
1076,0.026884
1077,0.026930
1078,0.026644
1079,0.026596
1080,0.026932
1081,0.026786
1082,0.026809
1083,0.026771
1084,0.026752
1085,0.027024
1086,0.026612
1087,0.026778
1088,0.026815
1089,0.026777
1090,0.027144
1091,0.026758
1092,0.027067
1093,0.027075
1094,0.026676
1095,0.027054
1096,0.026624
1097,0.026887
1098,0.026897
1099,0.026762
1100,0.026796
1101,0.026884
1102,0.026720
1103,0.026934
1104,0.026790
1105,0.026775
1106,0.026936
1107,0.026861
1108,0.027095
1109,0.027003
1110,0.026999
1111,0.026836
1112,0.026805
1113,0.027015
1114,0.026586
1115,0.026841
1116,0.027005
1117,0.026829
1118,0.027064
1119,0.026831
1120,0.026713
1121,0.026938
1122,0.026666
1123,0.026930
1124,0.027045
1125,0.026881
1126,0.026966
1127,0.026815
1128,0.026701
1129,0.027041
1130,0.026784
1131,0.026917
1132,0.026727
1133,0.026929
1134,0.026844
1135,0.026687
1136,0.026831
1137,0.026871
1138,0.026746
1139,0.027069
1140,0.026641
1141,0.026981
1142,0.026823
1143,0.026966
1144,0.026942
1145,0.026752
1146,0.026848
1147,0.026902
1148,0.026873
1149,0.026982
1150,0.026884
1151,0.026827
1152,0.026943
1153,0.026974
1154,0.026892
1155,0.026879
1156,0.026619
1157,0.027083
1158,0.026799
1159,0.026967
1160,0.026903
1161,0.027008
1162,0.026914
1163,0.026687
1164,0.026893
1165,0.027209
1166,0.026595
1167,0.027034
1168,0.026722
1169,0.026739
1170,0.027013
1171,0.026671
1172,0.026935
1173,0.027044
1174,0.026750
1175,0.026813
1176,0.026716
1177,0.027000
1178,0.027195
1179,0.026831
1180,0.026847
1181,0.026914
1182,0.026948
1183,0.026811
1184,0.026811
1185,0.026480
1186,0.026805
1187,0.026922
1188,0.027035
1189,0.026743
1190,0.026925
1191,0.026804
1192,0.026941
1193,0.027161
1194,0.037845
1195,0.029139
1196,0.026958
1197,0.026734
1198,0.026823
1199,0.026757
1200,0.027166
1201,0.026919
1202,0.026694
1203,0.026945
1204,0.026618
1205,0.027216
1206,0.027040
1207,0.026728
1208,0.026952
1209,0.026778
1210,0.026720
1211,0.026962
1212,0.026770
1213,0.027004
1214,0.026871
1215,0.026770
1216,0.027037
1217,0.026943
1218,0.026874
1219,0.026873
1220,0.026746
1221,0.027071
1222,0.026904
1223,0.027047
1224,0.027163
1225,0.026670
1226,0.027042
1227,0.026827
1228,0.026790
1229,0.026963
1230,0.026656
1231,0.026789
1232,0.026870
1233,0.026898
1234,0.026901
1235,0.026867
1236,0.027014
1237,0.027129
1238,0.026940
1239,0.026968
1240,0.026646
1241,0.026603
1242,0.026912
1243,0.026628
1244,0.027024
1245,0.026920
1246,0.026683
1247,0.027004
1248,0.026870
1249,0.026816
1250,0.026902
1251,0.026723
1252,0.027094
1253,0.026806
1254,0.026991
1255,0.026862
1256,0.026834
1257,0.038203
1258,0.029408
1259,0.026842
1260,0.026711
1261,0.026951
1262,0.026700
1263,0.026887
1264,0.026887
1265,0.027012
1266,0.026753
1267,0.026968
1268,0.026719
1269,0.027045
1270,0.038039
1271,0.029113
1272,0.026818
1273,0.026715
1274,0.026809
1275,0.026952
1276,0.026771
1277,0.027014
1278,0.026696
1279,0.026577
1280,0.026920
1281,0.026948
1282,0.027063
1283,0.026536
1284,0.026903
1285,0.026777
1286,0.026935
1287,0.026924
1288,0.026717
1289,0.026893
1290,0.027038
1291,0.026850
1292,0.026841
1293,0.026934
1294,0.026813
1295,0.027077
1296,0.119975
1297,0.053426
1298,0.067047
1299,0.027038
1300,0.106807
1301,0.026960
1302,0.026835
1303,0.026951
1304,0.026917
1305,0.026838
1306,0.026878
1307,0.053414
1308,0.028311
1309,0.027117
1310,0.026960
1311,0.027002
1312,0.026875
1313,0.027074
1314,0.027064
1315,0.026866
1316,0.026961
1317,0.026975
1318,0.026826
1319,0.026866
1320,0.026816
1321,0.027046
1322,0.026933
1323,0.027006
1324,0.027133
1325,0.026996
1326,0.026695
1327,0.026859
1328,0.026869
1329,0.027019
1330,0.026893
1331,0.026858
1332,0.026704
1333,0.026744
1334,0.027107
1335,0.026803
1336,0.027140
1337,0.027027
1338,0.026733
1339,0.026930
1340,0.026619
1341,0.026707
1342,0.026954
1343,0.026936
1344,0.027016
1345,0.026850
1346,0.026968
1347,0.027037
1348,0.026789
1349,0.027102
1350,0.027111
1351,0.026960
1352,0.027033
1353,0.026848
1354,0.026565
1355,0.027068
1356,0.026780
1357,0.026995
1358,0.026885
1359,0.026919
1360,0.027050
1361,0.027028
1362,0.027074
1363,0.026876
1364,0.026545
1365,0.027323
1366,0.026832
1367,0.026538
1368,0.026934
1369,0.026806
1370,0.027002
1371,0.026685
1372,0.026832
1373,0.027081
1374,0.026793
1375,0.026958
1376,0.026891
1377,0.026852
1378,0.026923
1379,0.026755
1380,0.027025
1381,0.027044
1382,0.026673
1383,0.026857
1384,0.026974
1385,0.026902
1386,0.027006
1387,0.026755
1388,0.026790
1389,0.026845
1390,0.026865
1391,0.027069
1392,0.026815
1393,0.027082
1394,0.026873
1395,0.026826
1396,0.027000
1397,0.026889
1398,0.026632
1399,0.027080
1400,0.026624
1401,0.036580
1402,0.029362
1403,0.027031
1404,0.026967
1405,0.026949
1406,0.026911
1407,0.026789
1408,0.035942
1409,0.029308
1410,0.026908
1411,0.026620
1412,0.026832
1413,0.027304
1414,0.026854
1415,0.026879
1416,0.026762
1417,0.026900
1418,0.027056
1419,0.026820
1420,0.026981
1421,0.026926
1422,0.026658
1423,0.027113
1424,0.026644
1425,0.027023
1426,0.027019
1427,0.026831
1428,0.026849
1429,0.026913
1430,0.026937
1431,0.027003
1432,0.026693
1433,0.027170
1434,0.026901
1435,0.026693
1436,0.026768
1437,0.026857
1438,0.026855
1439,0.026990
1440,0.026973
1441,0.026821
1442,0.026896
1443,0.026846
1444,0.026988
1445,0.027055
1446,0.026733
1447,0.026810
1448,0.026845
1449,0.027044
1450,0.026814
1451,0.027071
1452,0.027031
1453,0.026839
1454,0.027059
1455,0.026850
1456,0.026896
1457,0.026947
1458,0.026878
1459,0.026812
1460,0.027015
1461,0.026736
1462,0.026937
1463,0.026953
1464,0.026912
1465,0.026922
1466,0.026823
1467,0.026920
1468,0.026958
1469,0.027027
1470,0.026948
1471,0.026868
1472,0.036713
1473,0.028032
1474,0.026978
1475,0.026907
1476,0.026755
1477,0.027046
1478,0.026789
1479,0.026816
1480,0.026700
1481,0.026908
1482,0.027038
1483,0.026630
1484,0.026822
1485,0.026933
1486,0.026876
1487,0.027183
1488,0.026820
1489,0.026987
1490,0.027123
1491,0.026932
1492,0.026953
1493,0.026879
1494,0.026894
1495,0.026979
1496,0.026876
1497,0.026949
1498,0.027197
1499,0.026821
1500,0.026870
1501,0.026881
1502,0.026647
1503,0.027207
1504,0.026670
1505,0.027112
1506,0.026869
1507,0.026780
1508,0.027113
1509,0.026846
1510,0.026713
1511,0.026893
1512,0.026856
1513,0.027135
1514,0.026785
1515,0.026929
1516,0.026894
1517,0.026939
1518,0.026903
1519,0.026676
1520,0.026787
1521,0.027243
1522,0.026568
1523,0.026983
1524,0.026790
1525,0.026850
1526,0.026987
1527,0.026802
1528,0.026948
1529,0.026778
1530,0.026719
1531,0.026835
1532,0.026773
1533,0.027189
1534,0.027054
1535,0.026901
1536,0.026917
1537,0.026892
1538,0.026836
1539,0.026909
1540,0.026721
1541,0.026603
1542,0.026820
1543,0.026937
1544,0.027166
1545,0.027010
1546,0.027076
1547,0.027112
1548,0.026938
1549,0.026932
1550,0.026887
1551,0.026625
1552,0.027063
1553,0.026942
1554,0.026968
1555,0.026696
1556,0.026755
1557,0.027171
1558,0.026845
1559,0.026984
1560,0.026814
1561,0.026931
1562,0.027011
1563,0.026813
1564,0.026634
1565,0.026935
1566,0.026741
1567,0.026866
1568,0.026864
1569,0.026937
1570,0.027036
1571,0.026654
1572,0.026953
1573,0.026769
1574,0.026622
1575,0.027071
1576,0.026764
1577,0.026870
1578,0.026872
1579,0.027019
1580,0.027182
1581,0.026786
1582,0.026757
1583,0.026934
1584,0.026663
1585,0.026984
1586,0.026812
1587,0.026770
1588,0.026864
1589,0.026877
1590,0.027088
1591,0.027268
1592,0.026722
1593,0.027106
1594,0.026648
1595,0.026850
1596,0.027237
1597,0.026827
1598,0.027210
1599,0.026787
1600,0.026720
1601,0.027193
1602,0.026719
1603,0.027063
1604,0.026912
1605,0.026967
1606,0.026969
1607,0.026795
1608,0.026580
1609,0.027158
1610,0.026532
1611,0.026990
1612,0.026610
1613,0.026876
1614,0.026870
1615,0.026908
1616,0.026881
1617,0.027172
1618,0.026808
1619,0.026906
1620,0.026717
1621,0.026837
1622,0.027047
1623,0.026790
1624,0.026926
1625,0.027031
1626,0.026799
1627,0.026866
1628,0.026654
1629,0.026793
1630,0.026717
1631,0.026780
1632,0.026972
1633,0.026778
1634,0.027103
1635,0.026924
1636,0.026970
1637,0.027181
1638,0.026664
1639,0.026883
1640,0.026784
1641,0.026845
1642,0.026768
1643,0.026861
1644,0.026746
1645,0.027000
1646,0.026553
1647,0.026946
1648,0.026901
1649,0.027020
1650,0.027032
1651,0.026807
1652,0.027084
1653,0.027114
1654,0.026694
1655,0.027015
1656,0.027086
1657,0.026945
1658,0.026943
1659,0.036685
1660,0.029201
1661,0.026799
1662,0.026950
1663,0.026766
1664,0.026759
1665,0.027075
1666,0.026673
1667,0.026753
1668,0.026824
1669,0.026792
1670,0.027209
1671,0.026938
1672,0.026968
1673,0.027054
1674,0.026800
1675,0.026882
1676,0.026985
1677,0.026940
1678,0.026863
1679,0.026726
1680,0.026724
1681,0.026980
1682,0.026819
1683,0.027220
1684,0.026872
1685,0.027032
1686,0.027122
1687,0.027066
1688,0.026964
1689,0.026814
1690,0.026822
1691,0.026855
1692,0.026923
1693,0.027092
1694,0.027041
1695,0.026792
1696,0.026970
1697,0.026765
1698,0.027221
1699,0.027276
1700,0.026794
1701,0.027201
1702,0.026849
1703,0.026942
1704,0.027037
1705,0.026919
1706,0.026926
1707,0.027070
1708,0.026883
1709,0.027125
1710,0.027007
1711,0.026788
1712,0.027076
1713,0.026921
1714,0.027546
1715,0.026991
1716,0.027006
1717,0.027148
1718,0.026583
1719,0.026928
1720,0.027111
1721,0.026801
1722,0.026919
1723,0.026944
1724,0.026781
1725,0.026928
1726,0.026729
1727,0.027084
1728,0.027121
1729,0.026767
1730,0.026964
1731,0.026708
1732,0.026670
1733,0.027192
1734,0.026856
1735,0.027016
1736,0.026746
1737,0.678371
1738,0.240264
1739,0.053722
1740,0.053061
1741,0.027180
1742,0.026854
1743,0.026772
1744,0.026790
1745,0.026736
1746,0.026884
1747,0.026732
1748,0.026895
1749,0.026723
1750,0.026831
1751,0.027047
1752,0.027048
1753,0.027153
1754,0.026935
1755,0.026634
1756,0.027077
1757,0.026770
1758,0.026825
1759,0.026901
1760,0.026770
1761,0.026879
1762,0.026763
1763,0.026864
1764,0.037147
1765,0.029475
1766,0.027157
1767,0.026802
1768,0.026965
1769,0.026806
1770,0.027117
1771,0.027031
1772,0.026814
1773,0.026883
1774,0.027172
1775,0.026806
1776,0.026977
1777,0.026899
1778,0.026873
1779,0.027197
1780,0.026904
1781,0.027021
1782,0.027106
1783,0.026827
1784,0.027138
1785,0.026794
1786,0.026979
1787,0.026951
1788,0.026622
1789,0.026933
1790,0.026723
1791,0.026926
1792,0.026799
1793,0.026636
1794,0.027035
1795,0.026958
1796,0.026787
1797,0.026972
1798,0.026844
1799,0.026883
1800,0.026989
1801,0.026824
1802,0.026984
1803,0.026907
1804,0.026966
1805,0.026836
1806,0.026747
1807,0.026932
1808,0.026872
1809,0.026933
1810,0.027025
1811,0.026855
1812,0.027047
1813,0.027116
1814,0.026671
1815,0.027029
1816,0.026898
1817,0.026829
1818,0.027015
1819,0.026838
1820,0.026809
1821,0.026860
1822,0.026712
1823,0.027010
1824,0.026872
1825,0.027107
1826,0.026829
1827,0.026862
1828,0.027064
1829,0.027129
1830,0.026879
1831,0.026942
1832,0.026772
1833,0.026629
1834,0.026850
1835,0.027011
1836,0.027090
1837,0.026966
1838,0.027032
1839,0.027071
1840,0.026895
1841,0.026999
1842,0.026856
1843,0.026662
1844,0.026859
1845,0.026679
1846,0.026987
1847,0.026963
1848,0.026869
1849,0.027080
1850,0.026775
1851,0.026966
1852,0.027070
1853,0.026909
1854,0.026955
1855,0.026546
1856,0.026945
1857,0.027145
1858,0.026725
1859,0.026972
1860,0.026877
1861,0.026919
1862,0.026940
1863,0.026765
1864,0.027142
1865,0.027073
1866,0.026641
1867,0.027147
1868,0.026770
1869,0.026939
1870,0.027020
1871,0.026766
1872,0.027078
1873,0.026967
1874,0.026945
1875,0.027098
1876,0.026866
1877,0.027023
1878,0.026911
1879,0.026753
1880,0.027057
1881,0.026916
1882,0.027083
1883,0.027114
1884,0.026864
1885,0.026929
1886,0.026806
1887,0.026880
1888,0.026991
1889,0.026805
1890,0.026990
1891,0.027116
1892,0.026797
1893,0.027028
1894,0.026893
1895,0.026674
1896,0.027073
1897,0.026773
1898,0.026501
1899,0.026691
1900,0.026832
1901,0.027067
1902,0.026885
1903,0.027013
1904,0.026866
1905,0.026892
1906,0.027074
1907,0.026750
1908,0.026771
1909,0.027023
1910,0.027070
1911,0.026993
1912,0.026958
1913,0.026930
1914,0.026901
1915,0.026639
1916,0.027146
1917,0.027228
1918,0.026784
1919,0.026982
1920,0.026618
1921,0.026798
1922,0.026926
1923,0.026816
1924,0.026908
1925,0.027095
1926,0.026848
1927,0.026970
1928,0.026761
1929,0.027132
1930,0.026862
1931,0.038346
1932,0.029265
1933,0.026884
1934,0.027131
1935,0.026918
1936,0.026889
1937,0.026987
1938,0.026940
1939,0.026972
1940,0.026887
1941,0.026993
1942,0.026919
1943,0.026523
1944,0.026978
1945,0.027197
1946,0.026936
1947,0.026646
1948,0.026767
1949,0.026917
1950,0.027020
1951,0.026930
1952,0.026895
1953,0.026960
1954,0.026830
1955,0.027060
1956,0.026922
1957,0.026901
1958,0.027036
1959,0.026905
1960,0.026935
1961,0.026848
1962,0.026972
1963,0.026996
1964,0.026845
1965,0.027031
1966,0.026817
1967,0.026819
1968,0.027041
1969,0.026908
1970,0.026966
1971,0.026990
1972,0.026836
1973,0.026911
1974,0.026999
1975,0.026910
1976,0.027211
1977,0.026931
1978,0.027117
1979,0.026673
1980,0.026856
1981,0.026977
1982,0.026696
1983,0.026870
1984,0.027017
1985,0.026790
1986,0.026936
1987,0.026939
1988,0.026929
1989,0.026927
1990,0.026767
1991,0.027254
1992,0.026965
1993,0.026853
1994,0.026660
1995,0.026713
1996,0.026885
1997,0.027040
1998,0.026918
1999,0.027033
2000,0.026787
2001,0.026900
2002,0.027106
2003,0.026649
2004,0.026754
2005,0.027168
2006,0.026784
2007,0.027174
2008,0.026855
2009,0.027155
2010,0.027079
2011,0.027023
2012,0.026859
2013,0.027034
2014,0.026701
2015,0.026881
2016,0.026774
2017,0.026655
2018,0.026683
2019,0.026964
2020,0.027089
2021,0.026807
2022,0.027093
2023,0.026980
2024,0.026638
2025,0.026986
2026,0.026714
2027,0.026885
2028,0.026999
2029,0.026920
2030,0.026948
2031,0.026979
2032,0.026905
2033,0.027163
2034,0.026755
2035,0.026948
2036,0.027044
2037,0.026786
2038,0.027143
2039,0.026740
2040,0.026858
2041,0.027104
2042,0.026815
2043,0.026878
2044,0.026908
2045,0.026905
2046,0.027083
2047,0.026942
2048,0.026898
2049,0.027116
2050,0.026852
2051,0.027010
2052,0.026626
2053,0.026877
2054,0.027117
2055,0.026680
2056,0.026907
2057,0.026834
2058,0.026711
2059,0.027000
2060,0.026840
2061,0.027032
2062,0.026832
2063,0.026709
2064,0.027004
2065,0.026901
2066,0.026793
2067,0.027006
2068,0.026728
2069,0.027111
2070,0.026884
2071,0.026884
2072,0.026982
2073,0.026850
2074,0.026917
2075,0.027129
2076,0.026498
2077,0.026956
2078,0.026716
2079,0.026893
2080,0.026920
2081,0.026626
2082,0.027072
2083,0.026627
2084,0.026864
2085,0.026995
2086,0.026859
2087,0.026803
2088,0.026665
2089,0.026964
2090,0.026845
2091,0.026736
2092,0.026741
2093,0.026867
2094,0.026870
2095,0.027022
2096,0.026779
2097,0.027045
2098,0.026952
2099,0.026692
2100,0.027065
2101,0.033712
2102,0.027106
2103,0.026908
2104,0.026907
2105,0.026930
2106,0.026714
2107,0.026741
2108,0.026772
2109,0.027118
2110,0.026624
2111,0.026848
2112,0.026580
2113,0.026565
2114,0.026666
2115,0.026692
2116,0.026803
2117,0.026597
2118,0.026638
2119,0.026640
2120,0.026620
2121,0.026765
2122,0.026674
2123,0.026660
2124,0.026665
2125,0.026580
2126,0.026725
2127,0.026724
2128,0.026702
2129,0.027001
2130,0.026883
2131,0.026861
2132,0.027131
2133,0.026900
2134,0.026876
2135,0.026938
2136,0.026902
2137,0.027229
2138,0.026687
2139,0.027153
2140,0.026820
2141,0.027112
2142,0.026936
2143,0.026794
2144,0.026811
2145,0.027204
2146,0.026887
2147,0.027095
2148,0.026875
2149,0.026985
2150,0.027129
2151,0.026843
2152,0.026945
2153,0.028053
2154,0.026857
2155,0.026944
2156,0.026880
2157,0.026898
2158,0.026904
2159,0.026785
2160,0.026882
2161,0.026869
2162,0.026824
2163,0.026804
2164,0.026757
2165,0.027093
2166,0.027045
2167,0.026875
2168,0.026750
2169,0.026994
2170,0.026795
2171,0.026940
2172,0.026729
2173,0.026894
2174,0.026865
2175,0.026703
2176,0.026989
2177,0.027048
2178,0.026923
2179,0.026971
2180,0.026928
2181,0.027080
2182,0.026997
2183,0.026896
2184,0.026908
2185,0.026922
2186,0.026899
2187,0.026897
2188,0.026754
2189,0.027089
2190,0.026947
2191,0.027122
2192,0.027061
2193,0.026956
2194,0.026894
2195,0.026837
2196,0.026729
2197,0.026901
2198,0.026832
2199,0.026580
2200,0.026778
2201,0.026919
2202,0.027047
2203,0.026841
2204,0.027023
2205,0.026999
2206,0.026823
2207,0.027141
2208,0.026514
2209,0.026751
2210,0.027154
2211,0.026849
2212,0.026978
2213,0.026845
2214,0.026940
2215,0.027139
2216,0.026976
2217,0.027101
2218,0.026961
2219,0.026843
2220,0.026975
2221,0.026903
2222,0.026902
2223,0.027045
2224,0.026713
2225,0.026794
2226,0.026948
2227,0.026782
2228,0.026996
2229,0.027031
2230,0.027030
2231,0.027052
2232,0.026906
2233,0.027089
2234,0.026712
2235,0.026635
2236,0.027164
2237,0.026797
2238,0.026964
2239,0.026684
2240,0.026750
2241,0.027027
2242,0.026644
2243,0.026947
2244,0.026920
2245,0.026985
2246,0.026902
2247,0.026837
2248,0.027049
2249,0.027154
2250,0.026886
2251,0.027036
2252,0.026984
2253,0.026805
2254,0.026866
2255,0.026689
2256,0.027022
2257,0.026876
2258,0.026790
2259,0.026781
2260,0.026793
2261,0.027041
2262,0.027123
2263,0.026836
2264,0.026838
2265,0.026792
2266,0.026856
2267,0.026934
2268,0.026725
2269,0.026703
2270,0.026812
2271,0.026894
2272,0.027010
2273,0.026725
2274,0.026877
2275,0.026953
2276,0.026771
2277,0.027082
2278,0.026711
2279,0.026656
2280,0.026987
2281,0.026868
2282,0.026981
2283,0.026909
2284,0.026785
2285,0.026880
2286,0.026904
2287,0.026856
2288,0.026824
2289,0.026908
2290,0.027106
2291,0.026813
2292,0.027117
2293,0.027037
2294,0.026931
2295,0.026866
2296,0.026782
2297,0.026897
2298,0.026847
2299,0.026679
2300,0.026943
2301,0.026979
2302,0.026954
2303,0.027179
2304,0.026840
2305,0.027012
2306,0.027024
2307,0.026810
2308,0.026859
2309,0.027012
2310,0.026828
2311,0.027052
2312,0.026894
2313,0.027114
2314,0.027054
2315,0.026829
2316,0.026821
2317,0.026963
2318,0.026680
2319,0.026819
2320,0.026847
2321,0.027152
2322,0.027021
2323,0.026971
2324,0.026887
2325,0.026870
2326,0.026885
2327,0.026763
2328,0.027007
2329,0.027005
# total_episodes=2329, avg_seconds=0.027815
