# episode_index, seconds
1,0.003991
2,0.002022
3,0.002418
4,0.002391
5,0.001327
6,0.001267
7,0.001815
8,0.000688
9,0.000693
10,0.000685
11,0.002948
12,0.002955
13,0.001295
14,0.000691
15,0.000664
16,0.000681
17,0.000710
18,0.001841
19,0.000680
20,0.000678
21,0.000707
22,0.000679
23,0.002459
24,0.000717
25,0.001314
26,0.000694
27,0.002999
28,0.000683
29,0.001299
30,0.001257
31,0.000688
32,0.001255
33,0.000721
34,0.001263
35,0.000676
36,0.003554
37,0.001876
38,0.000689
39,0.000686
40,0.000692
41,0.000716
42,0.002409
43,0.001255
44,0.000684
45,0.002999
46,0.000685
47,0.057990
48,0.051404
49,0.051006
50,0.025505
51,0.102573
52,0.051508
53,0.025907
54,0.051700
55,0.025789
56,0.025751
57,0.025976
58,0.025758
59,0.026718
60,0.026093
61,0.025825
62,0.025716
63,0.025824
64,0.025556
65,0.025855
66,0.025805
67,0.025808
68,0.025696
69,0.025857
70,0.025732
71,0.051211
72,0.025675
73,0.025968
74,0.025883
75,0.025792
76,0.025891
77,0.026299
78,0.025846
79,0.026029
80,0.025957
81,0.042473
82,0.025693
83,0.025710
84,0.025670
85,0.025774
86,0.026067
87,0.026016
88,0.025880
89,0.025849
90,0.026140
91,0.025619
92,0.026118
93,0.025936
94,0.025924
95,0.026135
96,0.052192
97,0.025930
98,0.025962
99,0.025752
100,0.025788
101,0.025927
102,0.025915
103,0.025929
104,0.025961
105,0.026090
106,0.025820
107,0.025984
108,0.025750
109,0.025899
110,0.025676
111,0.051779
112,0.025759
113,0.026129
114,0.025975
115,0.051884
116,0.025925
117,0.025984
118,0.026159
119,0.026066
120,0.025767
121,0.051994
122,0.026079
123,0.077151
124,0.025773
125,0.026282
126,0.026040
127,0.026271
128,0.025933
129,0.026393
130,0.026083
131,0.025672
132,0.026056
133,0.025910
134,0.026018
135,0.025926
136,0.025961
137,0.025847
138,0.026323
139,0.026035
140,0.025818
141,0.025859
142,0.025989
143,0.026066
144,0.025935
145,0.026180
146,0.025778
147,0.026049
148,0.025807
149,0.025995
150,0.026084
151,0.025883
152,0.025990
153,0.025786
154,0.026302
155,0.025935
156,0.026095
157,0.026241
158,0.025941
159,0.026119
160,0.025830
161,0.026012
162,0.026025
163,0.026195
164,0.025934
165,0.025933
166,0.025895
167,0.025830
168,0.026171
169,0.026036
170,0.026016
171,0.025704
172,0.026089
173,0.025881
174,0.025792
175,0.026141
176,0.025979
177,0.026042
178,0.025999
179,0.025952
180,0.025934
181,0.026024
182,0.025777
183,0.025923
184,0.026187
185,0.026092
186,0.026125
187,0.052099
188,0.025808
189,0.025790
190,0.025899
191,0.025929
192,0.026149
193,0.025779
194,0.026168
195,0.025637
196,0.026217
197,0.026074
198,0.025996
199,0.026086
200,0.025895
201,0.026222
202,0.025892
203,0.026133
204,0.025706
205,0.026094
206,0.025903
207,0.026082
208,0.026183
209,0.025991
210,0.026239
211,0.025910
212,0.026173
213,0.026039
214,0.026059
215,0.026148
216,0.025860
217,0.026226
218,0.051990
219,0.025698
220,0.051794
221,0.025933
222,0.026156
223,0.025893
224,0.025945
225,0.026211
226,0.051848
227,0.026040
228,0.025910
229,0.052112
230,0.077642
231,0.026012
232,0.077254
233,0.078642
234,0.052532
235,0.052149
236,0.052018
237,0.052159
238,0.051664
239,0.051598
240,0.025907
241,0.026307
242,0.025974
243,0.026039
244,0.026237
245,0.026181
246,0.026137
247,0.026093
248,0.025946
249,0.026329
250,0.040114
251,0.025767
252,0.025742
253,0.025991
254,0.051929
255,0.025939
256,0.026149
257,0.026258
258,0.026074
259,0.026085
260,0.025846
261,0.026003
262,0.025923
263,0.026056
264,0.026179
265,0.026447
266,0.026364
267,0.026065
268,0.026232
269,0.025907
270,0.026192
271,0.026010
272,0.025907
273,0.025985
274,0.025805
275,0.026176
276,0.026077
277,0.026253
278,0.025936
279,0.026166
280,0.026025
281,0.026078
282,0.026188
283,0.025953
284,0.025944
285,0.025955
286,0.026222
287,0.025911
288,0.025997
289,0.026307
290,0.025961
291,0.026123
292,0.025720
293,0.026199
294,0.026794
295,0.025954
296,0.025929
297,0.025983
298,0.026192
299,0.025980
300,0.026238
301,0.026038
302,0.026207
303,0.026075
304,0.026157
305,0.026171
306,0.026030
307,0.025867
308,0.025940
309,0.026157
310,0.025987
311,0.025917
312,0.025691
313,0.026047
314,0.026317
315,0.026028
316,0.026061
317,0.026262
318,0.026035
319,0.025905
320,0.025669
321,0.026331
322,0.026017
323,0.026246
324,0.026084
325,0.026272
326,0.026027
327,0.026193
328,0.026061
329,0.026101
330,0.026360
331,0.026147
332,0.026291
333,0.026140
334,0.025851
335,0.026259
336,0.026046
337,0.026123
338,0.025893
339,0.026189
340,0.026069
341,0.026219
342,0.025970
343,0.026168
344,0.025989
345,0.026056
346,0.026342
347,0.025826
348,0.026235
349,0.026042
350,0.025659
351,0.026029
352,0.026304
353,0.026378
354,0.026052
355,0.026233
356,0.025722
357,0.026043
358,0.025898
359,0.025939
360,0.077737
361,0.026161
362,0.025941
363,0.051668
364,0.025817
365,0.026034
366,0.026094
367,0.025856
368,0.077968
369,0.025903
370,0.025939
371,0.026113
372,0.025980
373,0.026227
374,0.025813
375,0.026074
376,0.025971
377,0.026228
378,0.025951
379,0.025825
380,0.025999
381,0.026014
382,0.026307
383,0.025909
384,0.026182
385,0.026036
386,0.026040
387,0.026140
388,0.025998
389,0.026215
390,0.025843
391,0.026243
392,0.025934
393,0.026310
394,0.025890
395,0.025945
396,0.026133
397,0.025912
398,0.026125
399,0.026029
400,0.025948
401,0.026066
402,0.026177
403,0.026065
404,0.025833
405,0.026206
406,0.025860
407,0.026171
408,0.026033
409,0.026293
410,0.025915
411,0.025906
412,0.026223
413,0.026107
414,0.026204
415,0.025991
416,0.026141
417,0.026077
418,0.025865
419,0.026155
420,0.025939
421,0.026115
422,0.025939
423,0.026278
424,0.025860
425,0.026222
426,0.026087
427,0.025910
428,0.026171
429,0.026002
430,0.026215
431,0.025907
432,0.026134
433,0.026063
434,0.025981
435,0.026101
436,0.025992
437,0.026241
438,0.025927
439,0.026181
440,0.026049
441,0.026039
442,0.026185
443,0.026077
444,0.026036
445,0.025782
446,0.026270
447,0.025921
448,0.026131
449,0.025988
450,0.026035
451,0.026112
452,0.025690
453,0.026114
454,0.052201
455,0.025902
456,0.025892
457,0.025776
458,0.052177
459,0.026133
460,0.026127
461,0.026173
462,0.026199
463,0.026105
464,0.052151
465,0.026051
466,0.025990
467,0.025850
468,0.026300
469,0.025980
470,0.025955
471,0.026195
472,0.025909
473,0.026215
474,0.025925
475,0.026183
476,0.025961
477,0.026225
478,0.026171
479,0.025934
480,0.026264
481,0.026068
482,0.026361
483,0.025906
484,0.026325
485,0.025932
486,0.026052
487,0.026272
488,0.026171
489,0.026259
490,0.026182
491,0.026185
492,0.026143
493,0.026117
494,0.026349
495,0.026128
496,0.026113
497,0.051705
498,0.026082
499,0.077477
500,0.077861
501,0.078048
502,0.104096
503,0.077674
504,0.077973
505,0.078001
506,0.103795
507,0.103778
508,0.077766
509,0.051981
510,0.025980
511,0.026007
512,0.026552
513,0.052204
514,0.026049
515,0.026464
516,0.025973
517,0.026144
518,0.026208
519,0.051991
520,0.025921
521,0.026180
522,0.026003
523,0.026037
524,0.052127
525,0.026231
526,0.025889
527,0.026112
528,0.026131
529,0.026288
530,0.025929
531,0.026162
532,0.026322
533,0.026163
534,0.026247
535,0.025896
536,0.026363
537,0.025970
538,0.026143
539,0.025932
540,0.026103
541,0.026200
542,0.077840
543,0.077954
544,0.103956
545,0.077849
546,0.103659
547,0.104202
548,0.078158
549,0.078092
550,0.103932
551,0.052082
552,0.051955
553,0.051917
554,0.052263
555,0.026164
556,0.026005
557,0.052183
558,0.026011
559,0.025960
560,0.026413
561,0.026004
562,0.026138
563,0.025928
564,0.026175
565,0.026022
566,0.026180
567,0.026121
568,0.025977
569,0.026206
570,0.026105
571,0.026256
572,0.026058
573,0.026425
574,0.025917
575,0.026036
576,0.026033
577,0.026158
578,0.025926
579,0.025799
580,0.026314
581,0.026041
582,0.025827
583,0.026347
584,0.025936
585,0.026168
586,0.025853
587,0.026252
588,0.026071
589,0.026248
590,0.025884
591,0.026078
592,0.026203
593,0.026068
594,0.026346
595,0.026050
596,0.026102
597,0.026114
598,0.025899
599,0.026004
600,0.025989
601,0.026202
602,0.025904
603,0.026174
604,0.025924
605,0.026088
606,0.026202
607,0.025908
608,0.052088
609,0.026262
610,0.025982
611,0.026175
612,0.026082
613,0.026220
614,0.026205
615,0.026016
616,0.026231
617,0.025985
618,0.026227
619,0.025944
620,0.026119
621,0.026313
622,0.025742
623,0.026204
624,0.025831
625,0.026246
626,0.025970
627,0.026213
628,0.026339
629,0.026197
630,0.026264
631,0.025802
632,0.026005
633,0.052153
634,0.026059
635,0.025997
636,0.026383
637,0.026124
638,0.052134
639,0.026248
640,0.051667
641,0.026190
642,0.026003
643,0.026239
644,0.025880
645,0.026213
646,0.025911
647,0.025944
648,0.025901
649,0.026113
650,0.026253
651,0.027908
652,0.026249
653,0.026090
654,0.026037
655,0.026226
656,0.025881
657,0.026071
658,0.025946
659,0.026173
660,0.025962
661,0.025974
662,0.025911
663,0.026135
664,0.026231
665,0.025980
666,0.026150
667,0.025754
668,0.026100
669,0.026051
670,0.026114
671,0.025914
672,0.025917
673,0.026358
674,0.025832
675,0.026196
676,0.025983
677,0.026093
678,0.026224
679,0.026057
680,0.025996
681,0.025906
682,0.026085
683,0.026009
684,0.026082
685,0.026037
686,0.025929
687,0.025970
688,0.025991
689,0.026295
690,0.025899
691,0.026283
692,0.025995
693,0.026236
694,0.026098
695,0.025941
696,0.026189
697,0.025850
698,0.026101
699,0.026015
700,0.026061
701,0.026153
702,0.025902
703,0.026170
704,0.026159
705,0.026286
706,0.026104
707,0.026191
708,0.025997
709,0.025955
710,0.026116
711,0.025771
712,0.026176
713,0.026030
714,0.026166
715,0.077756
716,0.078122
717,0.026339
718,0.025870
719,0.051882
720,0.026066
721,0.103742
722,0.051880
723,0.104190
724,0.025896
725,0.103625
726,0.078120
727,0.026151
728,0.026064
729,0.026204
730,0.026105
731,0.051971
732,0.077759
733,0.077804
734,0.025979
735,0.026417
736,0.026137
737,0.026121
738,0.026317
739,0.025929
740,0.026072
741,0.025988
742,0.025945
743,0.025826
744,0.026018
745,0.026275
746,0.026008
747,0.026093
748,0.025807
749,0.026139
750,0.025973
751,0.026158
752,0.026017
753,0.025985
754,0.026189
755,0.026043
756,0.025990
757,0.026094
758,0.025871
759,0.026073
760,0.025926
761,0.026397
762,0.025983
763,0.026078
764,0.025745
765,0.026357
766,0.026099
767,0.026223
768,0.025907
769,0.026096
770,0.026183
771,0.026143
772,0.026157
773,0.026136
774,0.026321
775,0.025784
776,0.026018
777,0.026191
778,0.025943
779,0.026165
780,0.025897
781,0.026173
782,0.025921
783,0.026200
784,0.026209
785,0.025986
786,0.026110
787,0.026059
788,0.026052
789,0.026165
790,0.026209
791,0.025804
792,0.026003
793,0.026335
794,0.025983
795,0.026272
796,0.025974
797,0.026167
798,0.025975
799,0.025799
800,0.026150
801,0.025933
802,0.026254
803,0.025916
804,0.077901
805,0.025984
806,0.025868
807,0.026085
808,0.025982
809,0.025893
810,0.025984
811,0.026099
812,0.025903
813,0.025960
814,0.025837
815,0.026035
816,0.026253
817,0.026139
818,0.026127
819,0.026033
820,0.026316
821,0.077976
822,0.025948
823,0.026036
824,0.025951
825,0.026234
826,0.077404
827,0.026066
828,0.051801
829,0.025876
830,0.025916
831,0.026373
832,0.025986
833,0.026069
834,0.026172
835,0.026041
836,0.026086
837,0.025995
838,0.025923
839,0.026041
840,0.026194
841,0.026007
842,0.025885
843,0.026105
844,0.025919
845,0.077870
846,0.026064
847,0.025893
848,0.025928
849,0.026064
850,0.026130
851,0.025812
852,0.077720
853,0.026030
854,0.025946
855,0.051868
856,0.026186
857,0.026041
858,0.026002
859,0.052039
860,0.026188
861,0.025920
862,0.077929
863,0.026079
864,0.026222
865,0.026121
866,0.025941
867,0.026251
868,0.025800
869,0.078099
870,0.026013
871,0.026056
872,0.025917
873,0.025937
874,0.026105
875,0.025941
876,0.026218
877,0.026127
878,0.026206
879,0.077477
880,0.026027
881,0.026304
882,0.025742
883,0.026242
884,0.025935
885,0.026259
886,0.025872
887,0.026031
888,0.025954
889,0.026123
890,0.025875
891,0.025956
892,0.026153
893,0.026027
894,0.026039
895,0.026212
896,0.026009
897,0.026399
898,0.026048
899,0.026412
900,0.026034
901,0.026218
902,0.025934
903,0.026038
904,0.026027
905,0.026086
906,0.026063
907,0.025841
908,0.026145
909,0.034375
910,0.026053
911,0.025909
912,0.026306
913,0.026011
914,0.025839
915,0.077736
916,0.026104
917,0.025851
918,0.026160
919,0.026139
920,0.026110
921,0.026272
922,0.026021
923,0.026318
924,0.026023
925,0.026329
926,0.026178
927,0.026043
928,0.026148
929,0.026125
930,0.026204
931,0.026072
932,0.025966
933,0.026307
934,0.025974
935,0.026183
936,0.025719
937,0.026329
938,0.025822
939,0.025944
940,0.026256
941,0.026113
942,0.026133
943,0.026050
944,0.026050
945,0.026072
946,0.026265
947,0.025927
948,0.025967
949,0.026267
950,0.026126
951,0.026219
952,0.026193
953,0.026286
954,0.026097
955,0.025845
956,0.026181
957,0.025902
958,0.026248
959,0.025995
960,0.025947
961,0.026031
962,0.077856
963,0.026327
964,0.025897
965,0.026204
966,0.026060
967,0.026120
968,0.026019
969,0.025888
970,0.026307
971,0.077602
972,0.026254
973,0.025910
974,0.025982
975,0.077959
976,0.025981
977,0.026324
978,0.025891
979,0.104033
980,0.026127
981,0.026272
982,0.103617
983,0.025982
984,0.026110
985,0.026363
986,0.026050
987,0.026202
988,0.025968
989,0.026217
990,0.026053
991,0.025913
992,0.026248
993,0.026207
994,0.026113
995,0.026142
996,0.025938
997,0.026154
998,0.026062
999,0.025923
1000,0.025807
1001,0.026228
1002,0.025949
1003,0.026046
1004,0.026042
1005,0.026367
1006,0.025961
1007,0.026137
1008,0.026197
1009,0.026040
1010,0.026173
1011,0.025915
1012,0.026025
1013,0.025979
1014,0.025919
1015,0.026213
1016,0.025997
1017,0.052038
1018,0.026371
1019,0.026158
1020,0.026011
1021,0.026204
1022,0.026023
1023,0.026241
1024,0.025817
1025,0.026186
1026,0.026145
1027,0.026337
1028,0.025896
1029,0.026121
1030,0.026270
1031,0.026041
1032,0.026229
1033,0.025910
1034,0.026281
1035,0.026088
1036,0.025984
1037,0.026311
1038,0.025937
1039,0.026075
1040,0.025779
1041,0.026212
1042,0.025992
1043,0.026084
1044,0.026184
1045,0.052036
1046,0.026005
1047,0.025968
1048,0.026076
1049,0.026334
1050,0.026050
1051,0.026103
1052,0.026144
1053,0.026106
1054,0.026157
1055,0.025863
1056,0.026106
1057,0.026250
1058,0.025984
1059,0.026102
1060,0.026104
1061,0.026239
1062,0.025847
1063,0.026261
1064,0.026027
1065,0.026185
1066,0.026134
1067,0.025985
1068,0.026082
1069,0.026012
1070,0.025925
1071,0.025997
1072,0.026240
1073,0.026206
1074,0.026154
1075,0.026083
1076,0.026134
1077,0.026375
1078,0.025901
1079,0.026227
1080,0.026040
1081,0.026050
1082,0.026111
1083,0.026054
1084,0.026341
1085,0.026012
1086,0.025800
1087,0.026011
1088,0.026095
1089,0.026176
1090,0.026039
1091,0.026338
1092,0.026121
1093,0.026404
1094,0.026259
1095,0.026028
1096,0.026138
1097,0.025867
1098,0.026200
1099,0.025821
1100,0.052093
1101,0.026337
1102,0.026056
1103,0.052081
1104,0.026166
1105,0.026542
1106,0.026152
1107,0.026259
1108,0.026128
1109,0.026085
1110,0.052168
1111,0.026324
1112,0.052285
1113,0.025997
1114,0.025955
1115,0.026471
1116,0.025944
1117,0.026140
1118,0.025986
1119,0.026130
1120,0.026109
1121,0.026031
1122,0.026177
1123,0.026227
1124,0.026183
1125,0.026098
1126,0.026288
1127,0.026228
1128,0.026183
1129,0.026208
1130,0.026093
1131,0.025820
1132,0.025840
1133,0.025881
1134,0.025889
1135,0.025918
1136,0.026058
1137,0.025925
1138,0.025842
1139,0.026037
1140,0.026019
1141,0.025839
1142,0.026005
1143,0.025916
1144,0.025851
1145,0.025940
1146,0.025966
1147,0.025712
1148,0.025960
1149,0.025731
1150,0.025896
1151,0.025990
1152,0.025931
1153,0.026035
1154,0.026170
1155,0.026061
1156,0.025815
1157,0.026108
1158,0.026002
1159,0.025826
1160,0.025847
1161,0.026120
1162,0.025957
1163,0.025701
1164,0.026040
1165,0.025935
1166,0.025912
1167,0.025951
1168,0.025840
1169,0.026025
1170,0.025981
1171,0.026009
1172,0.025878
1173,0.026136
1174,0.026021
1175,0.026112
1176,0.026221
1177,0.026137
1178,0.025932
1179,0.026075
1180,0.025770
1181,0.026019
1182,0.025831
1183,0.025986
1184,0.025632
1185,0.026129
1186,0.025925
1187,0.026041
1188,0.025945
1189,0.051467
1190,0.051812
1191,0.025849
1192,0.025861
1193,0.025923
1194,0.025901
1195,0.026000
1196,0.025902
1197,0.025933
1198,0.051621
1199,0.025944
1200,0.026070
1201,0.025825
1202,0.025918
1203,0.026029
1204,0.025738
1205,0.025936
1206,0.026020
1207,0.025828
1208,0.025961
1209,0.026213
1210,0.025814
1211,0.025834
1212,0.026248
1213,0.026178
1214,0.025912
1215,0.026345
1216,0.025886
1217,0.025956
1218,0.025579
1219,0.025966
1220,0.025848
1221,0.025998
1222,0.025907
1223,0.025878
1224,0.051558
1225,0.025985
1226,0.025803
1227,0.025856
1228,0.025673
1229,0.026076
1230,0.026059
1231,0.025979
1232,0.025966
1233,0.025836
1234,0.025952
1235,0.025844
1236,0.025781
1237,0.025986
1238,0.025954
1239,0.025807
1240,0.025792
1241,0.025941
1242,0.025775
1243,0.025806
1244,0.026017
1245,0.025881
1246,0.025948
1247,0.025852
1248,0.025877
1249,0.026020
1250,0.025867
1251,0.025772
1252,0.026156
1253,0.025884
1254,0.025853
1255,0.025883
1256,0.025808
1257,0.026110
1258,0.025975
1259,0.026100
1260,0.025840
1261,0.025876
1262,0.025872
1263,0.025697
1264,0.025770
1265,0.026021
1266,0.025906
1267,0.025860
1268,0.025844
1269,0.025894
1270,0.025913
1271,0.025930
1272,0.025879
1273,0.025907
1274,0.025750
1275,0.025934
1276,0.025794
1277,0.025958
1278,0.025845
1279,0.025883
1280,0.025939
1281,0.025687
1282,0.025839
1283,0.025746
1284,0.025816
1285,0.026163
1286,0.025935
1287,0.026133
1288,0.025929
1289,0.026116
1290,0.025954
1291,0.026073
1292,0.026125
1293,0.026026
1294,0.026024
1295,0.025878
1296,0.025994
1297,0.025990
1298,0.025965
1299,0.025836
1300,0.025931
1301,0.025876
1302,0.025775
1303,0.025822
1304,0.025859
1305,0.025938
1306,0.026016
1307,0.025945
1308,0.025900
1309,0.025931
1310,0.025800
1311,0.025944
1312,0.025859
1313,0.025971
1314,0.025755
1315,0.025797
1316,0.025763
1317,0.025936
1318,0.025747
1319,0.025955
1320,0.025908
1321,0.025807
1322,0.025927
1323,0.025849
1324,0.025929
1325,0.025928
1326,0.025921
1327,0.025821
1328,0.025860
1329,0.025983
1330,0.025822
1331,0.025961
1332,0.025972
1333,0.026190
1334,0.025934
1335,0.025883
1336,0.025894
1337,0.026029
1338,0.025785
1339,0.025830
1340,0.025923
1341,0.026004
1342,0.025867
1343,0.025868
1344,0.026005
1345,0.051693
1346,0.025996
1347,0.025878
1348,0.025903
1349,0.025828
1350,0.025985
1351,0.025884
1352,0.026065
1353,0.025961
1354,0.025878
1355,0.025934
1356,0.025883
1357,0.025893
1358,0.025840
1359,0.025861
1360,0.026164
1361,0.025999
1362,0.025849
1363,0.025843
1364,0.025938
1365,0.025898
1366,0.025904
1367,0.025957
1368,0.025760
1369,0.026093
1370,0.026163
1371,0.025972
1372,0.025908
1373,0.051640
1374,0.025862
1375,0.026014
1376,0.025907
1377,0.026241
1378,0.026115
1379,0.025988
1380,0.025971
1381,0.026015
1382,0.025877
1383,0.025855
1384,0.025897
1385,0.025855
1386,0.025939
1387,0.025931
1388,0.026171
1389,0.025913
1390,0.025902
1391,0.025943
1392,0.025829
1393,0.025893
1394,0.025934
1395,0.025919
1396,0.025866
1397,0.026024
1398,0.025806
1399,0.026040
1400,0.025937
1401,0.026042
1402,0.025627
1403,0.025912
1404,0.025911
1405,0.025948
1406,0.025917
1407,0.025852
1408,0.025941
1409,0.025805
1410,0.025948
1411,0.025890
1412,0.025908
1413,0.026117
1414,0.025952
1415,0.025906
1416,0.025972
1417,0.026004
1418,0.025870
1419,0.025838
1420,0.025832
1421,0.026001
1422,0.025959
1423,0.026025
1424,0.025732
1425,0.025914
1426,0.025836
1427,0.025942
1428,0.026036
1429,0.025990
1430,0.025976
1431,0.026012
1432,0.025792
1433,0.025951
1434,0.025833
1435,0.026048
1436,0.026048
1437,0.026038
1438,0.025927
1439,0.025932
1440,0.026138
1441,0.026056
1442,0.026061
1443,0.026110
1444,0.026403
1445,0.026042
1446,0.026186
1447,0.026248
1448,0.025992
1449,0.026569
1450,0.026138
1451,0.026205
1452,0.025938
1453,0.026403
1454,0.026473
1455,0.025902
1456,0.026247
1457,0.026273
1458,0.026264
1459,0.025997
1460,0.028452
1461,0.026228
1462,0.026133
1463,0.026381
1464,0.026068
1465,0.026104
1466,0.052494
1467,0.026187
1468,0.026279
1469,0.026142
1470,0.026010
1471,0.026208
1472,0.026413
1473,0.026079
1474,0.026297
1475,0.026140
1476,0.026437
1477,0.026363
1478,0.026242
1479,0.026135
1480,0.026086
1481,0.026195
1482,0.025887
1483,0.026129
1484,0.026198
1485,0.026080
1486,0.026369
1487,0.026087
1488,0.026244
1489,0.026090
1490,0.026263
1491,0.026228
1492,0.026107
1493,0.026416
1494,0.025994
1495,0.026298
1496,0.026022
1497,0.026410
1498,0.025933
1499,0.026164
1500,0.026261
1501,0.026016
1502,0.026284
1503,0.026056
1504,0.026304
1505,0.026130
1506,0.026066
1507,0.026138
1508,0.026134
1509,0.026396
1510,0.026032
1511,0.026277
1512,0.026106
1513,0.026263
1514,0.026420
1515,0.025946
1516,0.026164
1517,0.026288
1518,0.026457
1519,0.026176
1520,0.026145
1521,0.026329
1522,0.026235
1523,0.026249
1524,0.026065
1525,0.026258
1526,0.026055
1527,0.026051
1528,0.026242
1529,0.026027
1530,0.026453
1531,0.025911
1532,0.026313
1533,0.026120
1534,0.026161
1535,0.026217
1536,0.026054
1537,0.026308
1538,0.026148
1539,0.026421
1540,0.026290
1541,0.026212
1542,0.026054
1543,0.026188
1544,0.026218
1545,0.026079
1546,0.026011
1547,0.025704
1548,0.025954
1549,0.025900
1550,0.025715
1551,0.025980
1552,0.026001
1553,0.026099
1554,0.025782
1555,0.025824
1556,0.025937
1557,0.026119
1558,0.025860
1559,0.025853
1560,0.025964
1561,0.026026
1562,0.025857
1563,0.026167
1564,0.026109
1565,0.026068
1566,0.026092
1567,0.025977
1568,0.026080
1569,0.026064
1570,0.025838
1571,0.025784
1572,0.026168
1573,0.025949
1574,0.025891
1575,0.025748
1576,0.026165
1577,0.026063
1578,0.026000
1579,0.025820
1580,0.026189
1581,0.025879
1582,0.025937
1583,0.025901
1584,0.026030
1585,0.025840
1586,0.025986
1587,0.025951
1588,0.025962
1589,0.026004
1590,0.025732
1591,0.025968
1592,0.026077
1593,0.025988
1594,0.026064
1595,0.025882
1596,0.025968
1597,0.025836
1598,0.025830
1599,0.026073
1600,0.025994
1601,0.025936
1602,0.025886
1603,0.026018
1604,0.025878
1605,0.025919
1606,0.025794
1607,0.026140
1608,0.026018
1609,0.026076
1610,0.025766
1611,0.026132
1612,0.026140
1613,0.025751
1614,0.025916
1615,0.025991
1616,0.025991
1617,0.025923
1618,0.026039
1619,0.025955
1620,0.025907
1621,0.025995
1622,0.026037
1623,0.025870
1624,0.025953
1625,0.025952
1626,0.025851
1627,0.026159
1628,0.026023
1629,0.026069
1630,0.025847
1631,0.025848
1632,0.025888
1633,0.026134
1634,0.025968
1635,0.025880
1636,0.025859
1637,0.025979
1638,0.051617
1639,0.026026
1640,0.025810
1641,0.025987
1642,0.025861
1643,0.025874
1644,0.025831
1645,0.025934
1646,0.025984
1647,0.025924
1648,0.026042
1649,0.026085
1650,0.025991
1651,0.025892
1652,0.025873
1653,0.025694
1654,0.025945
1655,0.025951
1656,0.026013
1657,0.025987
1658,0.025819
1659,0.026090
1660,0.025903
1661,0.051792
1662,0.025864
1663,0.025977
1664,0.025878
1665,0.025958
1666,0.025853
1667,0.026004
1668,0.025972
1669,0.025943
1670,0.025832
1671,0.025944
1672,0.025882
1673,0.026045
1674,0.025924
1675,0.025808
1676,0.026024
1677,0.026185
1678,0.026122
1679,0.025961
1680,0.025881
1681,0.026050
1682,0.026034
1683,0.025961
1684,0.026098
1685,0.026176
1686,0.025971
1687,0.026000
1688,0.026077
1689,0.026103
1690,0.026184
1691,0.026004
1692,0.026155
1693,0.026036
1694,0.025935
1695,0.026087
1696,0.026062
1697,0.026017
1698,0.026061
1699,0.026010
1700,0.026007
1701,0.026078
1702,0.026071
1703,0.025844
1704,0.025959
1705,0.026179
1706,0.026044
1707,0.026041
1708,0.026154
1709,0.026005
1710,0.026100
1711,0.025890
1712,0.025841
1713,0.026069
1714,0.025996
1715,0.026003
1716,0.025881
1717,0.025987
1718,0.026011
1719,0.025893
1720,0.025857
1721,0.025922
1722,0.025935
1723,0.025758
1724,0.025937
1725,0.026106
1726,0.025926
1727,0.025883
1728,0.025795
1729,0.025963
1730,0.026041
1731,0.025819
1732,0.025990
1733,0.026061
1734,0.026008
1735,0.026036
1736,0.025917
1737,0.025948
1738,0.025850
1739,0.025863
1740,0.025866
1741,0.025916
1742,0.026049
1743,0.025917
1744,0.025916
1745,0.025890
1746,0.025937
1747,0.025807
1748,0.025877
1749,0.025964
1750,0.026061
1751,0.025915
1752,0.026318
1753,0.052124
1754,0.026316
1755,0.026036
1756,0.026243
1757,0.026029
1758,0.026185
1759,0.025988
1760,0.025858
1761,0.026343
1762,0.026188
1763,0.025947
1764,0.025829
1765,0.026334
1766,0.026042
1767,0.026028
1768,0.026184
1769,0.026171
1770,0.026159
1771,0.026149
1772,0.026322
1773,0.026234
1774,0.026012
1775,0.026270
1776,0.026123
1777,0.026267
1778,0.026095
1779,0.026248
1780,0.026061
1781,0.026064
1782,0.026297
1783,0.026035
1784,0.026171
1785,0.026010
1786,0.026030
1787,0.026181
1788,0.026249
1789,0.025938
1790,0.025946
1791,0.026224
1792,0.026009
1793,0.026386
1794,0.026003
1795,0.026238
1796,0.025963
1797,0.026056
1798,0.026303
1799,0.026112
1800,0.026147
1801,0.026210
1802,0.026388
1803,0.026363
1804,0.026083
1805,0.026268
1806,0.026151
1807,0.026330
1808,0.026218
1809,0.026173
1810,0.026133
1811,0.025998
1812,0.026148
1813,0.026159
1814,0.026267
1815,0.026017
1816,0.026346
1817,0.026212
1818,0.026159
1819,0.026180
1820,0.026118
1821,0.026376
1822,0.025991
1823,0.026320
1824,0.026017
1825,0.026232
1826,0.026404
1827,0.026098
1828,0.026417
1829,0.026166
1830,0.026293
1831,0.026074
1832,0.026010
1833,0.026379
1834,0.026122
1835,0.026369
1836,0.026163
1837,0.026351
1838,0.026230
1839,0.026282
1840,0.026134
1841,0.026297
1842,0.026326
1843,0.026173
1844,0.026349
1845,0.026396
1846,0.026129
1847,0.026152
1848,0.025945
1849,0.026149
1850,0.025951
1851,0.026241
1852,0.025990
1853,0.026037
1854,0.026301
1855,0.026192
1856,0.026388
1857,0.026104
1858,0.026139
1859,0.026055
1860,0.026001
1861,0.026355
1862,0.026142
1863,0.026500
1864,0.026139
1865,0.026445
1866,0.026155
1867,0.026147
1868,0.026359
1869,0.026160
1870,0.026352
1871,0.026065
1872,0.026308
1873,0.026554
1874,0.026101
1875,0.026148
1876,0.025965
1877,0.026111
1878,0.026176
1879,0.026328
1880,0.025789
1881,0.026202
1882,0.026191
1883,0.026083
1884,0.026443
1885,0.026141
1886,0.026282
1887,0.025991
1888,0.026193
1889,0.026396
1890,0.026087
1891,0.026330
1892,0.025951
1893,0.026393
1894,0.025981
1895,0.026166
1896,0.026268
1897,0.026152
1898,0.026384
1899,0.026069
1900,0.026199
1901,0.026143
1902,0.026152
1903,0.026183
1904,0.025945
1905,0.026289
1906,0.026025
1907,0.026085
1908,0.025895
1909,0.025965
1910,0.026161
1911,0.026049
1912,0.026259
1913,0.025947
1914,0.026198
1915,0.026070
1916,0.026132
1917,0.026345
1918,0.026207
1919,0.026151
1920,0.025958
1921,0.026511
1922,0.026108
1923,0.026246
1924,0.026208
1925,0.026155
1926,0.026196
1927,0.026130
1928,0.026233
1929,0.026130
1930,0.026178
1931,0.026047
1932,0.025904
1933,0.026127
1934,0.025905
1935,0.026151
1936,0.026242
1937,0.026379
1938,0.026079
1939,0.026017
1940,0.026297
1941,0.026067
1942,0.026233
1943,0.026026
1944,0.026191
1945,0.026147
1946,0.026106
1947,0.026167
1948,0.026067
1949,0.026324
1950,0.026108
1951,0.026351
1952,0.026197
1953,0.026251
1954,0.026311
1955,0.025875
1956,0.026189
1957,0.026247
1958,0.026122
1959,0.026164
1960,0.026037
1961,0.026217
1962,0.026218
1963,0.026288
1964,0.026066
1965,0.026226
1966,0.026081
1967,0.026022
1968,0.026293
1969,0.026138
1970,0.026295
1971,0.026034
1972,0.026173
1973,0.026094
1974,0.026144
1975,0.026240
1976,0.026086
1977,0.026283
1978,0.025955
1979,0.026010
1980,0.026047
1981,0.026108
1982,0.026261
1983,0.026323
1984,0.026189
1985,0.026017
1986,0.052134
1987,0.025988
1988,0.026213
1989,0.026120
1990,0.026159
1991,0.025873
1992,0.026181
1993,0.026112
1994,0.052085
1995,0.026167
1996,0.026324
1997,0.026159
1998,0.026297
1999,0.026024
2000,0.026359
2001,0.026162
2002,0.026097
2003,0.026140
2004,0.026179
2005,0.026377
2006,0.026023
2007,0.026274
2008,0.026039
2009,0.026175
2010,0.026265
2011,0.026139
2012,0.026263
2013,0.026147
2014,0.026536
2015,0.026049
2016,0.026140
2017,0.026037
2018,0.026162
2019,0.026224
2020,0.026184
2021,0.026222
2022,0.026069
2023,0.025936
2024,0.026290
2025,0.026149
2026,0.026297
2027,0.026175
2028,0.026421
2029,0.029232
2030,0.025848
2031,0.026372
2032,0.026079
2033,0.026326
2034,0.025935
2035,0.026068
2036,0.026567
2037,0.027241
2038,0.026152
2039,0.026242
2040,0.025963
2041,0.026384
2042,0.025890
2043,0.026239
2044,0.026133
2045,0.025909
2046,0.025937
2047,0.026020
2048,0.025917
2049,0.025995
2050,0.025775
2051,0.025867
2052,0.025870
2053,0.025974
2054,0.025913
2055,0.025802
2056,0.025848
2057,0.025928
2058,0.025848
2059,0.025774
2060,0.026013
2061,0.026036
2062,0.025803
2063,0.025898
2064,0.025985
2065,0.025900
2066,0.025988
2067,0.026007
2068,0.025907
2069,0.025989
2070,0.025937
2071,0.025938
2072,0.025890
2073,0.025928
2074,0.025902
2075,0.025899
2076,0.025910
2077,0.025928
2078,0.025900
2079,0.025894
2080,0.025872
2081,0.025990
2082,0.025908
2083,0.025989
2084,0.025952
2085,0.025944
2086,0.025908
2087,0.025811
2088,0.025974
2089,0.026001
2090,0.025815
2091,0.025767
2092,0.025926
2093,0.025934
2094,0.025750
2095,0.026076
2096,0.025879
2097,0.025954
2098,0.025910
2099,0.025949
2100,0.025899
2101,0.025977
2102,0.025794
2103,0.025896
2104,0.025951
2105,0.025940
2106,0.025808
2107,0.026017
2108,0.025970
2109,0.025946
2110,0.025991
2111,0.026017
2112,0.026006
2113,0.026041
2114,0.025786
2115,0.025908
2116,0.025883
2117,0.026051
2118,0.026039
2119,0.025794
2120,0.025796
2121,0.025929
2122,0.025924
2123,0.025877
2124,0.025929
2125,0.026095
2126,0.025903
2127,0.025982
2128,0.025819
2129,0.025869
2130,0.025964
2131,0.025931
2132,0.025930
2133,0.026324
2134,0.026089
2135,0.026047
2136,0.026138
2137,0.026101
2138,0.026158
2139,0.025928
2140,0.026023
2141,0.026018
2142,0.026241
2143,0.026005
2144,0.026344
2145,0.025994
2146,0.026099
2147,0.026271
2148,0.026113
2149,0.026243
2150,0.026017
2151,0.026232
2152,0.026018
2153,0.026082
2154,0.026236
2155,0.026091
2156,0.026351
2157,0.026132
2158,0.026213
2159,0.026123
2160,0.025989
2161,0.026187
2162,0.025973
2163,0.026087
2164,0.026073
2165,0.026060
2166,0.026127
2167,0.026075
2168,0.026150
2169,0.026124
2170,0.026318
2171,0.026054
2172,0.026299
2173,0.026007
2174,0.026056
2175,0.026316
2176,0.025906
2177,0.026054
2178,0.025864
2179,0.026140
2180,0.025948
2181,0.026291
2182,0.026113
2183,0.025930
2184,0.026287
2185,0.026157
2186,0.026252
2187,0.026048
2188,0.026340
2189,0.025950
2190,0.026023
2191,0.026421
2192,0.026064
2193,0.025957
2194,0.025787
2195,0.025866
2196,0.025870
2197,0.026043
2198,0.025926
2199,0.025992
2200,0.025959
2201,0.025951
2202,0.025970
2203,0.025959
2204,0.025910
2205,0.025931
2206,0.025868
2207,0.025885
2208,0.025886
2209,0.025987
2210,0.026037
2211,0.025932
2212,0.025959
2213,0.025939
2214,0.025866
2215,0.025842
2216,0.026021
2217,0.025917
2218,0.025857
2219,0.025804
2220,0.025943
2221,0.039334
2222,0.025745
2223,0.025889
2224,0.026021
2225,0.026018
2226,0.025847
2227,0.025930
2228,0.025821
2229,0.025951
2230,0.025949
2231,0.025896
2232,0.025896
2233,0.025944
2234,0.025805
2235,0.025876
2236,0.025773
2237,0.026010
2238,0.025734
2239,0.025874
2240,0.025911
2241,0.025979
2242,0.025968
2243,0.025890
2244,0.026101
2245,0.025928
2246,0.025952
2247,0.025904
2248,0.025790
2249,0.025923
2250,0.025839
2251,0.025996
2252,0.026000
2253,0.025960
2254,0.025846
2255,0.025875
2256,0.025929
2257,0.026010
2258,0.025952
2259,0.026028
2260,0.025892
2261,0.025913
2262,0.025910
2263,0.025819
2264,0.025972
2265,0.026008
2266,0.025912
2267,0.025708
2268,0.025836
2269,0.025963
2270,0.025804
2271,0.025880
2272,0.025815
# total_episodes=2272, avg_seconds=0.027544
