# episode_index, seconds
1,0.003657
2,0.004152
3,0.003582
4,0.000774
5,0.004192
6,0.003885
7,0.003834
8,0.000808
9,0.003926
10,0.003807
11,0.003244
12,0.003243
13,0.003859
14,0.003269
15,0.003238
16,0.002723
17,0.003309
18,0.003851
19,0.003223
20,0.003802
21,0.083660
22,0.130234
23,0.077933
24,0.078039
25,0.104400
26,0.052196
27,0.078451
28,0.052130
29,0.052236
30,0.026297
31,0.026200
32,0.026322
33,0.052292
34,0.026169
35,0.052292
36,0.026235
37,0.052371
38,0.026194
39,0.078423
40,0.052293
41,0.052359
42,0.026195
43,0.026232
44,0.026184
45,0.052330
46,0.052265
47,0.026288
48,0.026165
49,0.026333
50,0.052131
51,0.052210
52,0.026160
53,0.026451
54,0.026292
55,0.052254
56,0.079942
57,0.026884
58,0.026900
59,0.080121
60,0.026899
61,0.053617
62,0.026763
63,0.026976
64,0.026809
65,0.026956
66,0.053325
67,0.026491
68,0.052231
69,0.026336
70,0.026188
71,0.052226
72,0.104255
73,0.026335
74,0.078282
75,0.026290
76,0.026252
77,0.052273
78,0.026363
79,0.052247
80,0.104648
81,0.080092
82,0.052837
83,0.026401
84,0.052365
85,0.026357
86,0.026256
87,0.026311
88,0.026124
89,0.026376
90,0.026195
91,0.026196
92,0.026317
93,0.026281
94,0.052332
95,0.026166
96,0.026341
97,0.026293
98,0.026347
99,0.026122
100,0.026239
101,0.026257
102,0.026505
103,0.026513
104,0.026279
105,0.027071
106,0.053650
107,0.026297
108,0.052195
109,0.052412
110,0.026413
111,0.026248
112,0.026529
113,0.026534
114,0.026208
115,0.052830
116,0.026665
117,0.026479
118,0.026464
119,0.026831
120,0.026447
121,0.026500
122,0.026424
123,0.026654
124,0.026439
125,0.026613
126,0.026627
127,0.026368
128,0.026620
129,0.026560
130,0.026514
131,0.026641
132,0.026272
133,0.026697
134,0.026720
135,0.026684
136,0.052878
137,0.026599
138,0.026253
139,0.026776
140,0.026765
141,0.026606
142,0.026686
143,0.026333
144,0.026567
145,0.026597
146,0.026308
147,0.026417
148,0.026291
149,0.026643
150,0.026423
151,0.026513
152,0.026431
153,0.035460
154,0.027141
155,0.026223
156,0.026633
157,0.026648
158,0.026634
159,0.026350
160,0.026347
161,0.026525
162,0.026361
163,0.027070
164,0.027117
165,0.026510
166,0.026723
167,0.026430
168,0.026626
169,0.026452
170,0.026838
171,0.026887
172,0.026554
173,0.027287
174,0.053644
175,0.027277
176,0.027224
177,0.027187
178,0.027178
179,0.026892
180,0.027219
181,0.027090
182,0.027356
183,0.026803
184,0.026519
185,0.026556
186,0.026628
187,0.026771
188,0.026842
189,0.026572
190,0.026490
191,0.026477
192,0.026413
193,0.026729
194,0.026394
195,0.026495
196,0.026192
197,0.026393
198,0.026509
199,0.026529
200,0.026380
201,0.027050
202,0.026622
203,0.026665
204,0.026466
205,0.026589
206,0.026446
207,0.026558
208,0.026441
209,0.026416
210,0.026527
211,0.026279
212,0.026586
213,0.026476
214,0.026415
215,0.026574
216,0.026391
217,0.026619
218,0.026368
219,0.026356
220,0.026775
221,0.026516
222,0.026918
223,0.027102
224,0.028001
225,0.027134
226,0.026898
227,0.027287
228,0.026745
229,0.026535
230,0.052593
231,0.026653
232,0.026465
233,0.026458
234,0.052592
235,0.078950
236,0.052699
237,0.078825
238,0.078931
239,0.026671
240,0.026487
241,0.078656
242,0.078705
243,0.078647
244,0.078758
245,0.026549
246,0.053515
247,0.107731
248,0.053691
249,0.053975
250,0.053827
251,0.053890
252,0.080955
253,0.080896
254,0.081007
255,0.080729
256,0.053780
257,0.080777
258,0.080808
259,0.080571
260,0.053959
261,0.080409
262,0.027266
263,0.054105
264,0.027221
265,0.054125
266,0.080016
267,0.053869
268,0.080587
269,0.052921
270,0.026449
271,0.026514
272,0.026752
273,0.026457
274,0.026303
275,0.026745
276,0.026457
277,0.026736
278,0.026359
279,0.026758
280,0.027056
281,0.027112
282,0.027099
283,0.026786
284,0.027076
285,0.026876
286,0.026426
287,0.026570
288,0.038934
289,0.028479
290,0.026236
291,0.026500
292,0.026655
293,0.026563
294,0.026388
295,0.026420
296,0.026684
297,0.026510
298,0.026383
299,0.026489
300,0.026602
301,0.026438
302,0.026562
303,0.026477
304,0.026721
305,0.026415
306,0.026459
307,0.026335
308,0.026398
309,0.026688
310,0.026635
311,0.026712
312,0.026449
313,0.026444
314,0.026562
315,0.026277
316,0.026444
317,0.026544
318,0.026276
319,0.026265
320,0.052717
321,0.026767
322,0.026838
323,0.026763
324,0.026637
325,0.026823
326,0.026686
327,0.026259
328,0.026324
329,0.052648
330,0.052387
331,0.026228
332,0.052354
333,0.026552
334,0.026732
335,0.026892
336,0.026898
337,0.027029
338,0.026866
339,0.026784
340,0.052703
341,0.078733
342,0.079138
343,0.026973
344,0.053359
345,0.079424
346,0.052583
347,0.052581
348,0.026231
349,0.052609
350,0.052569
351,0.052373
352,0.052506
353,0.026416
354,0.052323
355,0.026257
356,0.026385
357,0.052577
358,0.026355
359,0.026386
360,0.026345
361,0.052624
362,0.052442
363,0.026446
364,0.078464
365,0.026429
366,0.052344
367,0.052368
368,0.026417
369,0.026414
370,0.026260
371,0.052470
372,0.026504
373,0.026483
374,0.026268
375,0.026314
376,0.026719
377,0.026406
378,0.026362
379,0.026247
380,0.026433
381,0.026365
382,0.026327
383,0.052288
384,0.026130
385,0.026382
386,0.026354
387,0.026379
388,0.026259
389,0.026319
390,0.026280
391,0.026312
392,0.026181
393,0.026332
394,0.052398
395,0.026850
396,0.026589
397,0.026569
398,0.052827
399,0.026749
400,0.026410
401,0.026759
402,0.026445
403,0.026520
404,0.052828
405,0.079277
406,0.052590
407,0.026635
408,0.026385
409,0.026666
410,0.052699
411,0.026575
412,0.052701
413,0.026497
414,0.026547
415,0.026210
416,0.026386
417,0.026600
418,0.052936
419,0.026443
420,0.026434
421,0.052880
422,0.026634
423,0.026334
424,0.026356
425,0.026645
426,0.026389
427,0.026548
428,0.026431
429,0.026611
430,0.026374
431,0.026517
432,0.052517
433,0.026747
434,0.026539
435,0.026564
436,0.026742
437,0.060160
438,0.034267
439,0.026473
440,0.052546
441,0.026491
442,0.052553
443,0.026358
444,0.026230
445,0.026685
446,0.026318
447,0.052571
448,0.026422
449,0.026424
450,0.026406
451,0.078946
452,0.026411
453,0.026611
454,0.052642
455,0.026489
456,0.026277
457,0.026220
458,0.026122
459,0.026232
460,0.026177
461,0.052103
462,0.026216
463,0.026202
464,0.026201
465,0.026259
466,0.026259
467,0.026205
468,0.026315
469,0.052188
470,0.052155
471,0.026162
472,0.026228
473,0.026327
474,0.026255
475,0.026200
476,0.026226
477,0.026177
478,0.026155
479,0.026143
480,0.026269
481,0.026206
482,0.026268
483,0.026179
484,0.026245
485,0.052155
486,0.026119
487,0.026229
488,0.026134
489,0.026271
490,0.026249
491,0.026286
492,0.026167
493,0.026338
494,0.026263
495,0.026209
496,0.052217
497,0.026354
498,0.052183
499,0.026014
500,0.026320
501,0.026346
502,0.026180
503,0.026311
504,0.026270
505,0.026279
506,0.026331
507,0.026214
508,0.026248
509,0.026305
510,0.026158
511,0.026346
512,0.026346
513,0.026253
514,0.026250
515,0.026361
516,0.026207
517,0.026317
518,0.026202
519,0.026086
520,0.026228
521,0.026327
522,0.026330
523,0.052206
524,0.026183
525,0.026323
526,0.026122
527,0.026325
528,0.026304
529,0.026261
530,0.026291
531,0.026186
532,0.026264
533,0.026229
534,0.026257
535,0.052360
536,0.026284
537,0.052341
538,0.026060
539,0.026193
540,0.026189
541,0.078149
542,0.026224
543,0.026212
544,0.026221
545,0.026261
546,0.026650
547,0.026365
548,0.026240
549,0.026249
550,0.026250
551,0.026237
552,0.026217
553,0.026265
554,0.026305
555,0.026216
556,0.026283
557,0.026571
558,0.026359
559,0.026563
560,0.026311
561,0.026461
562,0.078362
563,0.026317
564,0.052404
565,0.026666
566,0.026486
567,0.104986
568,0.052864
569,0.026346
570,0.026486
571,0.026562
572,0.052433
573,0.026260
574,0.026274
575,0.052765
576,0.052782
577,0.026228
578,0.052602
579,0.052561
580,0.052823
581,0.052745
582,0.026354
583,0.026364
584,0.052722
585,0.078826
586,0.052653
587,0.052325
588,0.078577
589,0.052730
590,0.052639
591,0.052391
592,0.026660
593,0.078761
594,0.078343
595,0.052692
596,0.052313
597,0.052721
598,0.078832
599,0.026544
600,0.026418
601,0.026415
602,0.079084
603,0.052617
604,0.078809
605,0.104872
606,0.079040
607,0.104621
608,0.105096
609,0.104838
610,0.078698
611,0.104657
612,0.104804
613,0.026388
614,0.078927
615,0.078825
616,0.078769
617,0.078635
618,0.052555
619,0.052574
620,0.078563
621,0.052316
622,0.052603
623,0.052432
624,0.052334
625,0.052644
626,0.052687
627,0.052460
628,0.078525
629,0.052509
630,0.052437
631,0.078606
632,0.052400
633,0.052488
634,0.078853
635,0.079265
636,0.078832
637,0.078512
638,0.078470
639,0.078803
640,0.104537
641,0.104922
642,0.104662
643,0.104916
644,0.104855
645,0.078626
646,0.105997
647,0.110616
648,0.104725
649,0.105273
650,0.105014
651,0.078849
652,0.104718
653,0.104372
654,0.078599
655,0.078498
656,0.078340
657,0.078230
658,0.078116
659,0.078106
660,0.078120
661,0.078377
662,0.052074
663,0.052278
664,0.052136
665,0.052154
666,0.052244
667,0.052136
668,0.052141
669,0.052168
670,0.052130
671,0.052192
672,0.052307
673,0.052372
674,0.052087
675,0.052252
676,0.052242
677,0.026238
678,0.052154
679,0.078110
680,0.052194
681,0.052727
682,0.078423
683,0.026451
684,0.026269
685,0.052248
686,0.026201
687,0.077986
688,0.078233
689,0.078121
690,0.104836
691,0.104375
692,0.078121
693,0.103990
694,0.103888
695,0.104079
696,0.104155
697,0.103945
698,0.104284
699,0.104074
700,0.104131
701,0.104244
702,0.077951
703,0.052171
704,0.077994
705,0.052134
706,0.052216
707,0.052108
708,0.052093
709,0.026251
710,0.052112
711,0.052238
712,0.052063
713,0.052190
714,0.052075
715,0.026222
716,0.026238
717,0.026235
718,0.026157
719,0.026217
720,0.026146
721,0.026393
722,0.026082
723,0.026234
724,0.026125
725,0.026237
726,0.052225
727,0.026127
728,0.026165
729,0.026246
730,0.026158
731,0.026120
732,0.026196
733,0.026215
734,0.026167
735,0.026173
736,0.026220
737,0.026197
738,0.026271
739,0.026071
740,0.026153
741,0.026348
742,0.026251
743,0.026091
744,0.026186
745,0.026193
746,0.026246
747,0.026181
748,0.026215
749,0.026189
750,0.026218
751,0.026145
752,0.026219
753,0.026174
754,0.026315
755,0.026539
756,0.026433
757,0.026354
758,0.035766
759,0.032884
760,0.026519
761,0.026488
762,0.026482
763,0.026428
764,0.026463
765,0.026365
766,0.026267
767,0.026411
768,0.026168
769,0.026683
770,0.026285
771,0.026285
772,0.026411
773,0.026541
774,0.026552
775,0.026459
776,0.026529
777,0.026715
778,0.026396
779,0.026558
780,0.026258
781,0.026672
782,0.026417
783,0.026239
784,0.026625
785,0.026317
786,0.026649
787,0.052626
788,0.026672
789,0.026404
790,0.026633
791,0.026328
792,0.052413
793,0.052718
794,0.026293
795,0.026564
796,0.026416
797,0.026331
798,0.052737
799,0.052882
800,0.052619
801,0.052660
802,0.026303
803,0.026288
804,0.052382
805,0.052562
806,0.026681
807,0.052456
808,0.052772
809,0.026639
810,0.026506
811,0.026472
812,0.052532
813,0.026614
814,0.052829
815,0.026463
816,0.052640
817,0.026425
818,0.026611
819,0.026323
820,0.026453
821,0.026239
822,0.026413
823,0.026525
824,0.026409
825,0.026386
826,0.026368
827,0.026525
828,0.026412
829,0.026451
830,0.026607
831,0.026380
832,0.026533
833,0.026511
834,0.026482
835,0.026564
836,0.026342
837,0.026602
838,0.026307
839,0.026289
840,0.026540
841,0.026441
842,0.026549
843,0.026390
844,0.026591
845,0.026500
846,0.026374
847,0.026594
848,0.026472
849,0.026581
850,0.026475
851,0.026581
852,0.026711
853,0.026488
854,0.026425
855,0.026200
856,0.026763
857,0.026453
858,0.026154
859,0.026607
860,0.026859
861,0.026566
862,0.026587
863,0.026449
864,0.026495
865,0.026470
866,0.026601
867,0.026346
868,0.026453
869,0.052728
870,0.026526
871,0.026449
872,0.026389
873,0.026678
874,0.026480
875,0.026660
876,0.026376
877,0.026509
878,0.052689
879,0.026590
880,0.026506
881,0.026612
882,0.026463
883,0.026450
884,0.026568
885,0.026473
886,0.026574
887,0.026462
888,0.026745
889,0.026982
890,0.026489
891,0.026649
892,0.026469
893,0.026504
894,0.026590
895,0.026388
896,0.026460
897,0.026307
898,0.026414
899,0.026651
900,0.052628
901,0.026398
902,0.026767
903,0.026404
904,0.026422
905,0.026549
906,0.026500
907,0.026403
908,0.026497
909,0.026486
910,0.026635
911,0.026373
912,0.026606
913,0.026325
914,0.026488
915,0.026572
916,0.026378
917,0.026541
918,0.026655
919,0.105203
920,0.026381
921,0.105478
922,0.026352
923,0.026437
924,0.026472
925,0.026733
926,0.026336
927,0.026303
928,0.026479
929,0.026453
930,0.026567
931,0.026386
932,0.026413
933,0.026807
934,0.026564
935,0.026382
936,0.026356
937,0.026358
938,0.026565
939,0.026341
940,0.026527
941,0.026508
942,0.026669
943,0.026310
944,0.026420
945,0.026445
946,0.026423
947,0.026559
948,0.026397
949,0.026477
950,0.026642
951,0.026378
952,0.026689
953,0.026545
954,0.026447
955,0.026706
956,0.026312
957,0.026668
958,0.026352
959,0.026567
960,0.026621
961,0.026499
962,0.026527
963,0.026338
964,0.026608
965,0.026389
966,0.026423
967,0.026549
968,0.026284
969,0.026629
970,0.026397
971,0.026206
972,0.026416
973,0.026549
974,0.026668
975,0.026396
976,0.026591
977,0.026593
978,0.026480
979,0.026379
980,0.026427
981,0.026662
982,0.026408
983,0.026388
984,0.026642
985,0.026475
986,0.026552
987,0.026447
988,0.026475
989,0.026659
990,0.026369
991,0.026583
992,0.026256
993,0.026402
994,0.026622
995,0.026404
996,0.026463
997,0.026492
998,0.026677
999,0.026312
1000,0.026285
1001,0.026544
1002,0.026307
1003,0.026545
1004,0.026327
1005,0.026245
1006,0.026607
1007,0.026236
1008,0.026617
1009,0.026354
1010,0.026646
1011,0.026640
1012,0.026429
1013,0.026509
1014,0.026409
1015,0.026603
1016,0.026419
1017,0.026418
1018,0.026590
1019,0.026236
1020,0.026620
1021,0.026480
1022,0.026104
1023,0.026467
1024,0.026453
1025,0.026608
1026,0.026411
1027,0.052657
1028,0.026310
1029,0.026511
1030,0.026337
1031,0.026490
1032,0.026479
1033,0.026503
1034,0.026630
1035,0.026399
1036,0.026573
1037,0.026324
1038,0.026290
1039,0.052777
1040,0.026615
1041,0.026389
1042,0.026586
1043,0.026430
1044,0.026469
1045,0.026543
1046,0.026252
1047,0.026573
1048,0.026329
1049,0.026326
1050,0.026630
1051,0.026453
1052,0.026567
1053,0.026497
1054,0.026352
1055,0.052633
1056,0.052702
1057,0.052631
1058,0.026243
1059,0.052791
1060,0.026574
1061,0.026478
1062,0.026569
1063,0.026651
1064,0.026412
1065,0.026648
1066,0.026371
1067,0.052753
1068,0.079039
1069,0.078983
1070,0.026628
1071,0.026432
1072,0.026528
1073,0.026505
1074,0.026640
1075,0.026535
1076,0.026370
1077,0.026680
1078,0.026347
1079,0.026391
1080,0.026365
1081,0.026533
1082,0.026550
1083,0.026414
1084,0.026592
1085,0.026309
1086,0.026274
1087,0.026669
1088,0.026398
1089,0.026529
1090,0.026423
1091,0.026616
1092,0.026331
1093,0.026491
1094,0.026391
1095,0.026503
1096,0.026430
1097,0.026567
1098,0.026311
1099,0.026545
1100,0.026350
1101,0.026723
1102,0.028409
1103,0.028849
1104,0.026426
1105,0.026508
1106,0.026447
1107,0.026734
1108,0.026363
1109,0.026696
1110,0.026428
1111,0.026485
1112,0.026516
1113,0.026670
1114,0.026466
1115,0.026654
1116,0.026586
1117,0.026669
1118,0.026524
1119,0.026731
1120,0.026330
1121,0.026828
1122,0.026370
1123,0.026430
1124,0.026472
1125,0.026658
1126,0.026371
1127,0.026541
1128,0.026473
1129,0.026898
1130,0.026389
1131,0.026435
1132,0.026513
1133,0.026444
1134,0.026672
1135,0.026496
1136,0.026805
1137,0.026410
1138,0.026365
1139,0.026482
1140,0.026568
1141,0.026551
1142,0.026358
1143,0.026586
1144,0.026600
1145,0.026675
1146,0.026667
1147,0.026433
1148,0.026637
1149,0.026585
1150,0.026416
1151,0.026571
1152,0.026626
1153,0.026498
1154,0.026405
1155,0.026624
1156,0.026533
1157,0.026594
1158,0.026344
1159,0.026285
1160,0.026331
1161,0.026635
1162,0.026330
1163,0.026511
1164,0.026464
1165,0.026654
1166,0.026346
1167,0.026362
1168,0.026496
1169,0.026470
1170,0.026596
1171,0.026527
1172,0.026392
1173,0.026666
1174,0.026466
1175,0.026492
1176,0.026255
1177,0.026554
1178,0.026639
1179,0.026546
1180,0.026636
1181,0.052835
1182,0.026320
1183,0.026533
1184,0.026616
1185,0.026431
1186,0.026294
1187,0.026488
1188,0.026484
1189,0.026850
1190,0.026269
1191,0.026602
1192,0.026456
1193,0.026319
1194,0.026418
1195,0.026468
1196,0.026603
1197,0.026429
1198,0.026640
1199,0.026632
1200,0.026370
1201,0.026501
1202,0.026569
1203,0.026615
1204,0.026477
1205,0.026433
1206,0.026445
1207,0.026247
1208,0.026508
1209,0.026551
1210,0.026437
1211,0.026593
1212,0.026420
1213,0.026719
1214,0.026522
1215,0.079039
1216,0.026697
1217,0.079040
1218,0.078862
1219,0.078933
1220,0.078856
1221,0.079017
1222,0.052511
1223,0.052637
1224,0.052732
1225,0.052504
1226,0.052682
1227,0.052796
1228,0.052992
1229,0.052977
1230,0.052266
1231,0.026317
1232,0.052622
1233,0.053024
1234,0.026441
1235,0.052950
1236,0.052953
1237,0.052760
1238,0.026353
1239,0.052935
1240,0.026388
1241,0.026785
1242,0.026512
1243,0.026455
1244,0.052948
1245,0.026653
1246,0.026355
1247,0.026556
1248,0.026594
1249,0.026406
1250,0.026399
1251,0.026520
1252,0.026582
1253,0.026403
1254,0.026510
1255,0.026488
1256,0.026393
1257,0.026496
1258,0.026371
1259,0.026474
1260,0.026471
1261,0.026492
1262,0.028229
1263,0.052921
1264,0.026536
1265,0.026151
1266,0.026334
1267,0.026115
1268,0.052597
1269,0.052259
1270,0.026186
1271,0.026492
1272,0.026311
1273,0.026313
1274,0.052573
1275,0.026507
1276,0.026272
1277,0.026580
1278,0.026276
1279,0.026444
1280,0.026480
1281,0.052410
1282,0.026239
1283,0.026190
1284,0.026469
1285,0.026532
1286,0.026470
1287,0.026232
1288,0.026168
1289,0.052613
1290,0.026591
1291,0.026348
1292,0.026595
1293,0.026438
1294,0.026349
1295,0.026487
1296,0.052639
1297,0.026415
1298,0.052476
1299,0.026332
1300,0.026537
1301,0.026377
1302,0.026643
1303,0.026228
1304,0.026480
1305,0.026619
1306,0.052803
1307,0.026090
1308,0.052367
1309,0.052579
1310,0.052453
1311,0.026317
1312,0.026576
1313,0.052464
1314,0.026512
1315,0.026315
1316,0.026552
1317,0.026289
1318,0.052843
1319,0.026446
1320,0.026571
1321,0.026412
1322,0.026616
1323,0.026290
1324,0.026399
1325,0.026486
1326,0.026411
1327,0.026484
1328,0.026362
1329,0.026390
1330,0.026457
1331,0.026466
1332,0.026566
1333,0.026447
1334,0.026340
1335,0.026653
1336,0.026307
1337,0.026588
1338,0.026384
1339,0.026490
1340,0.026330
1341,0.026424
1342,0.026701
1343,0.026152
1344,0.026366
1345,0.026255
1346,0.026257
1347,0.026435
1348,0.026274
1349,0.026633
1350,0.026276
1351,0.026487
1352,0.026189
1353,0.026403
1354,0.026401
1355,0.026311
1356,0.026493
1357,0.026373
1358,0.026248
1359,0.026514
1360,0.026319
1361,0.026733
1362,0.026212
1363,0.026642
1364,0.026510
1365,0.026432
1366,0.026560
1367,0.026221
1368,0.026446
1369,0.026471
1370,0.026285
1371,0.026460
1372,0.026232
1373,0.026434
1374,0.026359
1375,0.026517
1376,0.026369
1377,0.026511
1378,0.026384
1379,0.026245
1380,0.026511
1381,0.026454
1382,0.026147
1383,0.026482
1384,0.026101
1385,0.026382
1386,0.026293
1387,0.026603
1388,0.026235
1389,0.026442
1390,0.026604
1391,0.026201
1392,0.026285
1393,0.026277
1394,0.026287
1395,0.026605
1396,0.026334
1397,0.026457
1398,0.026351
1399,0.026523
1400,0.026289
1401,0.026449
1402,0.026524
1403,0.026272
1404,0.026589
1405,0.026472
1406,0.026311
1407,0.026462
1408,0.026365
1409,0.026653
1410,0.026163
1411,0.026592
1412,0.026227
1413,0.026420
1414,0.026466
1415,0.026348
1416,0.026430
1417,0.026489
1418,0.026457
1419,0.026803
1420,0.026510
1421,0.026565
1422,0.026140
1423,0.026452
1424,0.026566
1425,0.026452
1426,0.026488
1427,0.026371
1428,0.026545
1429,0.026501
1430,0.026401
1431,0.026443
1432,0.026057
1433,0.026687
1434,0.026378
1435,0.026232
1436,0.026446
1437,0.026421
1438,0.043608
1439,0.026090
1440,0.026554
1441,0.052258
1442,0.026633
1443,0.026343
1444,0.026501
1445,0.026532
1446,0.026054
1447,0.026699
1448,0.026293
1449,0.026548
1450,0.026413
1451,0.026466
1452,0.026548
1453,0.026544
1454,0.026667
1455,0.026423
1456,0.026443
1457,0.026548
1458,0.026433
1459,0.026522
1460,0.026307
1461,0.026567
1462,0.026444
1463,0.026038
1464,0.026437
1465,0.026530
1466,0.026533
1467,0.026419
1468,0.026658
1469,0.026566
1470,0.026350
1471,0.026686
1472,0.026439
1473,0.026758
1474,0.026339
1475,0.026342
1476,0.026571
1477,0.026430
1478,0.026599
1479,0.026328
1480,0.026387
1481,0.026677
1482,0.026462
1483,0.026466
1484,0.026267
1485,0.026381
1486,0.026582
1487,0.026350
1488,0.026585
1489,0.026564
1490,0.026470
1491,0.026507
1492,0.026510
1493,0.026473
1494,0.026118
1495,0.026602
1496,0.026493
1497,0.026195
1498,0.026623
1499,0.026447
1500,0.026742
1501,0.026362
1502,0.026407
1503,0.026610
1504,0.026523
1505,0.026464
1506,0.026486
1507,0.026580
1508,0.026646
1509,0.026515
1510,0.026549
1511,0.026437
1512,0.026276
1513,0.026538
1514,0.026407
1515,0.026698
1516,0.026460
1517,0.026490
1518,0.026261
1519,0.026353
1520,0.026513
1521,0.026410
1522,0.026364
1523,0.026330
1524,0.026548
1525,0.026457
1526,0.026396
1527,0.026542
1528,0.026238
1529,0.026635
1530,0.026427
1531,0.026371
1532,0.026529
1533,0.026536
1534,0.026568
1535,0.026400
1536,0.026350
1537,0.026622
1538,0.026390
1539,0.026658
1540,0.026236
1541,0.026637
1542,0.026330
1543,0.026478
1544,0.026509
1545,0.026306
1546,0.026559
1547,0.026326
1548,0.026417
1549,0.026430
1550,0.026473
1551,0.026550
1552,0.026310
1553,0.026494
1554,0.026612
1555,0.026368
1556,0.026616
1557,0.026546
1558,0.026534
1559,0.026530
1560,0.026388
1561,0.026564
1562,0.026214
1563,0.026396
1564,0.026416
1565,0.026448
1566,0.026534
1567,0.026151
1568,0.026617
1569,0.026330
1570,0.026594
1571,0.026305
1572,0.026490
1573,0.026407
1574,0.026387
1575,0.026531
1576,0.026375
1577,0.026604
1578,0.026477
1579,0.026326
1580,0.026647
1581,0.026325
1582,0.026356
1583,0.026491
1584,0.026528
1585,0.026499
1586,0.026298
1587,0.026666
1588,0.026505
1589,0.026421
1590,0.026499
1591,0.026254
1592,0.026594
1593,0.026399
1594,0.026261
1595,0.026315
1596,0.026188
1597,0.026343
1598,0.026491
1599,0.026563
1600,0.026444
1601,0.026365
1602,0.026471
1603,0.026512
1604,0.026553
1605,0.026449
1606,0.026481
1607,0.026571
1608,0.026384
1609,0.026499
1610,0.026232
1611,0.026492
1612,0.026686
1613,0.026402
1614,0.026516
1615,0.026517
1616,0.026738
1617,0.026693
1618,0.026154
1619,0.026730
1620,0.026268
1621,0.026273
1622,0.026530
1623,0.026440
1624,0.026483
1625,0.026513
1626,0.026335
1627,0.026245
1628,0.026238
1629,0.026580
1630,0.026339
1631,0.026576
1632,0.026377
1633,0.026637
1634,0.026389
1635,0.026458
1636,0.026566
1637,0.026542
1638,0.026613
1639,0.026424
1640,0.026430
1641,0.026535
1642,0.026332
1643,0.026592
1644,0.026301
1645,0.026544
1646,0.026617
1647,0.026415
1648,0.026517
1649,0.026490
1650,0.026611
1651,0.026418
1652,0.026386
1653,0.026361
1654,0.026492
1655,0.026601
1656,0.026518
1657,0.026588
1658,0.026687
1659,0.026365
1660,0.026532
1661,0.026556
1662,0.026383
1663,0.026427
1664,0.026571
1665,0.026359
1666,0.026254
1667,0.026230
1668,0.026193
1669,0.026298
1670,0.026146
1671,0.026252
1672,0.026251
1673,0.026334
1674,0.026398
1675,0.026112
1676,0.026229
1677,0.026364
1678,0.026243
1679,0.026207
1680,0.052281
1681,0.052152
1682,0.052112
1683,0.026064
1684,0.026285
1685,0.026213
1686,0.026273
1687,0.026252
1688,0.026161
1689,0.026289
1690,0.052156
1691,0.026399
1692,0.026101
1693,0.026334
1694,0.026315
1695,0.026282
1696,0.026392
1697,0.026348
1698,0.026115
1699,0.026396
1700,0.026263
1701,0.026442
1702,0.026280
1703,0.026279
1704,0.026233
1705,0.026245
1706,0.026217
1707,0.026368
1708,0.026208
1709,0.026299
1710,0.026395
1711,0.026278
1712,0.026233
1713,0.026238
1714,0.026121
1715,0.026273
1716,0.026303
1717,0.026312
1718,0.026200
1719,0.026160
1720,0.026233
1721,0.026246
1722,0.026177
1723,0.026172
1724,0.026212
1725,0.026297
1726,0.026180
1727,0.026114
1728,0.026248
1729,0.026314
1730,0.026264
1731,0.026202
1732,0.026269
1733,0.026323
1734,0.026233
1735,0.026278
1736,0.026241
1737,0.026259
1738,0.026340
1739,0.026218
1740,0.026161
1741,0.026273
1742,0.026189
1743,0.026327
1744,0.026224
1745,0.026352
1746,0.026187
1747,0.026221
1748,0.026155
1749,0.026363
1750,0.026318
1751,0.026249
1752,0.026229
1753,0.026427
1754,0.026160
1755,0.026167
1756,0.026126
1757,0.026303
1758,0.026118
1759,0.026260
1760,0.026135
1761,0.026316
1762,0.026162
1763,0.026214
1764,0.026182
1765,0.026331
1766,0.026193
1767,0.026193
1768,0.026317
1769,0.052240
1770,0.026207
1771,0.026160
1772,0.026307
1773,0.052209
1774,0.026190
1775,0.026352
1776,0.026302
1777,0.026348
1778,0.026228
1779,0.026254
1780,0.026273
1781,0.026255
1782,0.026196
1783,0.026345
1784,0.052096
1785,0.026365
1786,0.026275
1787,0.026312
1788,0.052255
1789,0.026462
1790,0.026210
1791,0.026172
1792,0.026220
1793,0.026262
1794,0.052199
1795,0.026289
1796,0.026148
1797,0.026494
1798,0.026241
1799,0.026165
1800,0.026403
1801,0.026292
1802,0.026331
1803,0.026266
1804,0.052287
1805,0.052208
1806,0.026184
1807,0.026133
1808,0.026142
1809,0.026413
1810,0.026223
1811,0.026230
1812,0.026156
1813,0.026251
1814,0.026243
1815,0.026180
1816,0.026265
1817,0.026165
1818,0.026187
1819,0.026262
1820,0.026548
1821,0.026085
1822,0.052200
1823,0.052008
1824,0.026256
1825,0.052114
1826,0.052224
1827,0.052335
1828,0.026058
1829,0.078345
1830,0.078141
1831,0.078265
1832,0.078223
1833,0.078225
1834,0.052362
1835,0.052268
1836,0.052294
1837,0.052249
1838,0.052120
1839,0.052167
1840,0.052196
1841,0.052122
1842,0.052222
1843,0.052152
1844,0.026185
1845,0.026185
1846,0.026159
1847,0.026249
1848,0.026172
1849,0.026253
1850,0.026239
1851,0.026141
1852,0.026196
1853,0.026218
1854,0.026311
1855,0.026331
1856,0.026285
1857,0.026314
1858,0.026281
1859,0.026070
1860,0.026205
1861,0.026249
1862,0.026143
1863,0.026285
1864,0.026167
1865,0.026234
1866,0.026117
1867,0.026121
1868,0.026288
1869,0.026157
1870,0.026343
1871,0.026237
1872,0.026183
1873,0.026365
1874,0.026254
1875,0.026282
1876,0.026363
1877,0.026235
1878,0.026299
1879,0.026194
1880,0.026456
1881,0.026252
1882,0.026276
1883,0.026216
1884,0.026319
1885,0.026269
1886,0.026287
1887,0.026128
1888,0.026275
1889,0.026401
1890,0.026144
1891,0.026233
1892,0.026233
1893,0.026330
1894,0.026285
1895,0.026243
1896,0.026246
1897,0.026429
1898,0.026170
1899,0.026175
1900,0.026379
1901,0.026287
1902,0.026272
1903,0.026195
1904,0.026151
# total_episodes=1904, avg_seconds=0.033307
