# episode_index, seconds
1,0.003507
2,0.003021
3,0.003890
4,0.003852
5,0.003914
6,0.004029
7,0.003400
8,0.003258
9,0.003259
10,0.003812
11,0.003231
12,0.002819
13,0.004089
14,0.003844
15,0.003266
16,0.003256
17,0.003254
18,0.003214
19,0.003819
20,0.107996
21,0.104314
22,0.130723
23,0.105227
24,0.079359
25,0.104689
26,0.078893
27,0.078596
28,0.078734
29,0.105303
30,0.078851
31,0.104677
32,0.105032
33,0.078360
34,0.104938
35,0.131076
36,0.078384
37,0.104928
38,0.104686
39,0.104750
40,0.078752
41,0.105355
42,0.078572
43,0.104903
44,0.131375
45,0.131418
46,0.131586
47,0.105251
48,0.105198
49,0.105375
50,0.105331
51,0.105236
52,0.079101
53,0.104929
54,0.105046
55,0.107239
56,0.105252
57,0.078784
58,0.078686
59,0.104900
60,0.105317
61,0.105094
62,0.078844
63,0.105143
64,0.079226
65,0.105093
66,0.105669
67,0.105515
68,0.079053
69,0.078665
70,0.105211
71,0.105310
72,0.105243
73,0.079241
74,0.078810
75,0.078602
76,0.078840
77,0.079190
78,0.078719
79,0.078494
80,0.078869
81,0.079270
82,0.078759
83,0.078752
84,0.078713
85,0.079354
86,0.104734
87,0.078792
88,0.079143
89,0.079184
90,0.078792
91,0.104813
92,0.079153
93,0.078948
94,0.079228
95,0.105247
96,0.105150
97,0.105327
98,0.078703
99,0.078828
100,0.078987
101,0.079106
102,0.078664
103,0.078827
104,0.078353
105,0.078690
106,0.105034
107,0.078828
108,0.105048
109,0.078707
110,0.052744
111,0.078398
112,0.078330
113,0.078361
114,0.078181
115,0.104214
116,0.052313
117,0.104414
118,0.104299
119,0.130475
120,0.104507
121,0.104386
122,0.078705
123,0.104440
124,0.078437
125,0.078635
126,0.104581
127,0.104415
128,0.078576
129,0.078527
130,0.078287
131,0.078638
132,0.078445
133,0.078564
134,0.078430
135,0.078397
136,0.078349
137,0.078511
138,0.078560
139,0.078382
140,0.078253
141,0.104573
142,0.078270
143,0.078696
144,0.078342
145,0.104685
146,0.078344
147,0.078307
148,0.078328
149,0.078330
150,0.052241
151,0.078352
152,0.078229
153,0.078415
154,0.078283
155,0.078409
156,0.078544
157,0.078374
158,0.104704
159,0.078453
160,0.104474
161,0.104785
162,0.104666
163,0.104380
164,0.104735
165,0.104505
166,0.078337
167,0.105067
168,0.105060
169,0.105874
170,0.105106
171,0.105218
172,0.105038
173,0.105071
174,0.105287
175,0.105388
176,0.105192
177,0.105317
178,0.105377
179,0.079162
180,0.105093
181,0.104472
182,0.078507
183,0.078367
184,0.104334
185,0.104617
186,0.104216
187,0.104442
188,0.130587
189,0.104436
190,0.078449
191,0.078385
192,0.104304
193,0.078467
194,0.104484
195,0.104325
196,0.078453
197,0.104563
198,0.078386
199,0.078440
200,0.078381
201,0.104999
202,0.078579
203,0.052488
204,0.105447
205,0.104773
206,0.105435
207,0.079279
208,0.105145
209,0.079097
210,0.105056
211,0.079122
212,0.079316
213,0.078975
214,0.105254
215,0.079246
216,0.105430
217,0.105162
218,0.105246
219,0.104948
220,0.104891
221,0.105188
222,0.079102
223,0.105304
224,0.078530
225,0.078873
226,0.105085
227,0.105572
228,0.105351
229,0.105047
230,0.105401
231,0.078933
232,0.079066
233,0.079234
234,0.079048
235,0.079058
236,0.078799
237,0.052877
238,0.052865
239,0.053022
240,0.078431
241,0.052619
242,0.078334
243,0.079161
244,0.079022
245,0.079143
246,0.079155
247,0.078905
248,0.079299
249,0.079412
250,0.079106
251,0.105396
252,0.105218
253,0.079301
254,0.105430
255,0.105449
256,0.105130
257,0.105665
258,0.079113
259,0.104799
260,0.079364
261,0.078970
262,0.079936
263,0.105099
264,0.078771
265,0.078476
266,0.079242
267,0.079302
268,0.078861
269,0.079266
270,0.079190
271,0.105593
272,0.078902
273,0.079151
274,0.079204
275,0.079372
276,0.078968
277,0.079183
278,0.079006
279,0.079194
280,0.079108
281,0.078992
282,0.079039
283,0.052510
284,0.078954
285,0.079261
286,0.078851
287,0.078573
288,0.078825
289,0.079287
290,0.078952
291,0.078990
292,0.079112
293,0.078615
294,0.078292
295,0.078891
296,0.078672
297,0.079457
298,0.078904
299,0.079167
300,0.079118
301,0.079496
302,0.078738
303,0.079009
304,0.079146
305,0.079300
306,0.079052
307,0.078903
308,0.079236
309,0.078833
310,0.078647
311,0.078974
312,0.079011
313,0.079226
314,0.052800
315,0.052881
316,0.052915
317,0.078932
318,0.079290
319,0.079030
320,0.078713
321,0.078851
322,0.078872
323,0.079011
324,0.078509
325,0.105245
326,0.105449
327,0.105272
328,0.078744
329,0.079196
330,0.078619
331,0.079038
332,0.079119
333,0.105369
334,0.078685
335,0.078900
336,0.078858
337,0.079222
338,0.079169
339,0.078645
340,0.078984
341,0.079130
342,0.079341
343,0.079139
344,0.078637
345,0.078823
346,0.078904
347,0.078987
348,0.078534
349,0.079130
350,0.105409
351,0.052851
352,0.078953
353,0.079165
354,0.079232
355,0.078989
356,0.078909
357,0.079182
358,0.078810
359,0.078949
360,0.079437
361,0.079236
362,0.079205
363,0.079264
364,0.079150
365,0.079043
366,0.079063
367,0.078964
368,0.079158
369,0.079078
370,0.078410
371,0.079443
372,0.078701
373,0.079052
374,0.079266
375,0.053141
376,0.052814
377,0.079088
378,0.052767
379,0.079134
380,0.078817
381,0.052978
382,0.052656
383,0.079322
384,0.052782
385,0.052981
386,0.052777
387,0.078982
388,0.078835
389,0.079242
390,0.079452
391,0.078754
392,0.078937
393,0.079238
394,0.052558
395,0.079076
396,0.079138
397,0.078680
398,0.052834
399,0.079001
400,0.079201
401,0.079249
402,0.078977
403,0.079084
404,0.079560
405,0.079382
406,0.078681
407,0.078803
408,0.079480
409,0.078920
410,0.079274
411,0.078978
412,0.079348
413,0.079471
414,0.078899
415,0.078981
416,0.079226
417,0.079027
418,0.052946
419,0.078883
420,0.052941
421,0.079060
422,0.052740
423,0.078621
424,0.079041
425,0.053143
426,0.052826
427,0.052792
428,0.052647
429,0.079163
430,0.052844
431,0.079246
432,0.053050
433,0.053091
434,0.052807
435,0.052833
436,0.052703
437,0.053056
438,0.053162
439,0.052689
440,0.079342
441,0.052776
442,0.052770
443,0.079114
444,0.079177
445,0.079045
446,0.078774
447,0.079118
448,0.052846
449,0.079385
450,0.079114
451,0.078994
452,0.079043
453,0.079108
454,0.079426
455,0.079200
456,0.052640
457,0.079051
458,0.079441
459,0.079026
460,0.079046
461,0.078658
462,0.068539
463,0.052925
464,0.053113
465,0.052881
466,0.052777
467,0.052608
468,0.052775
469,0.052518
470,0.052495
471,0.052471
472,0.052688
473,0.052979
474,0.052553
475,0.052634
476,0.052354
477,0.078905
478,0.052854
479,0.052698
480,0.052874
481,0.052904
482,0.052682
483,0.052910
484,0.052756
485,0.052805
486,0.052603
487,0.052935
488,0.052701
489,0.052636
490,0.052854
491,0.052678
492,0.052880
493,0.052956
494,0.052907
495,0.052919
496,0.078657
497,0.052748
498,0.052993
499,0.079127
500,0.052825
501,0.052795
502,0.079087
503,0.079157
504,0.079132
505,0.078905
506,0.078869
507,0.053022
508,0.052947
509,0.079446
510,0.079525
511,0.079136
512,0.052660
513,0.078403
514,0.078782
515,0.078959
516,0.079131
517,0.079227
518,0.078852
519,0.079193
520,0.105452
521,0.105220
522,0.105647
523,0.078850
524,0.079284
525,0.079348
526,0.079112
527,0.079060
528,0.078975
529,0.052779
530,0.052902
531,0.052928
532,0.052567
533,0.052681
534,0.053039
535,0.052569
536,0.052722
537,0.052909
538,0.052760
539,0.052516
540,0.052895
541,0.052806
542,0.026530
543,0.026572
544,0.052966
545,0.026591
546,0.052899
547,0.026258
548,0.026269
549,0.052776
550,0.052924
551,0.026741
552,0.052494
553,0.052898
554,0.026813
555,0.053004
556,0.052559
557,0.052756
558,0.026650
559,0.052678
560,0.052944
561,0.052979
562,0.052553
563,0.052744
564,0.053124
565,0.052694
566,0.026692
567,0.052870
568,0.052721
569,0.053000
570,0.052710
571,0.052833
572,0.052757
573,0.078907
574,0.052732
575,0.052816
576,0.052677
577,0.079294
578,0.078811
579,0.079193
580,0.079358
581,0.052850
582,0.052883
583,0.079044
584,0.079374
585,0.079417
586,0.079047
587,0.052535
588,0.079057
589,0.052841
590,0.052599
591,0.078892
592,0.079226
593,0.052964
594,0.079283
595,0.052776
596,0.052945
597,0.052732
598,0.052916
599,0.052776
600,0.052535
601,0.052916
602,0.052971
603,0.052730
604,0.052670
605,0.052956
606,0.052297
607,0.052636
608,0.052978
609,0.052850
610,0.052456
611,0.052642
612,0.052663
613,0.052609
614,0.052583
615,0.052632
616,0.053043
617,0.026664
618,0.026563
619,0.052749
620,0.052929
621,0.053048
622,0.052883
623,0.052701
624,0.026577
625,0.026732
626,0.026411
627,0.052965
628,0.052809
629,0.026638
630,0.052820
631,0.053019
632,0.052930
633,0.026367
634,0.052926
635,0.052819
636,0.026551
637,0.026851
638,0.061435
639,0.053456
640,0.026528
641,0.053151
642,0.052943
643,0.052896
644,0.053236
645,0.052816
646,0.079480
647,0.052679
648,0.053174
649,0.053061
650,0.053076
651,0.052767
652,0.052668
653,0.052920
654,0.053147
655,0.053085
656,0.053103
657,0.053004
658,0.053071
659,0.052719
660,0.052968
661,0.052735
662,0.052995
663,0.052673
664,0.053039
665,0.053020
666,0.052786
667,0.052952
668,0.052820
669,0.052870
670,0.052781
671,0.052770
672,0.052972
673,0.079075
674,0.078915
675,0.079073
676,0.079233
677,0.079074
678,0.078972
679,0.079390
680,0.052871
681,0.052855
682,0.053011
683,0.052806
684,0.052839
685,0.052980
686,0.052528
687,0.052903
688,0.052585
689,0.053138
690,0.052689
691,0.052785
692,0.052552
693,0.052887
694,0.052614
695,0.052879
696,0.026452
697,0.026498
698,0.052846
699,0.026635
700,0.052932
701,0.026697
702,0.052586
703,0.052934
704,0.026484
705,0.052714
706,0.052989
707,0.052620
708,0.026521
709,0.052838
710,0.026363
711,0.026579
712,0.026360
713,0.026565
714,0.026183
715,0.053006
716,0.026510
717,0.026675
718,0.026577
719,0.026841
720,0.026742
721,0.026469
722,0.026517
723,0.026490
724,0.026721
725,0.026781
726,0.026512
727,0.026665
728,0.026466
729,0.026774
730,0.027438
731,0.026436
732,0.026828
733,0.026480
734,0.026650
735,0.026770
736,0.026400
737,0.026511
738,0.026587
739,0.026677
740,0.026394
741,0.026491
742,0.026574
743,0.026559
744,0.026663
745,0.026459
746,0.026482
747,0.026651
748,0.026336
749,0.026631
750,0.052504
751,0.026698
752,0.026376
753,0.028563
754,0.031848
755,0.026272
756,0.026273
757,0.026512
758,0.026449
759,0.026553
760,0.026277
761,0.026640
762,0.026461
763,0.026327
764,0.026696
765,0.026622
766,0.026422
767,0.026360
768,0.026420
769,0.026714
770,0.026401
771,0.026513
772,0.026213
773,0.026403
774,0.026452
775,0.026383
776,0.026728
777,0.026304
778,0.026578
779,0.026525
780,0.026367
781,0.026615
782,0.026411
783,0.026643
784,0.026505
785,0.026423
786,0.026586
787,0.026414
788,0.026610
789,0.026253
790,0.026337
791,0.026693
792,0.026331
793,0.026465
794,0.026417
795,0.026609
796,0.026486
797,0.026562
798,0.026258
799,0.026137
800,0.026565
801,0.026511
802,0.026222
803,0.026642
804,0.026415
805,0.026776
806,0.026396
807,0.026442
808,0.026679
809,0.026379
810,0.026411
811,0.026403
812,0.026620
813,0.026451
814,0.026397
815,0.026553
816,0.026197
817,0.026584
818,0.026302
819,0.026217
820,0.026267
821,0.026192
822,0.026254
823,0.026356
824,0.026131
825,0.026336
826,0.026158
827,0.026200
828,0.026422
829,0.026423
830,0.026251
831,0.026331
832,0.026245
833,0.026364
834,0.026264
835,0.026226
836,0.026149
837,0.026304
838,0.026188
839,0.026262
840,0.026228
841,0.026360
842,0.026178
843,0.026218
844,0.026167
845,0.026286
846,0.026247
847,0.026198
848,0.026125
849,0.026199
850,0.026255
851,0.026261
852,0.026269
853,0.026272
854,0.026291
855,0.026244
856,0.026215
857,0.026376
858,0.026282
859,0.026218
860,0.026289
861,0.026284
862,0.026043
863,0.026131
864,0.026223
865,0.026320
866,0.026173
867,0.052360
868,0.026291
869,0.026359
870,0.026231
871,0.026252
872,0.026179
873,0.026126
874,0.026257
875,0.026261
876,0.026202
877,0.026333
878,0.026228
879,0.052076
880,0.026299
881,0.026451
882,0.026291
883,0.052047
884,0.052275
885,0.052029
886,0.052142
887,0.052092
888,0.052310
889,0.052452
890,0.052240
891,0.052271
892,0.052412
893,0.052234
894,0.078166
895,0.078187
896,0.078407
897,0.078457
898,0.078331
899,0.078174
900,0.078364
901,0.078340
902,0.077918
903,0.078131
904,0.078076
905,0.052261
906,0.058820
907,0.058977
908,0.052619
909,0.052541
910,0.052683
911,0.052764
912,0.052650
913,0.052841
914,0.052859
915,0.052668
916,0.052957
917,0.053065
918,0.052715
919,0.052924
920,0.052678
921,0.052370
922,0.052841
923,0.052744
924,0.052688
925,0.052795
926,0.052952
927,0.052535
928,0.052700
929,0.052826
930,0.052604
931,0.078697
932,0.052667
933,0.052958
934,0.052885
935,0.052566
936,0.052448
937,0.052846
938,0.052800
939,0.026627
940,0.026409
941,0.026642
942,0.026476
943,0.026370
944,0.026483
945,0.026558
946,0.026450
947,0.026741
948,0.026443
949,0.026622
950,0.026229
951,0.026546
952,0.026653
953,0.026557
954,0.026679
955,0.026470
956,0.026650
957,0.026752
958,0.026368
959,0.026467
960,0.026455
961,0.026912
962,0.026648
963,0.026526
964,0.026621
965,0.026435
966,0.026707
967,0.026467
968,0.026382
969,0.026524
970,0.026527
971,0.026428
972,0.026455
973,0.026600
974,0.026726
975,0.026340
976,0.026419
977,0.026410
978,0.026652
979,0.026522
980,0.026432
981,0.026902
982,0.026454
983,0.026474
984,0.026726
985,0.026402
986,0.026497
987,0.026351
988,0.026664
989,0.026460
990,0.026404
991,0.026414
992,0.026559
993,0.026646
994,0.026534
995,0.026393
996,0.026897
997,0.026341
998,0.026756
999,0.026380
1000,0.026557
1001,0.026705
1002,0.026481
1003,0.026469
1004,0.026358
1005,0.026517
1006,0.026628
1007,0.026326
1008,0.026721
1009,0.026538
1010,0.026626
1011,0.026218
1012,0.026422
1013,0.026809
1014,0.026427
1015,0.026549
1016,0.026598
1017,0.026650
1018,0.026571
1019,0.026536
1020,0.026692
1021,0.026576
1022,0.026469
1023,0.026676
1024,0.026455
1025,0.026714
1026,0.026477
1027,0.026254
1028,0.026623
1029,0.026646
1030,0.026699
1031,0.026568
1032,0.026523
1033,0.026912
1034,0.026530
1035,0.026691
1036,0.026425
1037,0.026559
1038,0.026517
1039,0.026757
1040,0.026775
1041,0.026678
1042,0.026544
1043,0.026539
1044,0.026452
1045,0.026613
1046,0.026494
1047,0.026682
1048,0.026683
1049,0.026508
1050,0.026730
1051,0.026666
1052,0.026734
1053,0.026864
1054,0.026463
1055,0.026505
1056,0.026513
1057,0.026689
1058,0.026479
1059,0.026669
1060,0.026887
1061,0.026567
1062,0.027608
1063,0.026637
1064,0.026417
1065,0.026723
1066,0.026405
1067,0.026749
1068,0.026676
1069,0.026539
1070,0.026546
1071,0.026348
1072,0.026582
1073,0.026777
1074,0.026448
1075,0.026705
1076,0.026371
1077,0.026321
1078,0.026439
1079,0.026506
1080,0.026631
1081,0.026401
1082,0.026512
1083,0.026456
1084,0.026516
1085,0.026867
1086,0.026511
1087,0.026592
1088,0.026407
1089,0.026506
1090,0.026675
1091,0.026425
1092,0.026647
1093,0.026606
1094,0.026686
1095,0.026636
1096,0.026594
1097,0.026733
1098,0.026649
1099,0.026739
1100,0.026897
1101,0.026425
1102,0.026505
1103,0.026478
1104,0.026770
1105,0.026588
# total_episodes=1105, avg_seconds=0.057292
