# episode_index, seconds
1,0.003460
2,0.002334
3,0.002513
4,0.003233
5,0.002252
6,0.003589
7,0.003072
8,0.003046
9,0.003044
10,0.002988
11,0.003589
12,0.003055
13,0.003096
14,0.003004
15,0.003578
16,0.003007
17,0.003048
18,0.004002
19,0.002036
20,0.002504
21,0.003055
22,0.109215
23,0.079631
24,0.104328
25,0.078352
26,0.078571
27,0.052526
28,0.078950
29,0.052476
30,0.052552
31,0.052651
32,0.026331
33,0.052442
34,0.052364
35,0.052352
36,0.052395
37,0.026225
38,0.078531
39,0.052206
40,0.052241
41,0.078791
42,0.026434
43,0.052205
44,0.078525
45,0.052371
46,0.052405
47,0.052427
48,0.052372
49,0.104525
50,0.052291
51,0.026236
52,0.026091
53,0.052161
54,0.026173
55,0.077986
56,0.026155
57,0.026353
58,0.078183
59,0.078129
60,0.051994
61,0.077953
62,0.052075
63,0.052256
64,0.026234
65,0.026265
66,0.077896
67,0.078043
68,0.103869
69,0.052284
70,0.052071
71,0.026166
72,0.052296
73,0.052119
74,0.026200
75,0.026136
76,0.026178
77,0.052209
78,0.052092
79,0.026178
80,0.026228
81,0.026234
82,0.026203
83,0.026073
84,0.026296
85,0.026276
86,0.026191
87,0.026230
88,0.026232
89,0.026192
90,0.026139
91,0.026158
92,0.052385
93,0.052397
94,0.026161
95,0.052181
96,0.026255
97,0.026319
98,0.026328
99,0.026262
100,0.026203
101,0.026280
102,0.026089
103,0.026250
104,0.026190
105,0.026157
106,0.078030
107,0.026159
108,0.026256
109,0.026322
110,0.026298
111,0.026160
112,0.026100
113,0.026147
114,0.026206
115,0.026256
116,0.026244
117,0.026242
118,0.026224
119,0.052190
120,0.026186
121,0.026159
122,0.026214
123,0.026244
124,0.026302
125,0.026290
126,0.026133
127,0.026189
128,0.026214
129,0.026314
130,0.026212
131,0.026346
132,0.026258
133,0.026370
134,0.026262
135,0.026234
136,0.026270
137,0.026282
138,0.052014
139,0.026286
140,0.026271
141,0.026319
142,0.026218
143,0.026076
144,0.026245
145,0.026365
146,0.026219
147,0.026796
148,0.027655
149,0.026407
150,0.026249
151,0.052130
152,0.026150
153,0.026396
154,0.026264
155,0.026285
156,0.026279
157,0.026290
158,0.026028
159,0.026234
160,0.026260
161,0.026432
162,0.026204
163,0.026091
164,0.026236
165,0.026277
166,0.026205
167,0.026248
168,0.026238
169,0.026319
170,0.026248
171,0.026248
172,0.026234
173,0.026147
174,0.026300
175,0.026463
176,0.026305
177,0.026525
178,0.026266
179,0.026645
180,0.026203
181,0.026526
182,0.026460
183,0.026410
184,0.026374
185,0.026399
186,0.026719
187,0.026490
188,0.026278
189,0.026651
190,0.026257
191,0.026463
192,0.026248
193,0.026472
194,0.026421
195,0.026401
196,0.026613
197,0.026330
198,0.026412
199,0.026357
200,0.026375
201,0.026429
202,0.026038
203,0.026689
204,0.052500
205,0.026514
206,0.026306
207,0.026145
208,0.026251
209,0.026149
210,0.026272
211,0.026185
212,0.052163
213,0.026113
214,0.078138
215,0.052203
216,0.052103
217,0.052287
218,0.051983
219,0.052289
220,0.052115
221,0.052186
222,0.052305
223,0.078017
224,0.068456
225,0.052078
226,0.052049
227,0.052053
228,0.052106
229,0.052249
230,0.078065
231,0.051995
232,0.078225
233,0.026227
234,0.052199
235,0.052178
236,0.026201
237,0.026206
238,0.026061
239,0.026330
240,0.026198
241,0.026270
242,0.026167
243,0.026293
244,0.026226
245,0.052154
246,0.026340
247,0.026306
248,0.026167
249,0.052355
250,0.052066
251,0.026098
252,0.026220
253,0.026298
254,0.026243
255,0.052277
256,0.052144
257,0.052084
258,0.026110
259,0.026308
260,0.026178
261,0.026139
262,0.051987
263,0.026228
264,0.026154
265,0.026315
266,0.026170
267,0.026176
268,0.026102
269,0.026261
270,0.026240
271,0.026124
272,0.026117
273,0.026266
274,0.026155
275,0.026110
276,0.026031
277,0.026244
278,0.026260
279,0.026124
280,0.026282
281,0.026276
282,0.026171
283,0.026212
284,0.026222
285,0.026362
286,0.026214
287,0.026103
288,0.026341
289,0.026123
290,0.026211
291,0.026209
292,0.026164
293,0.026308
294,0.026195
295,0.026064
296,0.026043
297,0.052163
298,0.026216
299,0.026077
300,0.026252
301,0.026287
302,0.026272
303,0.026209
304,0.026137
305,0.026133
306,0.026268
307,0.026182
308,0.026128
309,0.026077
310,0.026231
311,0.026234
312,0.026228
313,0.026135
314,0.026144
315,0.026189
316,0.026089
317,0.026160
318,0.026242
319,0.026135
320,0.026147
321,0.026223
322,0.026297
323,0.026198
324,0.026166
325,0.026168
326,0.026288
327,0.026130
328,0.026211
329,0.026118
330,0.026341
331,0.026218
332,0.026170
333,0.026199
334,0.026288
335,0.026247
336,0.026225
337,0.026172
338,0.026257
339,0.026325
340,0.026276
341,0.026192
342,0.026165
343,0.026019
344,0.026092
345,0.026214
346,0.026217
347,0.026139
348,0.026040
349,0.052067
350,0.026119
351,0.026198
352,0.026268
353,0.026209
354,0.026177
355,0.051989
356,0.026149
357,0.026209
358,0.052037
359,0.052519
360,0.026227
361,0.026399
362,0.026496
363,0.052595
364,0.078625
365,0.078508
366,0.052632
367,0.078528
368,0.052370
369,0.052734
370,0.052881
371,0.026361
372,0.026658
373,0.026244
374,0.026377
375,0.026114
376,0.026140
377,0.026517
378,0.032216
379,0.027120
380,0.026520
381,0.026479
382,0.026229
383,0.026251
384,0.026366
385,0.026544
386,0.026446
387,0.026503
388,0.026453
389,0.026298
390,0.026452
391,0.026142
392,0.026414
393,0.026361
394,0.026313
395,0.052287
396,0.026523
397,0.026138
398,0.026371
399,0.026254
400,0.026530
401,0.026461
402,0.026336
403,0.026554
404,0.026123
405,0.026301
406,0.026180
407,0.026343
408,0.026329
409,0.052610
410,0.026383
411,0.052433
412,0.026176
413,0.052520
414,0.026282
415,0.026390
416,0.026526
417,0.052464
418,0.026447
419,0.026247
420,0.026481
421,0.026291
422,0.026325
423,0.026464
424,0.026171
425,0.026671
426,0.026190
427,0.026271
428,0.026427
429,0.026293
430,0.026455
431,0.026467
432,0.026548
433,0.026324
434,0.026340
435,0.026474
436,0.026126
437,0.026554
438,0.026105
439,0.026431
440,0.052437
441,0.026433
442,0.026179
443,0.026385
444,0.026144
445,0.026483
446,0.026326
447,0.052604
448,0.026258
449,0.026772
450,0.052243
451,0.026143
452,0.026230
453,0.052341
454,0.026323
455,0.052375
456,0.026593
457,0.026357
458,0.026548
459,0.026277
460,0.026115
461,0.026394
462,0.052705
463,0.026371
464,0.052670
465,0.052520
466,0.026341
467,0.052478
468,0.026313
469,0.052220
470,0.026642
471,0.026503
472,0.026397
473,0.052436
474,0.026359
475,0.026396
476,0.026625
477,0.026460
478,0.026317
479,0.026357
480,0.026299
481,0.026597
482,0.026366
483,0.026578
484,0.026341
485,0.026576
486,0.026277
487,0.026334
488,0.026510
489,0.026302
490,0.026138
491,0.026242
492,0.026349
493,0.026586
494,0.026345
495,0.026823
496,0.026360
497,0.026589
498,0.026353
499,0.026327
500,0.026487
501,0.026252
502,0.026365
503,0.026420
504,0.026428
505,0.026523
506,0.026190
507,0.026280
508,0.026321
509,0.026469
510,0.026350
511,0.026388
512,0.026574
513,0.026230
514,0.026349
515,0.026301
516,0.026347
517,0.026571
518,0.026318
519,0.026337
520,0.026397
521,0.026688
522,0.026464
523,0.026422
524,0.026508
525,0.026091
526,0.026308
527,0.026420
528,0.026487
529,0.026543
530,0.026194
531,0.026306
532,0.026300
533,0.026592
534,0.026357
535,0.026360
536,0.026530
537,0.026239
538,0.026314
539,0.026158
540,0.026311
541,0.026454
542,0.026308
543,0.026503
544,0.026193
545,0.026449
546,0.026267
547,0.026352
548,0.026451
549,0.026463
550,0.026443
551,0.026303
552,0.026365
553,0.026600
554,0.026324
555,0.026568
556,0.026437
557,0.026580
558,0.026254
559,0.026311
560,0.026470
561,0.026334
562,0.026393
563,0.026160
564,0.026289
565,0.026497
566,0.026356
567,0.026445
568,0.026067
569,0.026342
570,0.026485
571,0.026302
572,0.026537
573,0.026389
574,0.026419
575,0.026339
576,0.026290
577,0.026524
578,0.026316
579,0.026652
580,0.026171
581,0.026327
582,0.026340
583,0.026272
584,0.026516
585,0.026347
586,0.026539
587,0.026308
588,0.026427
589,0.026641
590,0.026416
591,0.026491
592,0.026249
593,0.026665
594,0.026212
595,0.026344
596,0.026565
597,0.026369
598,0.026365
599,0.026147
600,0.026166
601,0.026668
602,0.026381
603,0.026517
604,0.026331
605,0.026557
606,0.026343
607,0.026217
608,0.026456
609,0.026362
610,0.026491
611,0.026168
612,0.026380
613,0.026487
614,0.026371
615,0.026560
616,0.026311
617,0.026451
618,0.026422
619,0.026300
620,0.104656
621,0.026626
622,0.104611
623,0.078746
624,0.078664
625,0.078412
626,0.078591
627,0.078750
628,0.052412
629,0.052687
630,0.026581
631,0.026312
632,0.026341
633,0.026381
634,0.026452
635,0.026493
636,0.026214
637,0.026576
638,0.026382
639,0.026363
640,0.026543
641,0.026461
642,0.026472
643,0.026196
644,0.026183
645,0.026275
646,0.026373
647,0.026644
648,0.026488
649,0.026427
650,0.026315
651,0.026278
652,0.052467
653,0.052728
654,0.052532
655,0.026301
656,0.026510
657,0.026449
658,0.052559
659,0.026457
660,0.026399
661,0.052725
662,0.026144
663,0.052327
664,0.052366
665,0.026312
666,0.052361
667,0.052386
668,0.052040
669,0.052547
670,0.078380
671,0.052507
672,0.078791
673,0.078594
674,0.078526
675,0.078538
676,0.104743
677,0.104860
678,0.104893
679,0.078517
680,0.104652
681,0.104516
682,0.106973
683,0.104771
684,0.104819
685,0.105039
686,0.104535
687,0.104934
688,0.078393
689,0.078907
690,0.078384
691,0.078647
692,0.052430
693,0.052267
694,0.052715
695,0.078468
696,0.078751
697,0.078987
698,0.052521
699,0.052532
700,0.052304
701,0.052481
702,0.052541
703,0.052464
704,0.052193
705,0.078438
706,0.052566
707,0.052359
708,0.052228
709,0.078881
710,0.052458
711,0.078577
712,0.077903
713,0.078026
714,0.078088
715,0.052280
716,0.078389
717,0.078145
718,0.078037
719,0.104045
720,0.078009
721,0.078149
722,0.077844
723,0.077948
724,0.078208
725,0.078000
726,0.052404
727,0.077876
728,0.078400
729,0.078551
730,0.078918
731,0.052389
732,0.078282
733,0.078868
734,0.078456
735,0.078411
736,0.052493
737,0.052548
738,0.052712
739,0.078417
740,0.078753
741,0.079201
742,0.052719
743,0.078739
744,0.052836
745,0.026542
746,0.052826
747,0.026619
748,0.026645
749,0.026355
750,0.026348
751,0.026523
752,0.026181
753,0.026579
754,0.026162
755,0.026351
756,0.026344
757,0.026431
758,0.026627
759,0.026223
760,0.026692
761,0.026311
762,0.026275
763,0.026514
764,0.027818
765,0.026497
766,0.026126
767,0.026294
768,0.052607
769,0.026638
770,0.026226
771,0.026217
772,0.026344
773,0.026416
774,0.026649
775,0.026293
776,0.026573
777,0.026486
778,0.052749
779,0.026451
780,0.026479
781,0.026492
782,0.026568
783,0.026538
784,0.026354
785,0.026559
786,0.025997
787,0.026262
788,0.026169
789,0.026412
790,0.026425
791,0.026393
792,0.026538
793,0.026462
794,0.026420
795,0.026350
796,0.026309
797,0.026544
798,0.026226
799,0.026428
800,0.026122
801,0.052279
802,0.026239
803,0.026454
804,0.052197
805,0.026243
806,0.026302
807,0.026515
808,0.026355
809,0.026504
810,0.052175
811,0.026294
812,0.026225
813,0.026560
814,0.026262
815,0.026443
816,0.026376
817,0.026629
818,0.026132
819,0.026320
820,0.026447
821,0.026293
822,0.026598
823,0.026276
824,0.026175
825,0.026476
826,0.026263
827,0.026362
828,0.026401
829,0.026568
830,0.026384
831,0.026346
832,0.026560
833,0.026479
834,0.026525
835,0.026413
836,0.026380
837,0.026431
838,0.026421
839,0.026546
840,0.026443
841,0.026347
842,0.026480
843,0.026279
844,0.026498
845,0.026168
846,0.026207
847,0.026329
848,0.026287
849,0.026517
850,0.026430
851,0.052716
852,0.026577
853,0.026567
854,0.026434
855,0.052622
856,0.026353
857,0.026514
858,0.026267
859,0.026650
860,0.026301
861,0.026514
862,0.026190
863,0.052179
864,0.026466
865,0.026516
866,0.026266
867,0.052765
868,0.026191
869,0.026523
870,0.052411
871,0.052356
872,0.052527
873,0.052761
874,0.052716
875,0.026499
876,0.052384
877,0.052468
878,0.026402
879,0.052261
880,0.026598
881,0.052891
882,0.026506
883,0.026607
884,0.026244
885,0.026402
886,0.026552
887,0.026256
888,0.026396
889,0.026311
890,0.026418
891,0.026476
892,0.026342
893,0.026461
894,0.026373
895,0.026563
896,0.026333
897,0.026358
898,0.026617
899,0.026317
900,0.026515
901,0.026559
902,0.026425
903,0.052577
904,0.026644
905,0.026525
906,0.026367
907,0.052497
908,0.052221
909,0.052378
910,0.026304
911,0.052575
912,0.026567
913,0.052644
914,0.052659
915,0.052666
916,0.052652
917,0.052736
918,0.052487
919,0.052481
920,0.052476
921,0.052571
922,0.052478
923,0.052691
924,0.052723
925,0.052391
926,0.052256
927,0.052277
928,0.052564
929,0.052673
930,0.052455
931,0.026386
932,0.052659
933,0.026666
934,0.052452
935,0.026526
936,0.026186
937,0.026657
938,0.026275
939,0.026349
940,0.026358
941,0.026485
942,0.026724
943,0.026374
944,0.026398
945,0.026307
946,0.026279
947,0.026503
948,0.026329
949,0.026698
950,0.026372
951,0.026545
952,0.026292
953,0.026536
954,0.026548
955,0.026200
956,0.026583
957,0.026457
958,0.026258
959,0.026650
960,0.026305
961,0.026831
962,0.026415
963,0.026327
964,0.026417
965,0.026437
966,0.026685
967,0.026418
968,0.026522
969,0.026355
970,0.026318
971,0.026461
972,0.026357
973,0.026431
974,0.026450
975,0.026439
976,0.026576
977,0.026474
978,0.026580
979,0.026392
980,0.026630
981,0.026704
982,0.026425
983,0.026461
984,0.026348
985,0.026528
986,0.026402
987,0.026603
988,0.026634
989,0.026411
990,0.026617
991,0.026465
992,0.026492
993,0.026580
994,0.026362
995,0.026505
996,0.026237
997,0.026365
998,0.026590
999,0.026382
1000,0.026720
1001,0.026486
1002,0.026639
1003,0.026344
1004,0.026412
1005,0.026408
1006,0.026204
1007,0.026713
1008,0.026454
1009,0.026432
1010,0.026554
1011,0.026537
1012,0.026561
1013,0.026313
1014,0.026384
1015,0.026653
1016,0.026341
1017,0.026386
1018,0.026486
1019,0.026792
1020,0.026423
1021,0.026434
1022,0.026423
1023,0.026336
1024,0.026724
1025,0.026546
1026,0.026353
1027,0.026522
1028,0.026328
1029,0.026661
1030,0.026145
1031,0.026306
1032,0.026548
1033,0.052821
1034,0.026195
1035,0.026239
1036,0.026559
1037,0.026508
1038,0.052682
1039,0.026530
1040,0.026253
1041,0.026612
1042,0.052779
1043,0.052505
1044,0.052393
1045,0.026544
1046,0.052734
1047,0.052520
1048,0.078955
1049,0.078847
1050,0.078950
1051,0.078796
1052,0.105134
1053,0.079005
1054,0.078909
1055,0.052706
1056,0.078806
1057,0.052663
1058,0.079183
1059,0.052408
1060,0.052348
1061,0.052740
1062,0.052721
1063,0.052501
1064,0.026296
1065,0.026543
1066,0.026307
1067,0.052280
1068,0.026395
1069,0.026443
1070,0.026515
1071,0.026542
1072,0.026634
1073,0.026382
1074,0.026618
1075,0.026402
1076,0.026494
1077,0.026265
1078,0.026322
1079,0.026723
1080,0.026317
1081,0.026553
1082,0.026386
1083,0.026546
1084,0.026500
1085,0.026528
1086,0.026562
1087,0.026394
1088,0.026343
1089,0.026420
1090,0.026430
1091,0.026501
1092,0.026341
1093,0.026529
1094,0.026382
1095,0.026364
1096,0.026540
1097,0.026564
1098,0.026534
1099,0.026492
1100,0.026651
1101,0.026324
1102,0.026400
1103,0.026512
1104,0.026539
1105,0.026495
1106,0.026444
1107,0.026475
1108,0.026574
1109,0.026514
1110,0.026512
1111,0.026251
1112,0.026386
1113,0.026660
1114,0.026339
1115,0.026546
1116,0.026503
1117,0.026726
1118,0.026285
1119,0.026437
1120,0.026595
1121,0.026481
1122,0.026318
1123,0.026594
1124,0.026428
1125,0.026717
1126,0.026394
1127,0.026885
1128,0.026445
1129,0.026583
1130,0.026569
1131,0.026468
1132,0.026528
1133,0.026350
1134,0.026416
1135,0.026695
1136,0.026401
1137,0.026495
1138,0.026433
1139,0.026594
1140,0.026430
1141,0.026559
1142,0.026706
1143,0.026351
1144,0.026360
1145,0.026486
1146,0.026502
1147,0.026676
1148,0.026422
1149,0.026621
1150,0.026444
1151,0.026302
1152,0.026437
1153,0.026482
1154,0.026649
1155,0.026417
1156,0.026662
1157,0.026604
1158,0.026362
1159,0.026622
1160,0.026474
1161,0.026738
1162,0.026436
1163,0.026381
1164,0.026430
1165,0.026514
1166,0.026521
1167,0.026513
1168,0.026432
1169,0.026721
1170,0.026403
1171,0.026478
1172,0.026284
1173,0.026409
1174,0.026565
1175,0.026348
1176,0.026406
1177,0.026514
1178,0.026586
1179,0.026440
1180,0.026394
1181,0.026479
1182,0.026409
1183,0.026530
1184,0.026437
1185,0.026363
1186,0.026601
1187,0.026366
1188,0.026527
1189,0.026487
1190,0.026336
1191,0.026511
1192,0.026333
1193,0.026597
1194,0.026384
1195,0.026633
1196,0.026294
1197,0.026475
1198,0.026534
1199,0.026118
1200,0.026457
1201,0.026334
1202,0.026501
1203,0.026518
1204,0.026462
1205,0.026720
1206,0.026484
1207,0.026507
1208,0.026612
1209,0.026486
1210,0.026509
1211,0.026408
1212,0.026658
1213,0.026503
1214,0.026397
1215,0.026430
1216,0.026451
1217,0.026586
1218,0.026506
1219,0.026409
1220,0.026647
1221,0.026423
1222,0.026566
1223,0.026224
1224,0.026393
1225,0.026590
1226,0.026441
1227,0.026476
1228,0.026503
1229,0.026685
1230,0.026315
1231,0.052815
1232,0.052439
1233,0.026516
1234,0.026401
1235,0.026685
1236,0.026410
1237,0.026727
1238,0.026433
1239,0.026361
1240,0.026586
1241,0.026423
1242,0.026506
1243,0.026158
1244,0.026447
1245,0.026428
1246,0.026379
1247,0.026556
1248,0.026490
1249,0.026384
1250,0.026215
1251,0.052677
1252,0.040703
1253,0.054040
1254,0.052408
1255,0.052872
1256,0.026401
1257,0.026511
1258,0.026427
1259,0.026664
1260,0.026500
1261,0.026474
1262,0.026448
1263,0.026242
1264,0.026670
1265,0.026520
1266,0.052869
1267,0.026478
1268,0.026574
1269,0.026493
1270,0.026367
1271,0.026593
1272,0.026423
1273,0.052712
1274,0.026584
1275,0.026370
1276,0.052912
1277,0.026331
1278,0.052918
1279,0.026451
1280,0.052813
1281,0.052972
1282,0.052577
1283,0.052776
1284,0.052833
1285,0.052580
1286,0.052923
1287,0.079238
1288,0.052474
1289,0.079003
1290,0.052644
1291,0.052823
1292,0.078493
1293,0.026362
1294,0.026438
1295,0.026609
1296,0.026470
1297,0.026614
1298,0.026236
1299,0.026311
1300,0.026549
1301,0.026456
1302,0.026444
1303,0.026487
1304,0.026657
1305,0.026461
1306,0.026381
1307,0.026548
1308,0.026465
1309,0.026656
1310,0.026452
1311,0.026389
1312,0.026753
1313,0.026424
1314,0.026462
1315,0.026219
1316,0.026315
1317,0.026680
1318,0.026396
1319,0.026408
1320,0.026375
1321,0.026664
1322,0.026429
1323,0.026483
1324,0.026482
1325,0.026498
1326,0.026458
1327,0.026448
1328,0.026445
1329,0.026614
1330,0.026316
1331,0.026481
1332,0.026264
1333,0.026469
1334,0.026497
1335,0.026453
1336,0.026405
1337,0.026504
1338,0.026582
1339,0.026399
1340,0.026387
1341,0.026683
1342,0.026365
1343,0.026570
1344,0.026449
1345,0.026509
1346,0.026520
1347,0.026402
1348,0.026601
1349,0.026372
1350,0.026349
1351,0.026453
1352,0.026383
1353,0.026618
1354,0.026376
1355,0.026702
1356,0.026500
1357,0.026440
1358,0.026450
1359,0.026398
1360,0.026562
1361,0.026533
1362,0.026529
1363,0.026568
1364,0.026456
1365,0.026510
1366,0.026245
1367,0.026339
1368,0.026578
1369,0.026441
1370,0.026512
1371,0.026344
1372,0.026623
1373,0.026451
1374,0.026365
1375,0.026509
1376,0.026461
1377,0.026593
1378,0.026436
1379,0.026425
1380,0.026670
1381,0.026515
1382,0.026414
1383,0.026249
1384,0.026405
1385,0.026606
1386,0.026502
1387,0.026410
1388,0.026414
1389,0.026688
1390,0.026366
1391,0.026364
1392,0.026492
1393,0.026561
1394,0.026499
1395,0.026412
1396,0.026460
1397,0.026643
1398,0.026460
1399,0.026418
1400,0.026220
1401,0.026493
1402,0.026635
1403,0.026362
1404,0.026417
1405,0.026338
1406,0.026579
1407,0.026407
1408,0.026330
1409,0.026707
1410,0.026364
1411,0.026582
1412,0.026397
1413,0.026498
1414,0.026614
1415,0.026327
1416,0.026532
1417,0.026392
1418,0.029872
1419,0.030673
1420,0.026691
1421,0.026442
1422,0.026572
1423,0.026429
1424,0.026518
1425,0.026612
1426,0.026349
1427,0.026401
1428,0.026376
1429,0.026669
1430,0.026522
1431,0.026436
1432,0.026463
1433,0.026393
1434,0.026609
1435,0.026388
1436,0.026518
1437,0.026703
1438,0.026571
1439,0.026533
1440,0.026489
1441,0.026430
1442,0.026456
1443,0.026232
1444,0.026431
1445,0.026386
1446,0.026607
1447,0.026393
1448,0.026403
1449,0.026427
1450,0.026366
1451,0.026572
1452,0.026450
1453,0.026474
1454,0.026647
1455,0.026336
1456,0.026550
1457,0.026358
1458,0.026426
1459,0.026439
1460,0.026400
1461,0.026473
1462,0.026407
1463,0.026519
1464,0.026379
1465,0.026420
1466,0.026596
1467,0.026287
1468,0.026603
1469,0.026496
1470,0.026257
1471,0.026556
1472,0.026432
1473,0.026687
1474,0.026664
1475,0.026526
1476,0.026558
1477,0.026366
1478,0.026461
1479,0.026332
1480,0.026676
1481,0.026456
1482,0.026403
1483,0.026435
1484,0.026475
1485,0.026587
1486,0.026426
1487,0.026358
1488,0.026556
1489,0.026342
1490,0.026618
1491,0.026247
1492,0.026391
1493,0.026566
1494,0.026398
1495,0.026572
1496,0.026341
1497,0.026658
1498,0.026442
1499,0.026347
1500,0.026621
1501,0.026224
1502,0.026590
1503,0.026375
1504,0.026312
1505,0.026646
1506,0.026381
1507,0.026630
1508,0.026481
1509,0.026455
1510,0.026556
1511,0.026403
1512,0.026537
1513,0.026464
1514,0.026686
1515,0.026515
1516,0.026368
1517,0.026509
1518,0.026523
1519,0.026481
1520,0.026481
1521,0.026399
1522,0.026680
1523,0.026314
1524,0.026595
1525,0.026230
1526,0.026379
1527,0.026398
1528,0.026405
1529,0.026597
1530,0.026466
1531,0.026600
1532,0.026522
1533,0.026384
1534,0.026413
1535,0.026205
1536,0.026695
1537,0.026486
1538,0.026521
1539,0.026491
1540,0.026472
1541,0.026424
1542,0.026275
1543,0.026172
1544,0.026336
1545,0.026327
1546,0.026313
1547,0.026267
1548,0.026291
1549,0.026262
1550,0.026311
1551,0.026230
1552,0.026287
1553,0.026366
1554,0.026264
1555,0.026259
1556,0.026292
1557,0.026278
1558,0.026215
1559,0.026228
1560,0.026393
1561,0.026217
1562,0.026323
1563,0.026219
1564,0.026225
1565,0.026244
1566,0.026244
1567,0.026177
1568,0.026300
1569,0.026326
1570,0.026320
1571,0.026238
1572,0.026248
1573,0.026293
1574,0.026337
1575,0.026161
1576,0.026270
1577,0.026249
1578,0.026331
1579,0.026306
1580,0.026271
1581,0.026248
1582,0.026323
1583,0.026319
1584,0.026267
1585,0.026248
1586,0.026326
1587,0.026260
1588,0.026312
1589,0.026308
1590,0.026284
1591,0.026320
1592,0.026323
1593,0.026377
1594,0.026320
1595,0.026220
1596,0.026219
1597,0.026267
1598,0.026416
1599,0.026227
1600,0.026284
1601,0.026245
1602,0.026268
1603,0.026242
1604,0.026327
1605,0.026307
1606,0.026285
1607,0.026240
1608,0.026301
1609,0.026366
1610,0.026422
1611,0.026195
1612,0.026294
1613,0.026243
1614,0.026415
1615,0.026237
1616,0.026198
1617,0.026228
1618,0.026275
1619,0.026233
1620,0.026223
1621,0.026365
1622,0.026250
1623,0.026169
1624,0.026272
1625,0.026274
1626,0.026303
1627,0.026246
1628,0.026304
1629,0.026415
1630,0.026287
1631,0.026214
1632,0.026210
1633,0.026262
1634,0.026326
1635,0.026217
1636,0.026276
1637,0.026376
1638,0.026259
1639,0.026306
1640,0.026255
1641,0.026307
1642,0.026238
1643,0.026283
1644,0.026360
1645,0.026254
1646,0.026385
1647,0.026201
1648,0.026267
1649,0.026316
1650,0.026248
1651,0.026207
1652,0.026298
1653,0.026270
1654,0.026263
1655,0.026182
1656,0.026245
1657,0.026319
1658,0.026275
1659,0.026341
1660,0.026225
1661,0.026283
1662,0.026217
1663,0.026136
1664,0.026305
1665,0.052185
1666,0.026337
1667,0.052127
1668,0.026240
1669,0.052193
1670,0.026153
1671,0.052227
1672,0.026261
1673,0.026239
1674,0.026207
1675,0.026147
1676,0.052173
1677,0.052119
1678,0.052156
1679,0.052104
1680,0.052392
1681,0.052523
1682,0.052708
1683,0.052423
1684,0.052343
1685,0.052680
1686,0.026469
1687,0.026493
1688,0.026484
1689,0.026443
1690,0.026543
1691,0.026460
1692,0.026520
1693,0.026191
1694,0.026421
1695,0.026609
1696,0.026436
1697,0.026399
1698,0.026467
1699,0.026622
1700,0.026331
1701,0.026380
1702,0.026592
1703,0.026166
1704,0.026402
1705,0.026199
1706,0.026454
1707,0.026527
1708,0.026295
1709,0.026332
1710,0.026489
1711,0.026491
1712,0.026451
1713,0.026359
1714,0.026648
1715,0.026127
1716,0.026620
1717,0.026354
1718,0.026239
1719,0.026476
1720,0.026376
1721,0.026726
1722,0.026431
1723,0.026488
1724,0.026677
1725,0.026408
1726,0.026573
1727,0.026372
1728,0.026552
1729,0.026463
1730,0.026407
1731,0.026514
1732,0.026305
1733,0.026592
1734,0.026424
1735,0.026225
1736,0.026433
1737,0.026427
1738,0.026626
1739,0.026310
1740,0.026628
1741,0.026153
1742,0.026327
1743,0.026431
1744,0.026579
1745,0.026423
1746,0.026493
1747,0.026344
1748,0.026641
1749,0.026412
1750,0.026515
1751,0.026175
1752,0.026448
1753,0.026564
1754,0.026393
1755,0.026553
1756,0.026304
1757,0.026558
1758,0.026414
1759,0.026370
1760,0.026617
1761,0.026193
1762,0.026468
1763,0.026091
1764,0.026362
1765,0.026555
1766,0.026349
1767,0.026453
1768,0.026394
1769,0.026594
1770,0.026520
1771,0.026372
1772,0.026461
1773,0.026117
1774,0.026682
1775,0.026333
1776,0.026220
1777,0.026495
1778,0.026439
1779,0.026520
1780,0.026391
1781,0.026485
1782,0.026296
1783,0.034047
1784,0.027348
1785,0.026581
1786,0.026276
1787,0.026331
1788,0.026459
1789,0.026305
1790,0.026513
1791,0.026302
1792,0.026236
1793,0.026375
1794,0.026263
1795,0.026460
1796,0.026301
1797,0.026632
1798,0.026264
1799,0.026630
1800,0.026446
1801,0.026199
1802,0.026432
1803,0.026311
1804,0.026295
1805,0.026379
1806,0.026368
1807,0.026422
1808,0.026325
1809,0.026523
1810,0.026246
1811,0.026521
1812,0.027401
1813,0.027713
1814,0.027803
1815,0.027473
1816,0.027889
1817,0.027759
1818,0.026942
1819,0.026285
1820,0.026292
1821,0.026118
1822,0.026456
1823,0.026340
1824,0.026321
1825,0.026567
1826,0.026085
1827,0.026410
1828,0.026295
1829,0.026476
1830,0.026331
1831,0.026270
1832,0.026490
1833,0.026346
1834,0.026372
1835,0.026187
1836,0.026260
1837,0.026586
1838,0.026305
1839,0.026498
1840,0.026176
1841,0.026365
1842,0.026399
1843,0.026287
1844,0.026496
1845,0.026322
1846,0.026482
1847,0.026275
1848,0.026360
1849,0.026550
1850,0.026112
1851,0.026282
1852,0.026376
1853,0.026511
1854,0.026237
1855,0.026131
1856,0.026442
1857,0.026421
1858,0.026588
1859,0.026434
1860,0.026486
1861,0.026187
1862,0.026280
1863,0.026418
1864,0.026117
1865,0.026600
1866,0.026315
1867,0.026301
1868,0.026449
1869,0.026176
1870,0.026316
1871,0.026317
1872,0.026582
1873,0.026415
1874,0.026286
1875,0.026494
1876,0.026189
1877,0.026403
1878,0.026111
1879,0.026293
1880,0.026530
1881,0.026454
1882,0.026426
1883,0.026131
1884,0.026197
1885,0.026307
1886,0.026259
1887,0.026487
1888,0.026346
1889,0.026552
1890,0.026263
1891,0.026496
1892,0.026086
1893,0.026315
1894,0.026420
1895,0.026161
1896,0.026474
1897,0.026365
1898,0.026348
1899,0.026458
1900,0.026140
1901,0.026347
1902,0.026298
1903,0.026521
1904,0.026297
1905,0.026302
1906,0.026660
1907,0.026236
1908,0.026366
1909,0.026272
1910,0.026269
1911,0.026491
1912,0.026337
1913,0.026500
1914,0.026312
1915,0.026544
1916,0.026321
1917,0.026392
1918,0.026576
1919,0.026245
1920,0.026310
1921,0.026245
1922,0.026227
1923,0.026421
1924,0.026187
1925,0.026620
1926,0.026256
1927,0.026339
1928,0.026327
1929,0.026385
1930,0.026487
1931,0.026383
1932,0.026439
1933,0.026438
1934,0.026331
1935,0.026603
1936,0.026379
1937,0.026566
1938,0.026278
1939,0.026401
1940,0.026332
1941,0.026479
1942,0.026465
1943,0.026378
1944,0.026406
1945,0.026271
1946,0.026305
1947,0.026487
1948,0.026295
1949,0.026648
1950,0.026314
1951,0.026583
1952,0.026252
1953,0.026403
1954,0.026554
1955,0.026321
1956,0.026456
1957,0.026390
1958,0.026364
1959,0.026550
1960,0.026212
1961,0.026360
1962,0.026251
1963,0.026519
1964,0.026387
1965,0.026331
1966,0.026435
1967,0.026273
1968,0.026214
1969,0.026361
1970,0.026321
1971,0.026542
1972,0.026298
1973,0.026577
1974,0.026272
1975,0.026336
1976,0.026305
1977,0.026333
1978,0.026472
1979,0.026398
1980,0.026401
1981,0.026291
1982,0.026318
1983,0.026569
1984,0.026304
1985,0.026596
1986,0.026077
1987,0.026335
1988,0.026320
1989,0.026364
1990,0.026450
1991,0.026297
1992,0.026527
1993,0.026267
1994,0.026472
1995,0.026163
1996,0.026189
# total_episodes=1996, avg_seconds=0.031712
