# episode_index, seconds
1,0.004247
2,0.003368
3,0.000829
4,0.003816
5,0.003240
6,0.000813
7,0.003209
8,0.002021
9,0.000865
10,0.000802
11,0.000776
12,0.003199
13,0.002026
14,0.003150
15,0.003193
16,0.000803
17,0.000837
18,0.003684
19,0.001970
20,0.000782
21,0.000823
22,0.000774
23,0.001376
24,0.000785
25,0.003696
26,0.002511
27,0.003056
28,0.000793
29,0.000821
30,0.003067
31,0.002513
32,0.000782
33,0.003939
34,0.079690
35,0.103854
36,0.105116
37,0.052170
38,0.026090
39,0.078673
40,0.026302
41,0.052432
42,0.025993
43,0.052633
44,0.026204
45,0.052221
46,0.026451
47,0.052521
48,0.026530
49,0.026358
50,0.026171
51,0.026313
52,0.026174
53,0.026626
54,0.026919
55,0.026511
56,0.026053
57,0.026433
58,0.052591
59,0.026427
60,0.026378
61,0.026524
62,0.026388
63,0.026436
64,0.026573
65,0.026258
66,0.026509
67,0.026224
68,0.026503
69,0.026682
70,0.026413
71,0.026545
72,0.026462
73,0.026669
74,0.026190
75,0.026255
76,0.026596
77,0.026062
78,0.026493
79,0.026398
80,0.026337
81,0.026515
82,0.026567
83,0.026666
84,0.026348
85,0.026678
86,0.052516
87,0.026591
88,0.026406
89,0.026304
90,0.026400
91,0.026347
92,0.026619
93,0.026305
94,0.026592
95,0.026302
96,0.052575
97,0.026595
98,0.052612
99,0.026225
100,0.052322
101,0.026388
102,0.026233
103,0.026576
104,0.026440
105,0.026633
106,0.026284
107,0.026242
108,0.026566
109,0.026482
110,0.026638
111,0.026330
112,0.026384
113,0.026555
114,0.026325
115,0.026451
116,0.026324
117,0.026456
118,0.026533
119,0.026320
120,0.026599
121,0.026363
122,0.052726
123,0.026402
124,0.026641
125,0.052544
126,0.026322
127,0.026335
128,0.026650
129,0.026353
130,0.026446
131,0.026387
132,0.026513
133,0.026449
134,0.026409
135,0.026442
136,0.026451
137,0.026607
138,0.026279
139,0.026160
140,0.026456
141,0.026476
142,0.026592
143,0.026359
144,0.026700
145,0.026464
146,0.026192
147,0.026585
148,0.026245
149,0.026348
150,0.026465
151,0.026423
152,0.026627
153,0.026468
154,0.026304
155,0.026311
156,0.026368
157,0.026700
158,0.026289
159,0.026326
160,0.026533
161,0.026580
162,0.026458
163,0.026307
164,0.026751
165,0.026125
166,0.026552
167,0.026455
168,0.026233
169,0.026743
170,0.026267
171,0.026723
172,0.026337
173,0.026496
174,0.026573
175,0.026421
176,0.026529
177,0.026463
178,0.026602
179,0.026384
180,0.026568
181,0.052478
182,0.052354
183,0.026413
184,0.026520
185,0.078794
186,0.052622
187,0.052695
188,0.078861
189,0.055323
190,0.078887
191,0.078597
192,0.026376
193,0.026440
194,0.026621
195,0.026380
196,0.026167
197,0.026634
198,0.026330
199,0.026583
200,0.026425
201,0.026533
202,0.026413
203,0.026499
204,0.026461
205,0.026442
206,0.026522
207,0.026495
208,0.026457
209,0.026513
210,0.026202
211,0.026577
212,0.026440
213,0.026295
214,0.026308
215,0.026187
216,0.026498
217,0.026615
218,0.052508
219,0.026365
220,0.026488
221,0.026310
222,0.026800
223,0.026824
224,0.026597
225,0.026682
226,0.026227
227,0.026351
228,0.026218
229,0.026586
230,0.026534
231,0.026304
232,0.026386
233,0.026542
234,0.026613
235,0.026412
236,0.026253
237,0.026576
238,0.026556
239,0.026402
240,0.026416
241,0.026466
242,0.026571
243,0.026246
244,0.026556
245,0.026404
246,0.026320
247,0.026594
248,0.026298
249,0.026801
250,0.026279
251,0.026568
252,0.026359
253,0.026565
254,0.026620
255,0.026487
256,0.026455
257,0.026502
258,0.026345
259,0.026513
260,0.026566
261,0.026501
262,0.026209
263,0.026441
264,0.026542
265,0.026521
266,0.026495
267,0.026283
268,0.026694
269,0.026586
270,0.026266
271,0.026587
272,0.026488
273,0.026581
274,0.026463
275,0.026475
276,0.026563
277,0.026494
278,0.052538
279,0.026438
280,0.026700
281,0.026420
282,0.026459
283,0.026241
284,0.026539
285,0.026578
286,0.026329
287,0.026599
288,0.026040
289,0.026622
290,0.026414
291,0.026408
292,0.026635
293,0.026634
294,0.052640
295,0.026501
296,0.026740
297,0.026321
298,0.026697
299,0.026313
300,0.026632
301,0.026648
302,0.026193
303,0.026103
304,0.026257
305,0.026407
306,0.026103
307,0.026251
308,0.026166
309,0.026244
310,0.026077
311,0.026274
312,0.026253
313,0.026254
314,0.026230
315,0.026122
316,0.026207
317,0.026262
318,0.026214
319,0.026344
320,0.026204
321,0.026418
322,0.026132
323,0.078037
324,0.026261
325,0.026208
326,0.026286
327,0.026151
328,0.026254
329,0.026311
330,0.026138
331,0.026219
332,0.026218
333,0.026403
334,0.026247
335,0.026504
336,0.026123
337,0.026334
338,0.026289
339,0.078364
340,0.052064
341,0.026349
342,0.078175
343,0.026028
344,0.052284
345,0.026371
346,0.026327
347,0.026202
348,0.026293
349,0.026408
350,0.052127
351,0.026235
352,0.026241
353,0.026187
354,0.026240
355,0.052398
356,0.052131
357,0.052336
358,0.026267
359,0.026298
360,0.026126
361,0.026479
362,0.026197
363,0.026162
364,0.026281
365,0.026452
366,0.026136
367,0.026229
368,0.026252
369,0.042236
370,0.026068
371,0.026285
372,0.026236
373,0.026079
374,0.026071
375,0.026211
376,0.026270
377,0.026320
378,0.026065
379,0.026300
380,0.026223
381,0.026465
382,0.026328
383,0.026257
384,0.026403
385,0.026366
386,0.026200
387,0.026277
388,0.026283
389,0.026231
390,0.026103
391,0.026263
392,0.026252
393,0.026362
394,0.026112
395,0.026086
396,0.026244
397,0.026258
398,0.026313
399,0.026297
400,0.026129
401,0.026452
402,0.026287
403,0.026164
404,0.026215
405,0.026315
406,0.026389
407,0.026357
408,0.026271
409,0.026367
410,0.026191
411,0.026103
412,0.026359
413,0.026262
414,0.025918
415,0.026255
416,0.026240
417,0.026166
418,0.026206
419,0.026127
420,0.026187
421,0.026219
422,0.026183
423,0.026142
424,0.026378
425,0.026211
426,0.026293
427,0.026231
428,0.026124
429,0.026255
430,0.026260
431,0.026270
432,0.026146
433,0.026479
434,0.026121
435,0.026153
436,0.026228
437,0.026195
438,0.026085
439,0.026247
440,0.026341
441,0.026191
442,0.026262
443,0.052333
444,0.052154
445,0.052054
446,0.026229
447,0.026278
448,0.026330
449,0.078286
450,0.026284
451,0.077873
452,0.078270
453,0.052250
454,0.026301
455,0.078505
456,0.026194
457,0.026256
458,0.026310
459,0.052344
460,0.052394
461,0.026338
462,0.052078
463,0.026294
464,0.026253
465,0.026300
466,0.026252
467,0.026364
468,0.026281
469,0.026328
470,0.026109
471,0.026170
472,0.026309
473,0.026257
474,0.026055
475,0.026391
476,0.026328
477,0.026191
478,0.026146
479,0.026308
480,0.026245
481,0.026402
482,0.026350
483,0.026298
484,0.026334
485,0.026228
486,0.026193
487,0.026138
488,0.026268
489,0.026388
490,0.026277
491,0.026098
492,0.026208
493,0.026352
494,0.026110
495,0.026381
496,0.026204
497,0.026327
498,0.026228
499,0.025988
500,0.026252
501,0.026290
502,0.026297
503,0.026280
504,0.026291
505,0.026517
506,0.026226
507,0.026168
508,0.026163
509,0.026235
510,0.026497
511,0.026199
512,0.026164
513,0.026417
514,0.026107
515,0.026200
516,0.052221
517,0.026363
518,0.078477
519,0.026186
520,0.026257
521,0.026277
522,0.026162
523,0.026344
524,0.026152
525,0.026324
526,0.026282
527,0.078283
528,0.078015
529,0.078319
530,0.104018
531,0.026243
532,0.026476
533,0.026247
534,0.026173
535,0.026273
536,0.026308
537,0.052295
538,0.026227
539,0.026268
540,0.026257
541,0.026374
542,0.026114
543,0.026176
544,0.026222
545,0.026284
546,0.026399
547,0.026253
548,0.026169
549,0.026283
550,0.026371
551,0.026150
552,0.026230
553,0.026266
554,0.026243
555,0.025972
556,0.026177
557,0.026359
558,0.026284
559,0.026238
560,0.026216
561,0.026347
562,0.026177
563,0.026277
564,0.026098
565,0.026330
566,0.026259
567,0.026232
568,0.026287
569,0.026383
570,0.026318
571,0.026047
572,0.026237
573,0.026182
574,0.026119
575,0.026253
576,0.026294
577,0.026236
578,0.026113
579,0.026305
580,0.026184
581,0.026317
582,0.026123
583,0.026233
584,0.026385
585,0.026298
586,0.026135
587,0.026099
588,0.026294
589,0.026299
590,0.026081
591,0.026314
592,0.026328
593,0.026154
594,0.026120
595,0.026245
596,0.026292
597,0.026268
598,0.026331
599,0.026214
600,0.026282
601,0.026305
602,0.026236
603,0.026353
604,0.026395
605,0.026343
606,0.026165
607,0.026229
608,0.078141
609,0.026209
610,0.026209
611,0.026353
612,0.026415
613,0.026111
614,0.026193
615,0.026239
616,0.026355
617,0.026206
618,0.026282
619,0.026222
620,0.026388
621,0.026477
622,0.026377
623,0.026223
624,0.026238
625,0.026403
626,0.026392
627,0.026192
628,0.026388
629,0.026292
630,0.026426
631,0.026332
632,0.026371
633,0.026366
634,0.026182
635,0.026283
636,0.026222
637,0.026462
638,0.026394
639,0.026185
640,0.026329
641,0.026408
642,0.026148
643,0.026232
644,0.026510
645,0.026648
646,0.026381
647,0.026245
648,0.026429
649,0.026265
650,0.026506
651,0.026186
652,0.026355
653,0.026269
654,0.026328
655,0.026235
656,0.026311
657,0.026160
658,0.026286
659,0.026330
660,0.026110
661,0.026319
662,0.026317
663,0.026282
664,0.026478
665,0.026321
666,0.026293
667,0.078166
668,0.078238
669,0.026275
670,0.026301
671,0.026225
672,0.078285
673,0.026135
674,0.026271
675,0.026327
676,0.026156
677,0.026431
678,0.026229
679,0.026202
680,0.026304
681,0.104880
682,0.026131
683,0.026307
684,0.026389
685,0.026216
686,0.026275
687,0.026226
688,0.026246
689,0.026262
690,0.104321
691,0.026221
692,0.026362
693,0.026422
694,0.026184
695,0.026301
696,0.026294
697,0.026340
698,0.026137
699,0.026498
700,0.026151
701,0.026417
702,0.026353
703,0.026206
704,0.026324
705,0.026393
706,0.026357
707,0.026274
708,0.043252
709,0.025931
710,0.026234
711,0.026441
712,0.026284
713,0.026404
714,0.026281
715,0.026248
716,0.026430
717,0.026353
718,0.026251
719,0.026354
720,0.026354
721,0.026249
722,0.026334
723,0.026235
724,0.026334
725,0.026361
726,0.026046
727,0.026305
728,0.026262
729,0.026457
730,0.026343
731,0.026334
732,0.026049
733,0.026389
734,0.026184
735,0.026157
736,0.026147
737,0.026172
738,0.026277
739,0.026242
740,0.026294
741,0.026366
742,0.026190
743,0.026257
744,0.026157
745,0.026371
746,0.026317
747,0.026386
748,0.026490
749,0.026305
750,0.026274
751,0.026259
752,0.026368
753,0.026328
754,0.026320
755,0.026247
756,0.026298
757,0.026440
758,0.026201
759,0.026116
760,0.026082
761,0.026280
762,0.026339
763,0.026257
764,0.026352
765,0.026287
766,0.026238
767,0.026138
768,0.026272
769,0.026494
770,0.026316
771,0.026079
772,0.026287
773,0.026404
774,0.026287
775,0.026238
776,0.026349
777,0.026618
778,0.026254
779,0.026319
780,0.026304
781,0.026198
782,0.026345
783,0.026265
784,0.026245
785,0.026344
786,0.026252
787,0.026351
788,0.026201
789,0.026428
790,0.026229
791,0.026380
792,0.026345
793,0.026387
794,0.026429
795,0.026352
796,0.026357
797,0.026343
798,0.026243
799,0.026262
800,0.026265
801,0.026389
802,0.026246
803,0.026290
804,0.026269
805,0.078296
806,0.026230
807,0.026140
808,0.026432
809,0.026269
810,0.026397
811,0.026378
812,0.026292
813,0.026442
814,0.026322
815,0.026289
816,0.026180
817,0.026316
818,0.026303
819,0.026336
820,0.026244
821,0.026400
822,0.026208
823,0.026277
824,0.026171
825,0.026427
826,0.026380
827,0.026290
828,0.026212
829,0.026531
830,0.026395
831,0.026113
832,0.026282
833,0.026387
834,0.026146
835,0.026422
836,0.026329
837,0.026343
838,0.026380
839,0.026268
840,0.026376
841,0.026239
842,0.026328
843,0.026252
844,0.026280
845,0.026266
846,0.026288
847,0.026255
848,0.052480
849,0.026283
850,0.026345
851,0.026259
852,0.026255
853,0.026448
854,0.026314
855,0.026299
856,0.026253
857,0.026370
858,0.026268
859,0.026390
860,0.026323
861,0.026397
862,0.026223
863,0.026432
864,0.026290
865,0.026451
866,0.026320
867,0.026209
868,0.026198
869,0.026223
870,0.104270
871,0.026424
872,0.026327
873,0.104282
874,0.026163
875,0.026137
876,0.026324
877,0.026356
878,0.026313
879,0.026236
880,0.026199
881,0.026253
882,0.026181
883,0.026286
884,0.026186
885,0.026222
886,0.026264
887,0.026240
888,0.034745
889,0.027139
890,0.026252
891,0.026208
892,0.026344
893,0.026328
894,0.026157
895,0.026254
896,0.026107
897,0.026482
898,0.026338
899,0.026335
900,0.026168
901,0.026197
902,0.026418
903,0.026140
904,0.026318
905,0.026202
906,0.026410
907,0.026318
908,0.026334
909,0.026328
910,0.026345
911,0.026312
912,0.026292
913,0.026419
914,0.026300
915,0.026321
916,0.026435
917,0.026311
918,0.026247
919,0.026294
920,0.026353
921,0.026448
922,0.026130
923,0.026380
924,0.026126
925,0.026260
926,0.026273
927,0.026174
928,0.026366
929,0.026450
930,0.026370
931,0.026381
932,0.026314
933,0.026347
934,0.026190
935,0.026216
936,0.026436
937,0.026458
938,0.026351
939,0.026236
940,0.026311
941,0.026267
942,0.026276
943,0.026325
944,0.026213
945,0.026181
946,0.052079
947,0.026292
948,0.026188
949,0.078046
950,0.026271
951,0.026242
952,0.026200
953,0.026366
954,0.078226
955,0.026437
956,0.078426
957,0.026344
958,0.026279
959,0.026192
960,0.103654
961,0.104314
962,0.026420
963,0.130045
964,0.129900
965,0.052243
966,0.130142
967,0.104165
968,0.104258
969,0.104325
970,0.104218
971,0.026070
972,0.026368
973,0.026378
974,0.026460
975,0.026224
976,0.026237
977,0.026314
978,0.026153
979,0.026199
980,0.026285
981,0.026562
982,0.026095
983,0.026309
984,0.026227
985,0.026101
986,0.026193
987,0.026265
988,0.026300
989,0.026175
990,0.026295
991,0.026253
992,0.026264
993,0.026348
994,0.026254
995,0.026215
996,0.026226
997,0.026286
998,0.026232
999,0.026271
1000,0.026274
1001,0.078389
1002,0.078203
1003,0.078097
1004,0.078149
1005,0.078192
1006,0.078174
1007,0.078266
1008,0.078431
1009,0.078020
1010,0.078245
1011,0.078097
1012,0.104111
1013,0.107714
1014,0.079154
1015,0.026234
1016,0.026148
1017,0.026444
1018,0.026372
1019,0.026255
1020,0.026351
1021,0.026260
1022,0.026177
1023,0.026139
1024,0.026288
1025,0.026230
1026,0.026193
1027,0.026301
1028,0.026228
1029,0.026253
1030,0.026114
1031,0.026210
1032,0.026347
1033,0.026417
1034,0.026145
1035,0.026213
1036,0.026349
1037,0.026244
1038,0.026333
1039,0.026271
1040,0.026349
1041,0.026345
1042,0.026306
1043,0.026468
1044,0.026313
1045,0.026415
1046,0.026346
1047,0.026315
1048,0.026332
1049,0.026405
1050,0.026153
1051,0.026306
1052,0.026177
1053,0.026329
1054,0.026259
1055,0.026407
1056,0.026385
1057,0.026187
1058,0.026239
1059,0.078065
1060,0.078370
1061,0.078501
1062,0.078230
1063,0.078066
1064,0.104043
1065,0.078392
1066,0.078380
1067,0.078126
1068,0.078113
1069,0.078150
1070,0.078331
1071,0.078886
1072,0.026270
1073,0.026536
1074,0.052365
1075,0.052324
1076,0.026226
1077,0.026312
1078,0.026286
1079,0.026180
1080,0.026094
1081,0.026216
1082,0.026203
1083,0.026297
1084,0.026241
1085,0.026354
1086,0.026456
1087,0.026382
1088,0.026278
1089,0.026419
1090,0.026104
1091,0.026219
1092,0.026152
1093,0.026333
1094,0.026268
1095,0.026372
1096,0.026335
1097,0.026307
1098,0.026442
1099,0.026356
1100,0.026255
1101,0.026408
1102,0.026177
1103,0.026102
1104,0.026416
1105,0.026405
1106,0.026286
1107,0.026234
1108,0.026228
1109,0.026282
1110,0.026181
1111,0.026341
1112,0.026093
1113,0.026266
1114,0.026327
1115,0.026273
1116,0.026262
1117,0.026220
1118,0.026313
1119,0.026317
1120,0.026316
1121,0.026315
1122,0.026117
1123,0.026310
1124,0.026161
1125,0.026425
1126,0.026244
1127,0.026386
1128,0.026170
1129,0.026284
1130,0.026457
1131,0.052201
1132,0.026233
1133,0.026677
1134,0.026294
1135,0.026303
1136,0.026272
1137,0.026401
1138,0.026326
1139,0.026291
1140,0.026375
1141,0.026394
1142,0.026257
1143,0.026370
1144,0.052205
1145,0.026316
1146,0.026204
1147,0.026228
1148,0.026361
1149,0.026160
1150,0.026164
1151,0.052341
1152,0.026298
1153,0.026235
1154,0.026305
1155,0.026264
1156,0.026325
1157,0.026329
1158,0.026220
1159,0.026297
1160,0.026153
1161,0.026436
1162,0.026435
1163,0.026289
1164,0.026199
1165,0.026193
1166,0.026195
1167,0.026294
1168,0.026100
1169,0.026443
1170,0.043469
1171,0.026089
1172,0.026239
1173,0.026411
1174,0.026340
1175,0.026404
1176,0.026361
1177,0.026259
1178,0.026207
1179,0.026444
1180,0.026388
1181,0.026460
1182,0.026296
1183,0.026411
1184,0.026513
1185,0.026421
1186,0.026338
1187,0.026206
1188,0.026228
1189,0.026382
1190,0.026252
1191,0.026403
1192,0.026247
1193,0.026478
1194,0.026232
1195,0.026344
1196,0.026468
1197,0.026434
1198,0.026289
1199,0.026449
1200,0.026261
1201,0.026348
1202,0.026222
1203,0.026183
1204,0.026299
1205,0.026445
1206,0.026306
1207,0.026303
1208,0.026361
1209,0.026345
1210,0.026193
1211,0.026305
1212,0.026155
1213,0.026216
1214,0.026534
1215,0.026336
1216,0.026323
1217,0.026452
1218,0.026198
1219,0.026227
1220,0.026238
1221,0.026328
1222,0.026219
1223,0.026305
1224,0.026308
1225,0.026366
1226,0.026305
1227,0.026185
1228,0.026254
1229,0.026357
1230,0.026253
1231,0.026249
1232,0.026129
1233,0.026457
1234,0.026079
1235,0.026283
1236,0.026291
1237,0.026406
1238,0.026322
1239,0.026280
1240,0.026316
1241,0.026303
1242,0.026284
1243,0.027000
1244,0.026396
1245,0.026528
1246,0.026274
1247,0.026338
1248,0.026345
1249,0.026422
1250,0.026294
1251,0.026279
1252,0.026361
1253,0.026416
1254,0.026346
1255,0.026225
1256,0.026292
1257,0.026315
1258,0.026512
1259,0.026457
1260,0.026654
1261,0.026503
1262,0.026228
1263,0.026169
1264,0.026479
1265,0.026398
1266,0.026362
1267,0.026181
1268,0.026396
1269,0.026342
1270,0.026449
1271,0.026372
1272,0.026494
1273,0.026449
1274,0.026566
1275,0.026674
1276,0.026213
1277,0.026574
1278,0.026285
1279,0.026344
1280,0.026417
1281,0.026408
1282,0.052584
1283,0.026514
1284,0.026218
1285,0.052137
1286,0.026253
1287,0.026509
1288,0.026350
1289,0.026499
1290,0.026495
1291,0.026497
1292,0.026245
1293,0.026632
1294,0.026206
1295,0.026435
1296,0.026195
1297,0.052357
1298,0.052439
1299,0.026246
1300,0.026345
1301,0.026361
1302,0.026171
1303,0.026296
1304,0.026174
1305,0.052268
1306,0.026376
1307,0.026323
1308,0.052218
1309,0.026239
1310,0.052345
1311,0.026124
1312,0.026191
1313,0.052455
1314,0.026256
1315,0.026119
1316,0.052168
1317,0.052369
1318,0.052278
1319,0.052426
1320,0.078656
1321,0.052246
1322,0.078192
1323,0.026205
1324,0.026260
1325,0.026268
1326,0.026266
1327,0.052465
1328,0.026311
1329,0.026549
1330,0.052359
1331,0.026295
1332,0.052256
1333,0.026398
1334,0.052430
1335,0.026261
1336,0.026350
1337,0.026163
1338,0.052201
1339,0.026232
1340,0.026321
1341,0.026323
1342,0.026331
1343,0.026428
1344,0.026370
1345,0.026346
1346,0.026326
1347,0.026222
1348,0.026270
1349,0.026272
1350,0.026199
1351,0.026218
1352,0.026403
1353,0.026445
1354,0.026142
1355,0.026335
1356,0.026252
1357,0.026217
1358,0.026376
1359,0.026196
1360,0.026281
1361,0.026555
1362,0.026342
1363,0.026310
1364,0.026229
1365,0.026364
1366,0.026240
1367,0.026156
1368,0.026336
1369,0.026253
1370,0.026259
1371,0.026287
1372,0.026276
1373,0.026286
1374,0.026185
1375,0.026403
1376,0.026235
1377,0.026381
1378,0.026239
1379,0.026202
1380,0.026305
1381,0.026127
1382,0.026342
1383,0.026245
1384,0.026273
1385,0.026275
1386,0.026172
1387,0.026250
1388,0.026291
1389,0.026311
1390,0.026331
1391,0.026392
1392,0.026368
1393,0.052620
1394,0.052583
1395,0.078839
1396,0.078669
1397,0.026562
1398,0.078659
1399,0.078141
1400,0.026321
1401,0.078626
1402,0.026376
1403,0.026471
1404,0.026280
1405,0.026545
1406,0.026283
1407,0.026327
1408,0.026304
1409,0.026542
1410,0.026361
1411,0.026449
1412,0.026493
1413,0.026402
1414,0.026406
1415,0.026381
1416,0.026293
1417,0.026544
1418,0.026343
1419,0.026140
1420,0.026461
1421,0.026430
1422,0.026541
1423,0.026325
1424,0.026331
1425,0.026294
1426,0.026218
1427,0.026429
1428,0.026333
1429,0.026381
1430,0.026355
1431,0.026337
1432,0.026352
1433,0.026281
1434,0.026274
1435,0.026393
1436,0.026347
1437,0.026349
1438,0.026221
1439,0.026529
1440,0.026301
1441,0.026523
1442,0.026354
1443,0.026418
1444,0.026395
1445,0.026483
1446,0.026315
1447,0.026446
1448,0.026350
1449,0.026510
1450,0.026312
1451,0.026302
1452,0.026368
1453,0.026396
1454,0.026499
1455,0.026412
1456,0.026524
1457,0.026565
1458,0.026467
1459,0.026284
1460,0.026523
1461,0.026440
1462,0.026500
1463,0.026445
1464,0.026449
1465,0.026334
1466,0.026340
1467,0.026374
1468,0.026187
1469,0.026317
1470,0.026296
1471,0.026234
1472,0.026448
1473,0.026499
1474,0.026373
1475,0.026536
1476,0.026511
1477,0.026564
1478,0.026465
1479,0.026315
1480,0.026419
1481,0.026369
1482,0.026388
1483,0.026371
1484,0.026441
1485,0.026578
1486,0.026309
1487,0.026766
1488,0.026403
1489,0.026572
1490,0.026686
1491,0.026293
1492,0.026392
1493,0.026587
1494,0.026510
1495,0.026509
1496,0.026405
1497,0.026347
1498,0.026256
1499,0.026294
1500,0.026424
1501,0.026371
1502,0.026345
1503,0.026381
1504,0.026348
1505,0.026397
1506,0.026241
1507,0.026349
1508,0.026430
1509,0.026456
1510,0.026460
1511,0.026334
1512,0.026436
1513,0.026310
1514,0.026425
1515,0.032668
1516,0.026896
1517,0.026365
1518,0.026317
1519,0.026271
1520,0.026325
1521,0.026543
1522,0.026362
1523,0.026260
1524,0.026412
1525,0.026595
1526,0.026725
1527,0.026384
1528,0.026317
1529,0.026509
1530,0.026385
1531,0.026514
1532,0.026505
1533,0.026561
1534,0.026663
1535,0.026356
1536,0.026465
1537,0.026298
1538,0.026303
1539,0.026540
1540,0.026321
1541,0.026583
1542,0.026509
1543,0.026741
1544,0.026339
1545,0.026408
1546,0.026560
1547,0.026442
1548,0.026648
1549,0.026568
1550,0.026361
1551,0.026702
1552,0.026310
1553,0.026557
1554,0.026273
1555,0.026394
1556,0.026639
1557,0.026702
1558,0.026712
1559,0.026349
1560,0.026632
1561,0.026776
1562,0.026409
1563,0.026690
1564,0.026465
1565,0.027337
1566,0.026705
1567,0.026359
1568,0.026708
1569,0.026587
1570,0.026638
1571,0.026573
1572,0.026500
1573,0.026524
1574,0.026357
1575,0.079007
1576,0.052904
1577,0.026570
1578,0.026529
1579,0.026462
1580,0.052943
1581,0.026766
1582,0.026516
1583,0.052976
1584,0.026345
1585,0.026739
1586,0.026499
1587,0.052699
1588,0.052792
1589,0.026321
1590,0.053061
1591,0.052649
1592,0.026322
1593,0.053047
1594,0.026761
1595,0.026568
1596,0.026568
1597,0.026515
1598,0.026372
1599,0.026710
1600,0.026513
1601,0.026520
1602,0.026438
1603,0.026461
1604,0.026474
1605,0.026485
1606,0.026507
1607,0.026531
1608,0.026389
1609,0.026681
1610,0.026244
1611,0.026462
1612,0.026506
1613,0.026512
1614,0.026498
1615,0.026456
1616,0.026656
1617,0.026306
1618,0.026585
1619,0.026269
1620,0.026601
1621,0.026499
1622,0.026454
1623,0.026584
1624,0.026799
1625,0.026445
1626,0.026762
1627,0.026500
1628,0.026657
1629,0.026683
1630,0.026566
1631,0.026448
1632,0.026562
1633,0.026640
1634,0.026717
1635,0.026527
1636,0.026663
1637,0.026453
1638,0.026332
1639,0.026584
1640,0.026371
1641,0.026550
1642,0.026471
1643,0.026742
1644,0.026360
1645,0.026418
1646,0.026788
1647,0.026264
1648,0.026405
1649,0.026799
1650,0.026579
1651,0.026590
1652,0.026575
1653,0.026753
1654,0.026563
1655,0.026400
1656,0.026754
1657,0.026375
1658,0.026708
1659,0.026563
1660,0.026163
1661,0.026634
1662,0.026600
1663,0.026753
1664,0.026258
1665,0.026613
1666,0.026618
1667,0.026430
1668,0.026549
1669,0.026602
1670,0.026548
1671,0.026651
1672,0.026189
1673,0.026897
1674,0.026554
1675,0.026768
1676,0.026430
1677,0.026467
1678,0.026493
1679,0.026498
1680,0.026390
1681,0.026568
1682,0.026389
1683,0.026643
1684,0.026506
1685,0.026533
1686,0.026647
1687,0.026391
1688,0.026736
1689,0.026605
1690,0.026636
1691,0.026314
1692,0.026621
1693,0.026839
1694,0.042400
1695,0.026436
1696,0.026224
1697,0.026322
1698,0.026435
1699,0.026361
1700,0.026681
1701,0.026563
1702,0.026567
1703,0.026654
1704,0.026359
1705,0.026881
1706,0.026582
1707,0.026571
1708,0.026409
1709,0.026498
1710,0.026695
1711,0.026615
1712,0.026783
1713,0.026414
1714,0.026445
1715,0.026567
1716,0.026351
1717,0.026522
1718,0.026377
1719,0.026622
1720,0.026502
1721,0.026538
1722,0.026468
1723,0.026473
1724,0.026672
1725,0.026462
1726,0.026560
1727,0.026562
1728,0.026471
1729,0.026386
1730,0.026238
1731,0.026536
1732,0.052953
1733,0.026515
1734,0.026515
1735,0.026802
1736,0.052454
1737,0.026474
1738,0.079162
1739,0.078998
1740,0.026700
1741,0.026353
1742,0.026658
1743,0.078777
1744,0.026460
1745,0.078839
1746,0.079150
1747,0.026387
1748,0.026714
1749,0.026271
1750,0.026520
1751,0.026396
1752,0.026529
1753,0.026475
1754,0.026547
1755,0.026468
1756,0.026629
1757,0.026462
1758,0.026622
1759,0.026624
1760,0.026311
1761,0.026560
1762,0.026418
1763,0.026678
1764,0.026435
1765,0.026534
1766,0.026686
1767,0.026297
1768,0.026559
1769,0.026681
1770,0.026728
1771,0.026218
1772,0.026411
1773,0.026405
1774,0.026357
1775,0.026674
1776,0.026596
1777,0.026580
1778,0.026614
1779,0.026437
1780,0.026373
1781,0.026476
1782,0.026504
1783,0.026476
1784,0.026436
1785,0.026811
1786,0.026477
1787,0.026451
1788,0.026417
1789,0.026444
1790,0.026670
1791,0.026440
1792,0.026834
1793,0.026335
1794,0.026483
1795,0.026378
1796,0.026493
1797,0.026543
1798,0.026474
1799,0.026515
1800,0.026736
1801,0.026464
1802,0.026595
1803,0.026471
1804,0.026461
1805,0.026782
1806,0.026545
1807,0.026537
1808,0.026267
1809,0.026477
1810,0.026747
1811,0.026509
1812,0.026519
1813,0.026469
1814,0.026642
1815,0.026214
1816,0.026379
1817,0.026441
1818,0.026438
1819,0.026489
1820,0.026358
1821,0.026649
1822,0.026706
1823,0.026300
1824,0.026510
1825,0.026371
1826,0.026485
1827,0.026622
1828,0.026461
1829,0.026466
1830,0.026519
1831,0.026526
1832,0.026450
1833,0.026650
1834,0.026731
1835,0.026342
1836,0.026706
1837,0.026330
1838,0.026432
1839,0.026592
1840,0.026343
1841,0.026650
1842,0.026412
1843,0.026388
1844,0.052756
1845,0.026842
1846,0.026523
1847,0.026505
1848,0.052839
1849,0.026652
1850,0.052781
1851,0.026537
1852,0.026536
1853,0.026484
1854,0.052880
1855,0.026368
1856,0.026051
1857,0.052555
1858,0.052798
1859,0.026750
1860,0.052793
1861,0.026458
1862,0.056801
1863,0.027039
1864,0.026285
1865,0.026432
1866,0.052754
1867,0.052920
1868,0.052750
1869,0.052903
1870,0.052604
1871,0.052678
1872,0.052717
1873,0.026627
1874,0.052686
1875,0.052735
1876,0.026627
1877,0.052890
1878,0.052368
1879,0.052723
1880,0.026767
1881,0.026479
1882,0.026319
1883,0.052540
1884,0.052803
1885,0.026704
1886,0.052593
1887,0.026453
1888,0.026436
1889,0.026661
1890,0.026307
1891,0.026439
1892,0.053038
1893,0.026830
1894,0.026578
1895,0.026665
1896,0.026378
1897,0.026431
1898,0.026683
1899,0.026446
1900,0.026487
1901,0.026621
1902,0.026589
1903,0.026209
1904,0.026333
1905,0.026691
1906,0.026436
1907,0.026326
1908,0.026422
1909,0.026467
1910,0.026659
1911,0.026538
1912,0.026424
1913,0.026635
1914,0.026467
1915,0.026693
1916,0.026624
1917,0.052682
1918,0.026589
1919,0.026574
1920,0.026340
1921,0.026779
1922,0.052771
1923,0.026550
1924,0.052714
1925,0.026293
1926,0.026378
1927,0.052424
1928,0.026821
1929,0.026743
1930,0.052737
1931,0.026593
1932,0.026636
1933,0.026547
1934,0.026649
1935,0.026657
1936,0.026728
1937,0.026763
1938,0.026439
1939,0.026634
1940,0.026477
1941,0.026952
1942,0.026336
1943,0.026443
1944,0.026615
1945,0.026617
1946,0.026373
1947,0.026670
1948,0.026478
1949,0.026826
1950,0.026288
1951,0.026577
1952,0.026518
1953,0.026687
1954,0.026979
1955,0.052748
1956,0.026567
1957,0.026485
1958,0.026698
1959,0.026637
1960,0.026666
1961,0.026453
1962,0.026618
1963,0.026663
1964,0.026686
1965,0.026826
1966,0.026354
1967,0.026545
1968,0.026695
1969,0.026735
1970,0.026557
1971,0.026348
1972,0.026808
1973,0.026572
1974,0.026441
1975,0.026525
1976,0.026583
1977,0.026605
1978,0.026609
1979,0.026319
1980,0.026416
1981,0.026430
1982,0.026589
1983,0.026468
1984,0.026430
1985,0.026770
1986,0.026524
1987,0.026712
1988,0.026599
1989,0.026477
1990,0.026603
1991,0.026544
1992,0.026503
1993,0.026395
1994,0.052975
1995,0.026452
1996,0.026670
1997,0.052906
1998,0.026390
1999,0.026321
2000,0.052696
2001,0.053007
2002,0.026618
2003,0.052974
2004,0.052805
2005,0.052779
2006,0.052351
2007,0.052926
2008,0.078798
2009,0.052692
2010,0.078908
2011,0.052794
2012,0.078832
2013,0.026391
2014,0.052814
2015,0.026570
2016,0.052697
2017,0.052570
2018,0.026684
2019,0.026456
2020,0.026487
2021,0.026507
2022,0.026358
2023,0.026571
2024,0.052377
2025,0.026518
2026,0.026701
2027,0.026557
2028,0.026533
2029,0.026724
2030,0.026328
2031,0.026520
2032,0.026514
2033,0.026580
2034,0.026734
2035,0.026404
2036,0.026696
2037,0.026675
2038,0.026482
2039,0.026531
2040,0.026350
2041,0.026551
2042,0.026200
2043,0.026503
2044,0.026553
2045,0.026456
2046,0.026603
2047,0.026602
2048,0.026541
2049,0.026544
2050,0.026325
2051,0.026765
2052,0.026251
2053,0.026552
2054,0.026472
2055,0.026372
2056,0.026676
2057,0.026347
2058,0.026302
2059,0.026347
2060,0.026534
2061,0.026580
2062,0.026283
2063,0.026499
2064,0.026430
2065,0.026679
2066,0.026250
2067,0.026546
2068,0.026626
2069,0.026412
2070,0.026114
2071,0.026457
2072,0.026520
2073,0.026862
2074,0.026520
2075,0.026537
2076,0.026454
2077,0.026455
2078,0.026692
2079,0.026346
2080,0.026665
2081,0.026497
2082,0.026551
2083,0.026655
2084,0.026372
2085,0.026640
2086,0.026471
2087,0.026699
2088,0.026359
2089,0.026481
2090,0.026601
2091,0.026458
2092,0.026511
2093,0.026491
2094,0.026261
2095,0.026721
2096,0.026319
2097,0.026610
2098,0.026486
2099,0.026367
2100,0.026447
2101,0.026479
2102,0.026523
2103,0.026390
2104,0.026558
2105,0.026164
2106,0.026237
2107,0.026518
2108,0.026491
2109,0.026691
2110,0.026589
2111,0.026443
2112,0.026656
2113,0.026372
2114,0.026544
2115,0.026521
2116,0.026475
2117,0.026712
2118,0.026466
2119,0.026585
2120,0.026222
2121,0.026588
2122,0.026725
2123,0.026468
2124,0.026435
# total_episodes=2124, avg_seconds=0.029828
