# episode_index, seconds
1,0.001342
2,0.003812
3,0.000755
4,0.002434
5,0.000767
6,0.001309
7,0.004042
8,0.001887
9,0.001350
10,0.000730
11,0.000729
12,0.000712
13,0.001901
14,0.000802
15,0.003597
16,0.001338
17,0.001910
18,0.000730
19,0.001890
20,0.002444
21,0.000768
22,0.000727
23,0.001336
24,0.000737
25,0.000752
26,0.002433
27,0.000734
28,0.000723
29,0.000771
30,0.000727
31,0.000710
32,0.003515
33,0.002476
34,0.002414
35,0.003495
36,0.001315
37,0.000759
38,0.002954
39,0.001874
40,0.002694
41,0.054573
42,0.025720
43,0.077146
44,0.026261
45,0.025934
46,0.078050
47,0.077864
48,0.051746
49,0.026472
50,0.027279
51,0.026335
52,0.026030
53,0.026223
54,0.025941
55,0.026066
56,0.025875
57,0.026165
58,0.025979
59,0.026069
60,0.026086
61,0.026305
62,0.025891
63,0.025927
64,0.026190
65,0.026088
66,0.026151
67,0.025997
68,0.026228
69,0.026298
70,0.026057
71,0.026166
72,0.026079
73,0.026043
74,0.025941
75,0.026137
76,0.026085
77,0.026171
78,0.026295
79,0.026123
80,0.026310
81,0.026027
82,0.026278
83,0.026017
84,0.026012
85,0.026268
86,0.025970
87,0.026152
88,0.025806
89,0.026576
90,0.052226
91,0.025792
92,0.026083
93,0.026298
94,0.026089
95,0.026199
96,0.026216
97,0.026246
98,0.026028
99,0.026018
100,0.026519
101,0.026288
102,0.026316
103,0.025934
104,0.026373
105,0.130534
106,0.026316
107,0.026288
108,0.052055
109,0.104412
110,0.026382
111,0.078161
112,0.052324
113,0.052085
114,0.052011
115,0.052263
116,0.051989
117,0.078081
118,0.051692
119,0.078106
120,0.025929
121,0.052007
122,0.051865
123,0.026140
124,0.052036
125,0.026362
126,0.026236
127,0.026116
128,0.026067
129,0.026189
130,0.026290
131,0.026188
132,0.026260
133,0.026016
134,0.026236
135,0.026044
136,0.026132
137,0.026230
138,0.026315
139,0.026368
140,0.026092
141,0.052359
142,0.026221
143,0.034958
144,0.027234
145,0.026021
146,0.026394
147,0.025988
148,0.026207
149,0.026336
150,0.026247
151,0.026248
152,0.025997
153,0.026384
154,0.026071
155,0.026206
156,0.026262
157,0.026278
158,0.026249
159,0.026135
160,0.026376
161,0.026124
162,0.026124
163,0.026325
164,0.025897
165,0.026360
166,0.025943
167,0.026444
168,0.026222
169,0.026151
170,0.026097
171,0.025954
172,0.026207
173,0.026165
174,0.026156
175,0.025994
176,0.026013
177,0.026322
178,0.025814
179,0.026143
180,0.025905
181,0.026295
182,0.026124
183,0.026038
184,0.026131
185,0.026435
186,0.026310
187,0.026104
188,0.025981
189,0.026154
190,0.026188
191,0.026370
192,0.026075
193,0.026468
194,0.026131
195,0.026135
196,0.026152
197,0.026213
198,0.026284
199,0.026203
200,0.026301
201,0.026116
202,0.026011
203,0.026126
204,0.026008
205,0.026242
206,0.026120
207,0.026376
208,0.026033
209,0.026482
210,0.026111
211,0.026164
212,0.026290
213,0.026075
214,0.026266
215,0.026631
216,0.027101
217,0.026283
218,0.026117
219,0.026395
220,0.026020
221,0.026363
222,0.026105
223,0.026295
224,0.026170
225,0.026135
226,0.026284
227,0.026112
228,0.026049
229,0.026002
230,0.026371
231,0.026071
232,0.026099
233,0.026233
234,0.026137
235,0.026452
236,0.026029
237,0.026421
238,0.026023
239,0.026083
240,0.026148
241,0.026239
242,0.026391
243,0.026173
244,0.026357
245,0.025992
246,0.025963
247,0.026290
248,0.026061
249,0.026283
250,0.026228
251,0.026350
252,0.026155
253,0.026266
254,0.026396
255,0.026084
256,0.026239
257,0.026101
258,0.026100
259,0.026080
260,0.026185
261,0.026371
262,0.026069
263,0.026257
264,0.052255
265,0.026148
266,0.026153
267,0.026303
268,0.026045
269,0.026426
270,0.026050
271,0.026233
272,0.026082
273,0.026113
274,0.026205
275,0.026229
276,0.026362
277,0.026287
278,0.026237
279,0.025934
280,0.026120
281,0.026526
282,0.026050
283,0.026134
284,0.026106
285,0.026271
286,0.026057
287,0.026200
288,0.026310
289,0.026085
290,0.026368
291,0.026059
292,0.026218
293,0.026115
294,0.026049
295,0.026260
296,0.026087
297,0.026297
298,0.026096
299,0.026315
300,0.025963
301,0.026139
302,0.026270
303,0.026130
304,0.026285
305,0.026184
306,0.026326
307,0.026060
308,0.026090
309,0.026283
310,0.026132
311,0.026386
312,0.026073
313,0.026411
314,0.026058
315,0.026084
316,0.026323
317,0.026193
318,0.026323
319,0.026074
320,0.026414
321,0.026121
322,0.026104
323,0.026327
324,0.025950
325,0.026437
326,0.026179
327,0.026340
328,0.052145
329,0.026269
330,0.026018
331,0.026280
332,0.026374
333,0.026201
334,0.026017
335,0.052009
336,0.026137
337,0.052328
338,0.052047
339,0.026138
340,0.103461
341,0.026148
342,0.077926
343,0.026169
344,0.103938
345,0.103754
346,0.052212
347,0.025991
348,0.026278
349,0.026113
350,0.026152
351,0.026106
352,0.026137
353,0.026313
354,0.026013
355,0.026415
356,0.026109
357,0.026319
358,0.025949
359,0.026149
360,0.026318
361,0.026246
362,0.026251
363,0.026086
364,0.026223
365,0.026241
366,0.025974
367,0.026261
368,0.026004
369,0.026421
370,0.026113
371,0.026388
372,0.026219
373,0.026301
374,0.026238
375,0.026223
376,0.026483
377,0.026142
378,0.026264
379,0.025959
380,0.026029
381,0.026311
382,0.026074
383,0.026270
384,0.026160
385,0.026324
386,0.026120
387,0.025993
388,0.026332
389,0.026097
390,0.026337
391,0.026032
392,0.026459
393,0.026156
394,0.026126
395,0.026370
396,0.026083
397,0.026165
398,0.026158
399,0.026250
400,0.026139
401,0.026216
402,0.026096
403,0.026178
404,0.026361
405,0.026020
406,0.026236
407,0.026092
408,0.026138
409,0.026424
410,0.026074
411,0.026105
412,0.026110
413,0.026514
414,0.026096
415,0.026143
416,0.026125
417,0.026235
418,0.026301
419,0.026040
420,0.026242
421,0.026336
422,0.026097
423,0.026255
424,0.026039
425,0.026370
426,0.026067
427,0.026258
428,0.026138
429,0.026193
430,0.026129
431,0.026041
432,0.026352
433,0.026327
434,0.026305
435,0.026021
436,0.026217
437,0.026347
438,0.026009
439,0.026208
440,0.025953
441,0.026500
442,0.026018
443,0.026112
444,0.026222
445,0.026197
446,0.026253
447,0.026177
448,0.026230
449,0.026147
450,0.025982
451,0.026340
452,0.026193
453,0.026216
454,0.026015
455,0.026193
456,0.026132
457,0.026009
458,0.026283
459,0.026079
460,0.026379
461,0.026060
462,0.026213
463,0.026167
464,0.026061
465,0.026096
466,0.026343
467,0.026290
468,0.026208
469,0.026251
470,0.026134
471,0.026540
472,0.030742
473,0.027785
474,0.053150
475,0.052144
476,0.026298
477,0.052744
478,0.077874
479,0.078087
480,0.078104
481,0.026043
482,0.078171
483,0.103605
484,0.052045
485,0.052257
486,0.052263
487,0.026117
488,0.026178
489,0.025965
490,0.026184
491,0.028465
492,0.026463
493,0.026131
494,0.025990
495,0.026055
496,0.052211
497,0.052001
498,0.026343
499,0.026029
500,0.026267
501,0.026146
502,0.052158
503,0.026170
504,0.026146
505,0.026095
506,0.026085
507,0.026200
508,0.025969
509,0.026135
510,0.026061
511,0.026409
512,0.026067
513,0.026249
514,0.025881
515,0.026338
516,0.025996
517,0.026332
518,0.026171
519,0.026192
520,0.026428
521,0.026099
522,0.026097
523,0.026073
524,0.026176
525,0.026313
526,0.026233
527,0.026230
528,0.026114
529,0.026233
530,0.052001
531,0.026296
532,0.026138
533,0.026479
534,0.026157
535,0.026338
536,0.026184
537,0.052045
538,0.025983
539,0.026138
540,0.052457
541,0.025959
542,0.026212
543,0.026386
544,0.026048
545,0.051868
546,0.026293
547,0.025962
548,0.026303
549,0.026045
550,0.026206
551,0.026256
552,0.052101
553,0.026211
554,0.052033
555,0.026012
556,0.026263
557,0.026126
558,0.026176
559,0.026090
560,0.025982
561,0.026116
562,0.026023
563,0.026362
564,0.026032
565,0.026225
566,0.026049
567,0.026211
568,0.051938
569,0.026346
570,0.026171
571,0.026126
572,0.025917
573,0.026163
574,0.026088
575,0.026200
576,0.025997
577,0.026183
578,0.026386
579,0.026003
580,0.026239
581,0.026051
582,0.026309
583,0.051930
584,0.026207
585,0.026176
586,0.026230
587,0.026109
588,0.026181
589,0.026213
590,0.025955
591,0.026305
592,0.026004
593,0.026356
594,0.026306
595,0.026264
596,0.026098
597,0.026194
598,0.026316
599,0.025962
600,0.026175
601,0.026242
602,0.026197
603,0.026117
604,0.026133
605,0.026274
606,0.103885
607,0.025975
608,0.103534
609,0.129928
610,0.077553
611,0.103601
612,0.129510
613,0.130135
614,0.077523
615,0.103807
616,0.103674
617,0.078247
618,0.051987
619,0.026127
620,0.077846
621,0.026345
622,0.077919
623,0.026377
624,0.103418
625,0.052120
626,0.026237
627,0.026085
628,0.026363
629,0.026078
630,0.026186
631,0.051931
632,0.026143
633,0.026006
634,0.026124
635,0.051782
636,0.051733
637,0.026284
638,0.026156
639,0.026278
640,0.025924
641,0.026251
642,0.026153
643,0.026013
644,0.026185
645,0.026076
646,0.026283
647,0.025924
648,0.025923
649,0.026010
650,0.026038
651,0.026325
652,0.026111
653,0.026357
654,0.026051
655,0.026155
656,0.026036
657,0.026053
658,0.026150
659,0.026058
660,0.026211
661,0.025892
662,0.026114
663,0.026076
664,0.026298
665,0.025832
666,0.025952
667,0.026360
668,0.026076
669,0.026294
670,0.026049
671,0.026165
672,0.025922
673,0.026171
674,0.026253
675,0.026047
676,0.025970
677,0.026019
678,0.026060
679,0.026000
680,0.026014
681,0.026297
682,0.025964
683,0.026062
684,0.025941
685,0.026051
686,0.077569
687,0.025731
688,0.026095
689,0.077569
690,0.026170
691,0.025862
692,0.026410
693,0.025974
694,0.025904
695,0.051762
696,0.026148
697,0.026173
698,0.051734
699,0.026069
700,0.025844
701,0.025989
702,0.026265
703,0.026071
704,0.026129
705,0.052005
706,0.025970
707,0.026021
708,0.026270
709,0.026044
710,0.026095
711,0.026081
712,0.051663
713,0.026183
714,0.025828
715,0.025909
716,0.026286
717,0.025994
718,0.026078
719,0.026075
720,0.051712
721,0.026100
722,0.026222
723,0.025979
724,0.051747
725,0.026244
726,0.025962
727,0.026133
728,0.026103
729,0.026065
730,0.026203
731,0.026455
732,0.026389
733,0.026009
734,0.026390
735,0.026090
736,0.026219
737,0.026310
738,0.025829
739,0.026317
740,0.026224
741,0.078056
742,0.025901
743,0.026124
744,0.077786
745,0.052221
746,0.026004
747,0.026006
748,0.026240
749,0.026206
750,0.026363
751,0.025907
752,0.026263
753,0.025970
754,0.026270
755,0.026250
756,0.026129
757,0.026250
758,0.026102
759,0.026175
760,0.026088
761,0.026678
762,0.026271
763,0.026010
764,0.026284
765,0.077941
766,0.025973
767,0.026260
768,0.026203
769,0.026405
770,0.026028
771,0.103462
772,0.026086
773,0.026171
774,0.025850
775,0.026241
776,0.026067
777,0.026282
778,0.103376
779,0.078030
780,0.026073
781,0.026095
782,0.103687
783,0.026157
784,0.026138
785,0.026406
786,0.026124
787,0.026202
788,0.026221
789,0.026031
790,0.025979
791,0.103567
792,0.025953
793,0.026075
794,0.104016
795,0.103259
796,0.026133
797,0.077643
798,0.025785
799,0.026254
800,0.026094
801,0.026019
802,0.026020
803,0.026123
804,0.077681
805,0.077932
806,0.025842
807,0.026252
808,0.026008
809,0.026278
810,0.026071
811,0.026312
812,0.026066
813,0.026233
814,0.026063
815,0.025933
816,0.026118
817,0.025943
818,0.026071
819,0.025922
820,0.026122
821,0.026089
822,0.025940
823,0.026074
824,0.025955
825,0.026029
826,0.025961
827,0.026125
828,0.026075
829,0.026276
830,0.026225
831,0.026108
832,0.026244
833,0.026118
834,0.026084
835,0.026068
836,0.026007
837,0.025906
838,0.025983
839,0.026109
840,0.026058
841,0.026290
842,0.026091
843,0.026242
844,0.026071
845,0.025973
846,0.026232
847,0.025986
848,0.026298
849,0.026003
850,0.026052
851,0.026291
852,0.026046
853,0.026442
854,0.026086
855,0.025865
856,0.025947
857,0.026164
858,0.026078
859,0.025966
860,0.026130
861,0.052321
862,0.025746
863,0.051878
864,0.026293
865,0.026129
866,0.025912
867,0.051938
868,0.026087
869,0.052002
870,0.051744
871,0.051843
872,0.026087
873,0.051793
874,0.052017
875,0.051787
876,0.077939
877,0.078104
878,0.077872
879,0.051649
880,0.078321
881,0.052137
882,0.025970
883,0.051855
884,0.052041
885,0.026067
886,0.026195
887,0.025960
888,0.026018
889,0.026283
890,0.026009
891,0.026267
892,0.025861
893,0.026087
894,0.026054
895,0.026192
896,0.026050
897,0.026043
898,0.026276
899,0.026069
900,0.026283
901,0.026080
902,0.026204
903,0.026007
904,0.026008
905,0.026255
906,0.025979
907,0.026102
908,0.026184
909,0.026185
910,0.026136
911,0.025782
912,0.025863
913,0.025904
914,0.025822
915,0.025824
916,0.025743
917,0.025892
918,0.025896
919,0.025714
920,0.025898
921,0.025912
922,0.025998
923,0.025724
924,0.025728
925,0.025997
926,0.025867
927,0.025858
928,0.025796
929,0.025860
930,0.026029
931,0.025827
932,0.026003
933,0.025826
934,0.025891
935,0.025888
936,0.025880
937,0.025921
938,0.025932
939,0.025890
940,0.025886
941,0.026019
942,0.025874
943,0.026035
944,0.025836
945,0.026166
946,0.025993
947,0.030538
948,0.026752
949,0.026022
950,0.026257
951,0.026092
952,0.026089
953,0.026155
954,0.026229
955,0.026295
956,0.052536
957,0.026237
958,0.026141
959,0.051909
960,0.052114
961,0.052149
962,0.078147
963,0.077876
964,0.077953
965,0.026163
966,0.052124
967,0.077771
968,0.077474
969,0.077870
970,0.051930
971,0.077964
972,0.103705
973,0.078583
974,0.077967
975,0.052352
976,0.103543
977,0.078035
978,0.077681
979,0.051722
980,0.026128
981,0.051842
982,0.026341
983,0.052135
984,0.026174
985,0.026578
986,0.026097
987,0.026067
988,0.026155
989,0.026093
990,0.026307
991,0.026112
992,0.026235
993,0.026121
994,0.026082
995,0.026169
996,0.025868
997,0.026325
998,0.026136
999,0.026285
1000,0.026104
1001,0.026227
1002,0.026230
1003,0.026111
1004,0.026253
1005,0.026028
1006,0.026238
1007,0.026114
1008,0.026010
1009,0.026226
1010,0.025940
1011,0.026223
1012,0.026026
1013,0.026303
1014,0.026058
1015,0.026131
1016,0.026291
1017,0.026126
1018,0.026259
1019,0.026072
1020,0.026435
1021,0.026171
1022,0.026025
1023,0.025857
1024,0.025832
1025,0.026058
1026,0.026889
1027,0.025964
1028,0.025922
1029,0.026007
1030,0.025969
1031,0.026134
1032,0.025782
1033,0.025887
1034,0.025872
1035,0.025880
1036,0.025979
1037,0.026067
1038,0.025829
1039,0.025972
1040,0.025834
1041,0.026010
1042,0.025864
1043,0.025808
1044,0.025891
1045,0.025868
1046,0.025872
1047,0.025948
1048,0.026002
1049,0.025898
1050,0.025820
1051,0.025923
1052,0.025888
1053,0.026006
1054,0.025786
1055,0.025948
1056,0.026014
1057,0.025901
1058,0.025787
1059,0.025802
1060,0.052026
1061,0.025871
1062,0.025861
1063,0.025898
1064,0.025955
1065,0.025972
1066,0.025929
1067,0.025850
1068,0.025797
1069,0.026091
1070,0.026083
1071,0.025950
1072,0.025990
1073,0.026092
1074,0.025942
1075,0.026182
1076,0.025869
1077,0.026078
1078,0.025912
1079,0.025822
1080,0.025781
1081,0.026032
1082,0.025883
1083,0.025948
1084,0.025917
1085,0.026086
1086,0.025838
1087,0.025985
1088,0.051815
1089,0.026045
1090,0.026121
1091,0.025981
1092,0.025962
1093,0.025995
1094,0.025976
1095,0.026009
1096,0.025874
1097,0.051693
1098,0.025940
1099,0.026044
1100,0.025850
1101,0.026008
1102,0.026020
1103,0.025964
1104,0.025929
1105,0.025994
1106,0.026076
1107,0.025992
1108,0.025878
1109,0.025976
1110,0.025912
1111,0.025914
1112,0.026086
1113,0.026047
1114,0.025975
1115,0.025944
1116,0.025998
1117,0.025935
1118,0.025769
1119,0.026023
1120,0.025988
1121,0.026126
1122,0.025921
1123,0.026044
1124,0.025689
1125,0.026002
1126,0.025917
1127,0.025920
1128,0.026062
1129,0.026046
1130,0.025946
1131,0.026135
1132,0.026084
1133,0.026022
1134,0.026117
1135,0.026040
1136,0.026091
1137,0.026024
1138,0.026008
1139,0.026003
1140,0.026118
1141,0.026055
1142,0.026102
1143,0.026018
1144,0.025956
1145,0.026092
1146,0.025803
1147,0.026080
1148,0.025887
1149,0.026163
1150,0.026080
1151,0.025962
1152,0.025894
1153,0.026131
1154,0.025855
1155,0.025984
1156,0.025972
1157,0.025882
1158,0.025949
1159,0.025920
1160,0.025932
1161,0.025978
1162,0.025862
1163,0.025930
1164,0.025874
1165,0.026007
1166,0.026086
1167,0.025935
1168,0.025958
1169,0.025957
1170,0.025912
1171,0.025929
1172,0.051766
1173,0.051844
1174,0.102927
1175,0.051775
1176,0.103099
1177,0.103172
1178,0.102971
1179,0.103612
1180,0.102935
1181,0.077357
1182,0.051735
1183,0.025925
1184,0.051842
1185,0.051893
1186,0.051508
1187,0.051579
1188,0.025967
1189,0.043506
1190,0.025798
1191,0.025924
1192,0.025905
1193,0.026042
1194,0.025877
1195,0.025897
1196,0.025860
1197,0.026154
1198,0.025869
1199,0.025913
1200,0.025910
1201,0.026125
1202,0.026068
1203,0.026022
1204,0.025927
1205,0.026035
1206,0.025995
1207,0.025827
1208,0.025992
1209,0.025948
1210,0.025886
1211,0.026008
1212,0.025799
1213,0.025908
1214,0.025940
1215,0.025990
1216,0.026004
1217,0.025919
1218,0.025924
1219,0.026042
1220,0.025933
1221,0.025998
1222,0.025969
1223,0.026111
1224,0.026121
1225,0.025933
1226,0.026108
1227,0.025840
1228,0.025948
1229,0.026021
1230,0.026009
1231,0.025832
1232,0.025919
1233,0.025951
1234,0.025971
1235,0.025985
1236,0.026169
1237,0.026112
1238,0.026040
1239,0.025826
1240,0.025879
1241,0.026058
1242,0.025903
1243,0.025816
1244,0.026022
1245,0.026032
1246,0.026060
1247,0.025978
1248,0.025806
1249,0.026068
1250,0.025974
1251,0.025899
1252,0.025920
1253,0.025985
1254,0.025956
1255,0.026053
1256,0.025935
1257,0.026105
1258,0.026175
1259,0.025856
1260,0.025957
1261,0.026071
1262,0.026035
1263,0.025931
1264,0.026015
1265,0.025935
1266,0.025931
1267,0.025986
1268,0.026010
1269,0.025952
1270,0.026006
1271,0.025894
1272,0.025859
1273,0.025964
1274,0.026045
1275,0.025931
1276,0.025937
1277,0.026070
1278,0.025892
1279,0.025917
1280,0.026003
1281,0.025950
1282,0.025993
1283,0.025882
1284,0.026012
1285,0.026204
1286,0.025832
1287,0.025859
1288,0.025895
1289,0.025971
1290,0.025954
1291,0.025942
1292,0.025892
1293,0.025995
1294,0.025974
1295,0.026004
1296,0.026027
1297,0.026025
1298,0.025995
1299,0.025955
1300,0.025768
1301,0.026060
1302,0.025890
1303,0.025849
1304,0.025968
1305,0.026023
1306,0.025864
1307,0.025893
1308,0.025932
1309,0.026050
1310,0.026019
1311,0.025887
1312,0.025870
1313,0.026022
1314,0.025999
1315,0.025926
1316,0.026158
1317,0.025942
1318,0.025970
1319,0.025958
1320,0.025954
1321,0.026073
1322,0.025932
1323,0.025943
1324,0.026079
1325,0.026025
1326,0.025947
1327,0.025876
1328,0.025854
1329,0.026106
1330,0.026195
1331,0.026064
1332,0.026215
1333,0.026120
1334,0.026504
1335,0.026312
1336,0.025931
1337,0.026301
1338,0.026013
1339,0.026289
1340,0.026048
1341,0.026166
1342,0.026251
1343,0.026062
1344,0.026348
1345,0.026217
1346,0.026133
1347,0.025903
1348,0.026051
1349,0.026405
1350,0.026090
1351,0.026304
1352,0.026073
1353,0.026451
1354,0.025921
1355,0.026119
1356,0.026252
1357,0.026122
1358,0.026376
1359,0.026118
1360,0.026212
1361,0.026243
1362,0.026104
1363,0.026340
1364,0.026096
1365,0.026214
1366,0.026125
1367,0.026257
1368,0.052155
1369,0.026281
1370,0.026081
1371,0.026650
1372,0.026083
1373,0.026534
1374,0.052125
1375,0.026466
1376,0.025891
1377,0.026265
1378,0.026217
1379,0.043844
1380,0.026112
1381,0.025932
1382,0.026472
1383,0.026312
1384,0.026229
1385,0.052135
1386,0.026321
1387,0.026177
1388,0.026289
1389,0.026147
1390,0.026343
1391,0.026379
1392,0.026325
1393,0.026489
1394,0.026252
1395,0.026269
1396,0.026243
1397,0.026676
1398,0.026471
1399,0.026213
1400,0.026090
1401,0.026133
1402,0.026214
1403,0.025961
1404,0.026114
1405,0.026225
1406,0.026161
1407,0.026410
1408,0.026152
1409,0.026104
1410,0.026082
1411,0.026191
1412,0.025942
1413,0.026250
1414,0.026515
1415,0.026084
1416,0.026062
1417,0.026329
1418,0.026264
1419,0.025895
1420,0.026235
1421,0.026328
1422,0.026180
1423,0.026222
1424,0.026185
1425,0.026242
1426,0.025893
1427,0.026126
1428,0.026336
1429,0.026328
1430,0.026295
1431,0.026028
1432,0.026350
1433,0.025917
1434,0.026196
1435,0.026335
1436,0.026196
1437,0.026421
1438,0.026120
1439,0.026073
1440,0.026051
1441,0.026227
1442,0.026340
1443,0.026339
1444,0.026197
1445,0.026142
1446,0.026172
1447,0.025994
1448,0.026280
1449,0.026476
1450,0.026046
1451,0.026215
1452,0.025984
1453,0.026240
1454,0.025972
1455,0.026114
1456,0.026319
1457,0.026168
1458,0.026314
1459,0.026097
1460,0.026237
1461,0.025988
1462,0.026117
1463,0.026237
1464,0.026116
1465,0.026516
1466,0.026040
1467,0.026298
1468,0.026138
1469,0.026179
1470,0.026376
1471,0.026040
1472,0.026219
1473,0.026141
1474,0.026221
1475,0.026076
1476,0.026359
1477,0.026380
1478,0.026097
1479,0.026129
1480,0.026088
1481,0.026326
1482,0.025975
1483,0.026050
1484,0.026209
1485,0.026079
1486,0.026412
1487,0.026148
1488,0.026203
1489,0.026261
1490,0.026135
1491,0.026319
1492,0.026136
1493,0.026219
1494,0.026084
1495,0.026267
1496,0.026145
1497,0.026121
1498,0.026220
1499,0.026132
1500,0.026365
1501,0.026163
1502,0.026235
1503,0.026008
1504,0.026199
1505,0.026368
1506,0.026085
1507,0.026262
1508,0.026048
1509,0.026410
1510,0.026113
1511,0.026139
1512,0.026043
1513,0.026173
1514,0.026285
1515,0.026099
1516,0.026311
1517,0.026142
1518,0.026141
1519,0.026412
1520,0.025881
1521,0.026328
1522,0.026132
1523,0.026131
1524,0.026115
1525,0.025990
1526,0.026218
1527,0.025982
1528,0.026377
1529,0.026017
1530,0.026166
1531,0.026129
1532,0.026079
1533,0.026412
1534,0.026125
1535,0.026413
1536,0.026144
1537,0.026339
1538,0.026036
1539,0.026132
1540,0.026287
1541,0.026134
1542,0.026339
1543,0.026169
1544,0.026327
1545,0.026269
1546,0.026107
1547,0.026199
1548,0.026078
1549,0.026291
1550,0.026134
1551,0.026423
1552,0.026039
1553,0.026149
1554,0.026312
1555,0.026073
1556,0.026429
1557,0.026444
1558,0.026255
1559,0.025782
1560,0.026047
1561,0.026219
1562,0.026118
1563,0.026292
1564,0.026106
1565,0.026344
1566,0.026125
1567,0.026068
1568,0.026382
1569,0.042569
1570,0.026270
1571,0.025983
1572,0.026514
1573,0.026201
1574,0.026041
1575,0.026309
1576,0.026231
1577,0.026332
1578,0.026147
1579,0.026227
1580,0.026143
1581,0.025964
1582,0.026362
1583,0.026050
1584,0.026437
1585,0.026238
1586,0.026142
1587,0.026131
1588,0.026076
1589,0.026405
1590,0.026107
1591,0.026331
1592,0.026088
1593,0.026297
1594,0.026142
1595,0.026093
1596,0.026260
1597,0.026110
1598,0.026498
1599,0.026137
1600,0.026217
1601,0.026010
1602,0.026059
1603,0.026362
1604,0.026263
1605,0.026242
1606,0.026080
1607,0.026249
1608,0.026074
1609,0.026255
1610,0.026304
1611,0.026111
1612,0.026236
1613,0.026146
1614,0.026233
1615,0.026089
1616,0.026067
1617,0.026243
1618,0.026179
1619,0.026229
1620,0.026136
1621,0.026278
1622,0.026217
1623,0.026049
1624,0.026407
1625,0.026184
1626,0.026291
1627,0.026049
1628,0.026332
1629,0.026083
1630,0.026131
1631,0.026260
1632,0.026215
1633,0.026269
1634,0.026268
1635,0.026261
1636,0.026015
1637,0.026159
1638,0.026371
1639,0.025935
1640,0.026320
1641,0.026203
1642,0.026165
1643,0.025932
1644,0.026026
1645,0.026322
1646,0.026047
1647,0.026291
1648,0.025955
1649,0.026362
1650,0.026110
1651,0.026084
1652,0.026400
1653,0.026049
1654,0.026246
1655,0.026148
1656,0.026226
1657,0.026109
1658,0.026157
1659,0.026376
1660,0.026110
1661,0.026245
1662,0.026154
1663,0.026376
1664,0.026136
1665,0.026152
1666,0.026183
1667,0.026076
1668,0.026310
1669,0.026229
1670,0.026248
1671,0.026099
1672,0.025919
1673,0.026226
1674,0.026175
1675,0.026430
1676,0.025997
1677,0.026323
1678,0.026234
1679,0.026206
1680,0.026260
1681,0.026092
1682,0.026253
1683,0.026071
1684,0.026309
1685,0.026157
1686,0.026055
1687,0.026176
1688,0.025967
1689,0.026232
1690,0.026164
1691,0.026192
1692,0.026112
1693,0.026167
1694,0.026274
1695,0.026099
1696,0.026396
1697,0.026139
1698,0.026323
1699,0.026057
1700,0.025998
1701,0.026367
1702,0.026019
1703,0.026243
1704,0.025972
1705,0.026353
1706,0.025942
1707,0.025859
1708,0.026192
1709,0.026052
1710,0.026367
1711,0.025930
1712,0.026427
1713,0.026149
1714,0.026110
1715,0.026370
1716,0.025932
1717,0.026448
1718,0.026031
1719,0.026249
1720,0.026078
1721,0.052237
1722,0.025873
1723,0.026176
1724,0.051995
1725,0.026203
1726,0.052234
1727,0.026155
1728,0.052124
1729,0.052314
1730,0.078144
1731,0.052032
1732,0.078135
1733,0.026258
1734,0.052204
1735,0.077797
1736,0.026421
1737,0.026260
1738,0.026220
1739,0.026035
1740,0.026132
1741,0.026493
1742,0.026069
1743,0.026185
1744,0.026197
1745,0.026203
1746,0.025919
1747,0.043144
1748,0.025803
1749,0.025860
1750,0.025912
1751,0.025843
1752,0.025942
1753,0.025887
1754,0.025936
1755,0.025800
1756,0.025997
1757,0.025900
1758,0.025968
1759,0.025844
1760,0.025892
1761,0.025956
1762,0.025992
1763,0.026069
1764,0.026207
1765,0.026094
1766,0.026266
1767,0.025976
1768,0.026167
1769,0.026055
1770,0.026193
1771,0.025981
1772,0.026107
1773,0.026314
1774,0.026097
1775,0.026217
1776,0.026141
1777,0.026384
1778,0.025993
1779,0.026095
1780,0.026410
1781,0.026103
1782,0.026417
1783,0.025843
1784,0.026176
1785,0.026147
1786,0.026050
1787,0.026398
1788,0.026136
1789,0.026378
1790,0.025907
1791,0.026384
1792,0.025968
1793,0.026233
1794,0.026171
1795,0.026027
1796,0.026375
1797,0.026097
1798,0.026326
1799,0.026002
1800,0.026131
1801,0.026345
1802,0.026060
1803,0.026193
1804,0.026132
1805,0.026395
1806,0.026159
1807,0.026014
1808,0.026322
1809,0.026277
1810,0.026317
1811,0.026123
1812,0.026354
1813,0.026062
1814,0.025950
1815,0.026328
1816,0.026167
1817,0.026332
1818,0.026177
1819,0.026373
1820,0.026178
1821,0.026123
1822,0.026220
1823,0.026103
1824,0.026287
1825,0.026104
1826,0.026269
1827,0.026204
1828,0.026050
1829,0.026277
1830,0.026186
1831,0.026187
1832,0.026128
1833,0.026309
1834,0.026118
1835,0.025995
1836,0.026213
1837,0.026004
1838,0.026340
1839,0.052144
1840,0.026131
1841,0.026105
1842,0.026346
1843,0.026101
1844,0.026236
1845,0.026094
1846,0.026383
1847,0.026032
1848,0.026147
1849,0.026295
1850,0.026036
1851,0.026146
1852,0.026120
1853,0.026327
1854,0.026126
1855,0.025837
1856,0.026218
1857,0.026165
1858,0.026421
1859,0.025897
1860,0.026235
1861,0.026166
1862,0.026163
1863,0.026181
1864,0.026214
1865,0.026371
1866,0.025989
1867,0.026258
1868,0.026142
1869,0.026145
1870,0.026360
1871,0.026160
1872,0.026248
1873,0.026119
1874,0.026224
1875,0.026109
1876,0.026197
1877,0.026513
1878,0.026032
1879,0.026212
1880,0.025966
1881,0.026180
1882,0.026088
1883,0.026233
1884,0.026359
1885,0.026228
1886,0.026246
1887,0.026020
1888,0.026152
1889,0.026177
1890,0.025940
1891,0.026268
1892,0.025893
1893,0.026188
1894,0.025969
1895,0.026032
1896,0.026039
1897,0.026360
1898,0.025809
1899,0.026070
1900,0.026297
1901,0.026187
1902,0.026306
1903,0.026052
1904,0.026209
1905,0.026032
1906,0.026249
1907,0.026245
1908,0.026098
1909,0.026446
1910,0.026110
1911,0.026340
1912,0.026233
1913,0.026159
1914,0.026273
1915,0.026129
1916,0.026248
1917,0.026159
1918,0.026471
1919,0.026030
1920,0.026138
1921,0.026362
1922,0.025955
1923,0.026386
1924,0.026069
1925,0.026320
1926,0.025982
1927,0.026064
1928,0.026308
1929,0.026158
1930,0.026196
1931,0.026105
1932,0.026286
1933,0.026137
1934,0.026179
1935,0.026207
1936,0.026192
1937,0.043644
1938,0.025718
1939,0.026038
1940,0.026054
1941,0.026159
1942,0.026195
1943,0.026163
1944,0.026210
1945,0.026170
1946,0.026181
1947,0.026109
1948,0.026159
1949,0.026385
1950,0.026024
1951,0.026204
1952,0.026314
1953,0.026377
1954,0.025953
1955,0.026107
1956,0.026214
1957,0.026259
1958,0.026280
1959,0.025965
1960,0.026241
1961,0.026228
1962,0.026220
1963,0.026235
1964,0.026095
1965,0.026263
1966,0.026167
1967,0.026407
1968,0.025975
1969,0.026177
1970,0.026404
1971,0.026145
1972,0.026219
1973,0.026201
1974,0.026252
1975,0.026022
1976,0.026208
1977,0.026379
1978,0.026002
1979,0.026264
1980,0.026234
1981,0.026233
1982,0.026077
1983,0.026176
1984,0.026330
1985,0.026072
1986,0.026349
1987,0.026112
1988,0.026274
1989,0.025939
1990,0.026198
1991,0.026469
1992,0.026068
1993,0.026263
1994,0.026173
1995,0.026153
1996,0.026074
1997,0.026075
1998,0.026347
1999,0.026182
2000,0.026348
2001,0.026158
2002,0.026349
2003,0.025975
2004,0.026021
2005,0.026537
2006,0.026066
2007,0.026255
2008,0.026093
2009,0.026121
2010,0.051971
2011,0.026325
2012,0.026206
2013,0.026380
2014,0.026021
2015,0.026336
2016,0.026145
2017,0.026320
2018,0.026453
2019,0.026065
2020,0.026229
2021,0.026086
2022,0.026301
2023,0.025915
2024,0.026168
2025,0.026430
2026,0.026076
2027,0.026372
2028,0.026064
2029,0.026266
2030,0.025978
2031,0.026162
2032,0.026368
2033,0.026102
2034,0.026306
2035,0.026161
2036,0.026221
2037,0.025980
2038,0.026289
2039,0.026308
2040,0.026071
2041,0.026378
2042,0.026089
2043,0.026186
2044,0.026059
2045,0.026226
2046,0.026369
2047,0.026070
2048,0.026189
2049,0.026227
2050,0.026253
2051,0.025971
2052,0.026097
2053,0.026290
2054,0.026000
2055,0.026381
2056,0.026019
2057,0.026311
2058,0.026294
2059,0.026144
2060,0.026436
2061,0.026188
2062,0.026057
2063,0.026085
2064,0.026401
2065,0.025912
2066,0.026065
2067,0.026207
2068,0.026236
2069,0.026278
2070,0.026083
2071,0.026357
2072,0.026210
2073,0.026095
2074,0.026381
2075,0.026108
2076,0.026216
2077,0.026184
2078,0.026422
2079,0.025972
2080,0.026099
2081,0.026531
2082,0.026028
2083,0.026267
2084,0.026003
2085,0.026254
2086,0.051788
2087,0.026390
2088,0.026183
2089,0.026456
2090,0.026134
2091,0.026274
2092,0.026066
2093,0.026262
2094,0.026311
2095,0.026154
2096,0.026199
2097,0.026168
2098,0.026497
2099,0.026162
2100,0.026018
2101,0.026382
2102,0.026055
2103,0.026107
2104,0.026190
2105,0.026297
2106,0.026009
2107,0.026128
2108,0.026303
2109,0.026262
2110,0.026204
2111,0.026078
2112,0.026439
2113,0.027512
2114,0.026224
2115,0.026449
2116,0.026132
2117,0.026369
2118,0.026185
2119,0.026171
2120,0.026795
2121,0.026269
2122,0.026335
2123,0.025965
2124,0.026367
2125,0.026428
2126,0.042989
2127,0.026017
2128,0.026012
2129,0.026479
2130,0.026618
2131,0.052096
2132,0.052490
2133,0.052482
2134,0.078378
2135,0.078457
2136,0.052530
2137,0.052339
2138,0.052163
2139,0.078649
2140,0.052112
2141,0.051982
2142,0.051991
2143,0.051950
2144,0.051859
2145,0.051793
2146,0.025849
# total_episodes=2146, avg_seconds=0.029273
