# episode_index, seconds
1,0.004090
2,0.000921
3,0.003238
4,0.000754
5,0.001970
6,0.003534
7,0.003030
8,0.001341
9,0.002471
10,0.001326
11,0.003744
12,0.003593
13,0.001366
14,0.000743
15,0.002468
16,0.000768
17,0.003087
18,0.003572
19,0.002457
20,0.000765
21,0.000787
22,0.001922
23,0.003596
24,0.002476
25,0.000802
26,0.003138
27,0.002486
28,0.005023
29,0.029684
30,0.104368
31,0.026018
32,0.103868
33,0.134757
34,0.052160
35,0.077640
36,0.026427
37,0.078287
38,0.026650
39,0.025980
40,0.026033
41,0.026427
42,0.026028
43,0.052409
44,0.026440
45,0.026172
46,0.026125
47,0.026382
48,0.026087
49,0.026240
50,0.026158
51,0.026239
52,0.026140
53,0.026281
54,0.026381
55,0.026066
56,0.026027
57,0.026108
58,0.026385
59,0.025900
60,0.026159
61,0.026496
62,0.026081
63,0.026079
64,0.026120
65,0.026915
66,0.026496
67,0.026121
68,0.026271
69,0.026095
70,0.026333
71,0.026287
72,0.026092
73,0.026392
74,0.052073
75,0.026111
76,0.052284
77,0.026162
78,0.026240
79,0.026043
80,0.026381
81,0.052578
82,0.026206
83,0.026174
84,0.026231
85,0.052325
86,0.052249
87,0.026232
88,0.026234
89,0.026480
90,0.026021
91,0.026408
92,0.025939
93,0.026149
94,0.052245
95,0.052606
96,0.026345
97,0.026274
98,0.026062
99,0.052152
100,0.026397
101,0.052240
102,0.026138
103,0.026270
104,0.026118
105,0.026155
106,0.052344
107,0.026502
108,0.026044
109,0.052186
110,0.026272
111,0.026413
112,0.026197
113,0.052329
114,0.026150
115,0.026197
116,0.026016
117,0.026462
118,0.026086
119,0.026265
120,0.026028
121,0.026155
122,0.026197
123,0.026217
124,0.026482
125,0.026347
126,0.026245
127,0.026157
128,0.026382
129,0.026268
130,0.026319
131,0.026396
132,0.026278
133,0.026372
134,0.026285
135,0.026192
136,0.026087
137,0.026253
138,0.026479
139,0.026098
140,0.026295
141,0.026056
142,0.026265
143,0.026449
144,0.026237
145,0.026516
146,0.026059
147,0.026409
148,0.026205
149,0.026139
150,0.026437
151,0.026105
152,0.026167
153,0.052371
154,0.026118
155,0.026180
156,0.026261
157,0.026152
158,0.026390
159,0.025979
160,0.026163
161,0.026236
162,0.026198
163,0.026432
164,0.026105
165,0.026236
166,0.025962
167,0.052280
168,0.026271
169,0.026424
170,0.052321
171,0.026254
172,0.026317
173,0.052479
174,0.026431
175,0.052523
176,0.026274
177,0.052583
178,0.078553
179,0.052396
180,0.052298
181,0.078579
182,0.052587
183,0.052420
184,0.052446
185,0.052401
186,0.026231
187,0.026485
188,0.027007
189,0.027275
190,0.026500
191,0.026278
192,0.026361
193,0.026526
194,0.026190
195,0.026544
196,0.026257
197,0.026164
198,0.026221
199,0.026039
200,0.026400
201,0.026103
202,0.026443
203,0.026184
204,0.026601
205,0.026471
206,0.026462
207,0.026410
208,0.052050
209,0.026214
210,0.026467
211,0.026098
212,0.026051
213,0.026467
214,0.052042
215,0.026178
216,0.026182
217,0.026237
218,0.026173
219,0.026060
220,0.026015
221,0.026126
222,0.026183
223,0.026122
224,0.051944
225,0.026302
226,0.026153
227,0.025877
228,0.025838
229,0.026078
230,0.025882
231,0.026063
232,0.025850
233,0.026267
234,0.026215
235,0.025928
236,0.026028
237,0.026036
238,0.026181
239,0.026043
240,0.026093
241,0.025956
242,0.026100
243,0.026161
244,0.025912
245,0.026136
246,0.026192
247,0.026064
248,0.026091
249,0.026009
250,0.026143
251,0.026044
252,0.026013
253,0.026059
254,0.026188
255,0.026095
256,0.026188
257,0.026141
258,0.025960
259,0.026057
260,0.026108
261,0.026184
262,0.026188
263,0.026166
264,0.026099
265,0.026145
266,0.025976
267,0.026188
268,0.026065
269,0.026154
270,0.026019
271,0.025978
272,0.025950
273,0.026330
274,0.026212
275,0.026192
276,0.025984
277,0.026062
278,0.026029
279,0.026092
280,0.026044
281,0.026031
282,0.026069
283,0.026130
284,0.026016
285,0.026135
286,0.026146
287,0.026009
288,0.026081
289,0.026239
290,0.026088
291,0.026061
292,0.026014
293,0.026030
294,0.026135
295,0.026024
296,0.026050
297,0.026133
298,0.026069
299,0.026003
300,0.026114
301,0.026121
302,0.026133
303,0.026037
304,0.026074
305,0.051943
306,0.051960
307,0.026013
308,0.026154
309,0.026158
310,0.026091
311,0.026037
312,0.026019
313,0.026204
314,0.026010
315,0.051721
316,0.026039
317,0.026089
318,0.026149
319,0.026081
320,0.026008
321,0.026138
322,0.025978
323,0.026012
324,0.026036
325,0.026238
326,0.026053
327,0.026127
328,0.026045
329,0.026126
330,0.025987
331,0.026015
332,0.026108
333,0.026117
334,0.026005
335,0.026083
336,0.026105
337,0.026200
338,0.026054
339,0.026103
340,0.026070
341,0.026110
342,0.026162
343,0.026094
344,0.025995
345,0.026173
346,0.026195
347,0.025963
348,0.026157
349,0.026045
350,0.026072
351,0.026024
352,0.026117
353,0.026186
354,0.026028
355,0.026058
356,0.026052
357,0.025947
358,0.026012
359,0.026218
360,0.026187
361,0.026120
362,0.026069
363,0.026092
364,0.026148
365,0.026153
366,0.026046
367,0.026217
368,0.026015
369,0.026108
370,0.026165
371,0.026010
372,0.026186
373,0.026169
374,0.026178
375,0.026137
376,0.026080
377,0.025955
378,0.026146
379,0.025988
380,0.026208
381,0.026033
382,0.026343
383,0.026039
384,0.026049
385,0.026142
386,0.026035
387,0.026189
388,0.025871
389,0.026048
390,0.040476
391,0.028524
392,0.025934
393,0.025947
394,0.026072
395,0.026140
396,0.025911
397,0.026066
398,0.026201
399,0.026038
400,0.026072
401,0.051821
402,0.026157
403,0.026050
404,0.026116
405,0.026118
406,0.026121
407,0.025989
408,0.026001
409,0.026202
410,0.026080
411,0.026152
412,0.026119
413,0.026389
414,0.026027
415,0.026064
416,0.025984
417,0.026098
418,0.026279
419,0.026053
420,0.026103
421,0.026036
422,0.026848
423,0.026205
424,0.077898
425,0.026453
426,0.026077
427,0.025997
428,0.026042
429,0.026045
430,0.051767
431,0.026167
432,0.026163
433,0.026220
434,0.026101
435,0.026112
436,0.026029
437,0.026106
438,0.026012
439,0.026410
440,0.026353
441,0.026568
442,0.026220
443,0.052498
444,0.026426
445,0.026512
446,0.078145
447,0.026120
448,0.026224
449,0.026293
450,0.026057
451,0.026259
452,0.026338
453,0.026049
454,0.026141
455,0.026288
456,0.026348
457,0.026360
458,0.026194
459,0.051893
460,0.026294
461,0.026075
462,0.026311
463,0.078371
464,0.026171
465,0.052342
466,0.026326
467,0.026093
468,0.026340
469,0.026569
470,0.026008
471,0.026242
472,0.052429
473,0.052575
474,0.051990
475,0.026235
476,0.026023
477,0.026495
478,0.026358
479,0.026218
480,0.026199
481,0.026388
482,0.026523
483,0.026185
484,0.026050
485,0.026535
486,0.026109
487,0.026211
488,0.026026
489,0.026148
490,0.026142
491,0.026179
492,0.026458
493,0.026156
494,0.026363
495,0.026338
496,0.026411
497,0.026281
498,0.026232
499,0.026460
500,0.026415
501,0.026279
502,0.026260
503,0.026240
504,0.026059
505,0.052473
506,0.026343
507,0.026180
508,0.026267
509,0.026092
510,0.026464
511,0.026466
512,0.026382
513,0.026237
514,0.026283
515,0.026299
516,0.026327
517,0.026528
518,0.026344
519,0.026473
520,0.026408
521,0.026289
522,0.026127
523,0.026234
524,0.026515
525,0.026164
526,0.026615
527,0.026410
528,0.026253
529,0.026429
530,0.026008
531,0.026303
532,0.026293
533,0.026600
534,0.026297
535,0.026411
536,0.026357
537,0.026404
538,0.026269
539,0.026132
540,0.026365
541,0.026497
542,0.026190
543,0.026534
544,0.026199
545,0.026240
546,0.026366
547,0.026193
548,0.026342
549,0.026490
550,0.026579
551,0.026145
552,0.026590
553,0.025978
554,0.026288
555,0.052349
556,0.026426
557,0.026283
558,0.026361
559,0.026096
560,0.026154
561,0.052355
562,0.026394
563,0.052549
564,0.026398
565,0.026303
566,0.078745
567,0.052430
568,0.052434
569,0.052381
570,0.026256
571,0.052150
572,0.052542
573,0.078644
574,0.052249
575,0.026422
576,0.078312
577,0.078470
578,0.026490
579,0.026262
580,0.078715
581,0.026521
582,0.026327
583,0.026424
584,0.052521
585,0.026134
586,0.026424
587,0.026200
588,0.026297
589,0.026356
590,0.026108
591,0.026156
592,0.026137
593,0.026352
594,0.026407
595,0.026064
596,0.026560
597,0.026300
598,0.026258
599,0.026139
600,0.026339
601,0.026381
602,0.026471
603,0.026580
604,0.026364
605,0.026454
606,0.026052
607,0.052594
608,0.026129
609,0.026359
610,0.026257
611,0.078020
612,0.026699
613,0.026221
614,0.026250
615,0.026066
616,0.026193
617,0.026549
618,0.078210
619,0.026197
620,0.026127
621,0.026451
622,0.026473
623,0.026263
624,0.026512
625,0.026148
626,0.026195
627,0.026255
628,0.026391
629,0.026585
630,0.026160
631,0.026415
632,0.026293
633,0.026570
634,0.026128
635,0.052414
636,0.026093
637,0.026659
638,0.026024
639,0.026276
640,0.026660
641,0.026330
642,0.026433
643,0.026240
644,0.104138
645,0.026145
646,0.026303
647,0.026314
648,0.026597
649,0.026291
650,0.025970
651,0.052524
652,0.052255
653,0.026355
654,0.026251
655,0.026378
656,0.026566
657,0.026263
658,0.052592
659,0.026422
660,0.026201
661,0.026348
662,0.026396
663,0.052181
664,0.078315
665,0.052446
666,0.078271
667,0.026510
668,0.026247
669,0.026208
670,0.026359
671,0.026050
672,0.078544
673,0.026108
674,0.026238
675,0.026299
676,0.026280
677,0.026224
678,0.078268
679,0.026287
680,0.026567
681,0.104598
682,0.026481
683,0.026206
684,0.052172
685,0.026509
686,0.026237
687,0.078767
688,0.026370
689,0.026222
690,0.026116
691,0.026155
692,0.026218
693,0.026486
694,0.026118
695,0.026395
696,0.026194
697,0.026526
698,0.026352
699,0.026268
700,0.026129
701,0.026243
702,0.026353
703,0.026231
704,0.026333
705,0.026185
706,0.026273
707,0.026554
708,0.035247
709,0.027888
710,0.026067
711,0.026340
712,0.026259
713,0.026463
714,0.026200
715,0.026344
716,0.052291
717,0.026290
718,0.026271
719,0.026225
720,0.026235
721,0.026429
722,0.026437
723,0.078361
724,0.026237
725,0.026117
726,0.026312
727,0.026587
728,0.026315
729,0.026516
730,0.026083
731,0.026259
732,0.026190
733,0.026091
734,0.026419
735,0.026182
736,0.052275
737,0.026386
738,0.026221
739,0.026254
740,0.026385
741,0.026136
742,0.026588
743,0.026442
744,0.078430
745,0.026359
746,0.026154
747,0.026241
748,0.026501
749,0.026372
750,0.026373
751,0.026097
752,0.026602
753,0.026283
754,0.026220
755,0.026228
756,0.026101
757,0.026547
758,0.025914
759,0.026224
760,0.026212
761,0.026369
762,0.026306
763,0.026286
764,0.026551
765,0.026338
766,0.026433
767,0.026235
768,0.026374
769,0.026162
770,0.026046
771,0.026575
772,0.026104
773,0.026251
774,0.026100
775,0.026310
776,0.026362
777,0.026273
778,0.026211
779,0.026273
780,0.026495
781,0.104691
782,0.026460
783,0.026190
784,0.026149
785,0.026351
786,0.026057
787,0.026406
788,0.026241
789,0.026680
790,0.026215
791,0.026431
792,0.026324
793,0.026402
794,0.026441
795,0.026057
796,0.026276
797,0.026116
798,0.026251
799,0.026440
800,0.026268
801,0.026535
802,0.026144
803,0.026365
804,0.026296
805,0.026043
806,0.026429
807,0.026380
808,0.026600
809,0.026329
810,0.026707
811,0.026066
812,0.026257
813,0.026533
814,0.026064
815,0.026435
816,0.026009
817,0.026350
818,0.026393
819,0.026157
820,0.026432
821,0.026263
822,0.026247
823,0.026230
824,0.026024
825,0.026514
826,0.026051
827,0.026338
828,0.026225
829,0.026501
830,0.026288
831,0.026208
832,0.026295
833,0.026443
834,0.026406
835,0.026327
836,0.026226
837,0.026072
838,0.026288
839,0.026420
840,0.025985
841,0.026465
842,0.026021
843,0.026395
844,0.026184
845,0.026104
846,0.026022
847,0.026231
848,0.025920
849,0.026291
850,0.026184
851,0.026015
852,0.026112
853,0.026073
854,0.026408
855,0.025956
856,0.026074
857,0.026155
858,0.026048
859,0.026233
860,0.026107
861,0.026125
862,0.026315
863,0.026128
864,0.026130
865,0.026299
866,0.026302
867,0.026225
868,0.026167
869,0.026088
870,0.026108
871,0.026171
872,0.026228
873,0.026141
874,0.025998
875,0.026107
876,0.026338
877,0.026280
878,0.026140
879,0.025984
880,0.026110
881,0.026293
882,0.026076
883,0.026137
884,0.025959
885,0.026005
886,0.026016
887,0.025984
888,0.026053
889,0.025999
890,0.042427
891,0.025916
892,0.026044
893,0.026242
894,0.026123
895,0.026156
896,0.026125
897,0.026159
898,0.026118
899,0.103668
900,0.026113
901,0.026191
902,0.026128
903,0.103991
904,0.129841
905,0.129698
906,0.130386
907,0.078307
908,0.104239
909,0.078180
910,0.104272
911,0.104924
912,0.026119
913,0.052591
914,0.026279
915,0.052183
916,0.052461
917,0.052475
918,0.026253
919,0.052407
920,0.026402
921,0.026068
922,0.026220
923,0.026374
924,0.026067
925,0.026503
926,0.026319
927,0.026311
928,0.026389
929,0.026333
930,0.026266
931,0.026267
932,0.026265
933,0.026303
934,0.026209
935,0.026438
936,0.026254
937,0.026532
938,0.026320
939,0.026563
940,0.026530
941,0.026427
942,0.026488
943,0.026081
944,0.026290
945,0.026642
946,0.026367
947,0.026439
948,0.026200
949,0.026514
950,0.026264
951,0.026271
952,0.026295
953,0.026456
954,0.026294
955,0.026189
956,0.026355
957,0.026364
958,0.026270
959,0.026449
960,0.026070
961,0.026302
962,0.026164
963,0.026231
964,0.026266
965,0.026376
966,0.026431
967,0.026221
968,0.026538
969,0.026317
970,0.026387
971,0.026125
972,0.026293
973,0.026533
974,0.026111
975,0.026515
976,0.026353
977,0.026295
978,0.026469
979,0.026207
980,0.026415
981,0.026243
982,0.026475
983,0.026345
984,0.026374
985,0.026478
986,0.026209
987,0.026348
988,0.026035
989,0.026432
990,0.026390
991,0.026209
992,0.026414
993,0.026402
994,0.026323
995,0.026455
996,0.026371
997,0.026770
998,0.026232
999,0.026410
1000,0.026230
1001,0.026326
1002,0.026156
1003,0.025976
1004,0.026508
1005,0.026184
1006,0.026304
1007,0.026117
1008,0.026266
1009,0.026415
1010,0.026102
1011,0.026215
1012,0.026331
1013,0.026415
1014,0.026332
1015,0.026152
1016,0.026543
1017,0.026204
1018,0.026329
1019,0.026230
1020,0.026418
1021,0.026149
1022,0.026237
1023,0.026390
1024,0.026360
1025,0.026431
1026,0.026233
1027,0.026558
1028,0.026376
1029,0.026399
1030,0.026433
1031,0.026087
1032,0.026255
1033,0.026396
1034,0.026053
1035,0.026451
1036,0.026199
1037,0.026353
1038,0.026186
1039,0.026568
1040,0.026329
1041,0.026390
1042,0.026566
1043,0.026201
1044,0.048448
1045,0.032881
1046,0.026332
1047,0.026302
1048,0.026401
1049,0.026850
1050,0.026303
1051,0.026481
1052,0.026263
1053,0.026631
1054,0.026133
1055,0.026089
1056,0.026267
1057,0.026222
1058,0.026398
1059,0.026487
1060,0.026377
1061,0.026352
1062,0.026106
1063,0.026322
1064,0.026150
1065,0.026247
1066,0.026027
1067,0.026325
1068,0.026434
1069,0.026344
1070,0.026553
1071,0.026573
1072,0.026458
1073,0.026350
1074,0.026388
1075,0.026463
1076,0.026391
1077,0.026419
1078,0.026162
1079,0.026306
1080,0.026056
1081,0.026141
1082,0.078790
1083,0.078342
1084,0.078154
1085,0.104571
1086,0.104686
1087,0.078187
1088,0.052246
1089,0.052631
1090,0.052364
1091,0.052314
1092,0.052062
1093,0.026516
1094,0.026335
1095,0.026284
1096,0.026089
1097,0.026403
1098,0.026593
1099,0.026373
1100,0.026449
1101,0.026287
1102,0.026238
1103,0.026401
1104,0.026310
1105,0.026516
1106,0.026331
1107,0.026470
1108,0.026333
1109,0.026374
1110,0.026503
1111,0.026339
1112,0.026432
1113,0.026317
1114,0.026209
1115,0.026190
1116,0.026386
1117,0.026540
1118,0.026298
1119,0.052495
1120,0.026526
1121,0.026269
1122,0.026215
1123,0.026505
1124,0.026216
1125,0.026607
1126,0.026285
1127,0.026257
1128,0.026503
1129,0.025976
1130,0.026357
1131,0.027000
1132,0.026408
1133,0.026229
1134,0.026216
1135,0.026519
1136,0.026135
1137,0.026408
1138,0.026057
1139,0.026264
1140,0.026353
1141,0.026269
1142,0.026331
1143,0.026318
1144,0.026439
1145,0.026351
1146,0.026372
1147,0.026611
1148,0.026267
1149,0.026505
1150,0.026163
1151,0.026274
1152,0.026033
1153,0.026451
1154,0.026432
1155,0.026223
1156,0.026290
1157,0.026077
1158,0.026270
1159,0.026542
1160,0.026148
1161,0.026683
1162,0.026147
1163,0.026177
1164,0.026362
1165,0.026438
1166,0.026483
1167,0.026435
1168,0.026470
1169,0.026428
1170,0.026418
1171,0.026492
1172,0.026316
1173,0.026621
1174,0.026261
1175,0.026559
1176,0.026333
1177,0.026340
1178,0.026574
1179,0.026280
1180,0.026209
1181,0.026322
1182,0.026340
1183,0.026505
1184,0.026322
1185,0.026623
1186,0.026361
1187,0.026369
1188,0.026322
1189,0.026334
1190,0.026667
1191,0.026228
1192,0.026301
1193,0.026309
1194,0.026256
1195,0.026568
1196,0.026465
1197,0.026280
1198,0.026257
1199,0.026297
1200,0.026246
1201,0.026416
1202,0.026421
1203,0.026335
1204,0.026517
1205,0.026308
1206,0.026437
1207,0.026447
1208,0.026234
1209,0.026632
1210,0.026260
1211,0.026251
1212,0.026310
1213,0.043505
1214,0.026359
1215,0.026098
1216,0.026515
1217,0.026305
1218,0.026430
1219,0.026471
1220,0.026323
1221,0.026775
1222,0.026239
1223,0.052651
1224,0.026264
1225,0.026667
1226,0.026521
1227,0.026439
1228,0.052371
1229,0.052573
1230,0.026604
1231,0.026269
1232,0.026324
1233,0.078722
1234,0.026369
1235,0.026517
1236,0.026429
1237,0.026491
1238,0.026182
1239,0.026308
1240,0.026523
1241,0.026327
1242,0.026630
1243,0.026345
1244,0.026175
1245,0.026773
1246,0.026449
1247,0.026574
1248,0.026499
1249,0.026436
1250,0.026438
1251,0.052507
1252,0.026319
1253,0.026290
1254,0.026275
1255,0.026474
1256,0.026474
1257,0.026406
1258,0.026580
1259,0.026262
1260,0.026481
1261,0.026399
1262,0.026438
1263,0.026484
1264,0.026261
1265,0.026331
1266,0.026379
1267,0.026404
1268,0.026469
1269,0.026284
1270,0.026437
1271,0.026402
1272,0.026450
1273,0.026645
1274,0.026525
1275,0.026324
1276,0.026217
1277,0.026601
1278,0.052450
1279,0.026460
1280,0.026216
1281,0.026491
1282,0.026371
1283,0.026421
1284,0.026509
1285,0.026322
1286,0.026545
1287,0.026211
1288,0.026452
1289,0.026379
1290,0.026398
1291,0.026532
1292,0.026542
1293,0.026669
1294,0.026290
1295,0.026362
1296,0.026490
1297,0.026375
1298,0.026511
1299,0.026353
1300,0.026559
1301,0.026230
1302,0.026174
1303,0.026595
1304,0.026161
1305,0.026636
1306,0.026144
1307,0.026347
1308,0.026488
1309,0.026273
1310,0.026264
1311,0.026341
1312,0.026496
1313,0.026465
1314,0.026388
1315,0.026567
1316,0.026264
1317,0.026581
1318,0.026409
1319,0.026179
1320,0.026491
1321,0.026362
1322,0.026447
1323,0.026347
1324,0.026449
1325,0.026382
1326,0.026438
1327,0.026359
1328,0.026224
1329,0.026716
1330,0.026327
1331,0.026094
1332,0.026567
1333,0.026468
1334,0.026584
1335,0.026347
1336,0.026450
1337,0.026396
1338,0.026370
1339,0.026538
1340,0.026241
1341,0.026319
1342,0.026361
1343,0.026088
1344,0.026496
1345,0.026408
1346,0.026649
1347,0.026469
1348,0.026572
1349,0.026462
1350,0.026229
1351,0.026499
1352,0.026316
1353,0.026242
1354,0.026418
1355,0.026448
1356,0.026464
1357,0.026451
1358,0.026427
1359,0.026223
1360,0.026614
1361,0.026538
1362,0.026383
1363,0.026545
1364,0.026398
1365,0.052717
1366,0.052622
1367,0.026450
1368,0.026379
1369,0.026319
1370,0.078810
1371,0.078790
1372,0.052513
1373,0.026415
1374,0.026451
1375,0.026251
1376,0.052760
1377,0.026391
1378,0.026297
1379,0.026528
1380,0.026273
1381,0.078528
1382,0.026125
1383,0.026214
1384,0.026672
1385,0.042512
1386,0.052199
1387,0.026430
1388,0.026409
1389,0.026290
1390,0.026627
1391,0.026222
1392,0.026417
1393,0.026375
1394,0.026354
1395,0.026566
1396,0.052703
1397,0.026384
1398,0.026516
1399,0.026481
1400,0.052855
1401,0.026559
1402,0.026560
1403,0.026408
1404,0.026327
1405,0.026532
1406,0.026122
1407,0.026353
1408,0.026241
1409,0.026347
1410,0.026398
1411,0.026290
1412,0.026566
1413,0.026420
1414,0.026574
1415,0.026078
1416,0.026262
1417,0.026506
1418,0.026271
1419,0.026464
1420,0.026420
1421,0.026450
1422,0.026375
1423,0.026330
1424,0.026510
1425,0.026487
1426,0.026464
1427,0.052447
1428,0.026525
1429,0.026296
1430,0.026461
1431,0.026125
1432,0.026332
1433,0.026490
1434,0.026447
1435,0.026601
1436,0.026376
1437,0.026551
1438,0.026297
1439,0.026279
1440,0.026322
1441,0.026390
1442,0.026429
1443,0.026172
1444,0.026282
1445,0.026502
1446,0.026098
1447,0.026488
1448,0.026239
1449,0.026445
1450,0.026248
1451,0.025973
1452,0.026389
1453,0.026283
1454,0.026319
1455,0.026259
1456,0.026465
1457,0.026293
1458,0.026490
1459,0.026614
1460,0.026231
1461,0.026523
1462,0.026412
1463,0.026439
1464,0.026296
1465,0.026350
1466,0.026233
1467,0.026437
1468,0.026478
1469,0.026422
1470,0.026278
1471,0.026384
1472,0.026287
1473,0.026507
1474,0.026120
1475,0.026393
1476,0.026426
1477,0.026271
1478,0.026461
1479,0.026127
1480,0.026180
1481,0.026474
1482,0.026512
1483,0.026476
1484,0.026469
1485,0.026529
1486,0.026177
1487,0.026395
1488,0.026597
1489,0.026515
1490,0.026432
1491,0.026382
1492,0.026486
1493,0.026297
1494,0.026161
1495,0.026333
1496,0.026295
1497,0.026058
1498,0.026280
1499,0.026157
1500,0.026218
1501,0.026256
1502,0.026214
1503,0.025953
1504,0.026124
1505,0.026034
1506,0.026181
1507,0.026052
1508,0.026191
1509,0.026136
1510,0.026155
1511,0.026170
1512,0.026077
1513,0.026253
1514,0.026254
1515,0.026238
1516,0.026198
1517,0.026130
1518,0.026113
1519,0.026030
1520,0.025999
1521,0.026295
1522,0.026233
1523,0.026095
1524,0.026245
1525,0.026134
1526,0.026139
1527,0.026341
1528,0.026263
1529,0.026323
1530,0.026120
1531,0.026173
1532,0.026179
1533,0.026116
1534,0.026059
1535,0.026262
1536,0.026131
1537,0.026389
1538,0.026218
1539,0.026090
1540,0.026149
1541,0.026143
1542,0.026296
1543,0.026108
1544,0.026207
1545,0.026255
1546,0.026253
1547,0.026081
1548,0.026057
1549,0.026395
1550,0.026343
1551,0.026338
1552,0.026205
1553,0.026329
1554,0.026108
1555,0.026143
1556,0.026064
1557,0.026246
1558,0.026154
1559,0.026183
1560,0.026172
1561,0.026170
1562,0.025925
1563,0.026169
1564,0.026052
1565,0.026207
1566,0.026116
1567,0.026100
1568,0.026199
1569,0.026244
1570,0.037123
1571,0.027255
1572,0.026126
1573,0.026021
1574,0.026086
1575,0.026114
1576,0.026233
1577,0.026213
1578,0.026085
1579,0.026127
1580,0.026034
1581,0.026210
1582,0.026151
1583,0.026144
1584,0.026170
1585,0.026277
1586,0.026110
1587,0.026282
1588,0.026177
1589,0.026308
1590,0.026074
1591,0.026076
1592,0.026177
1593,0.026338
1594,0.026091
1595,0.026302
1596,0.026283
1597,0.026541
1598,0.026278
1599,0.026661
1600,0.026424
1601,0.026525
1602,0.026405
1603,0.026349
1604,0.026433
1605,0.026352
1606,0.026328
1607,0.026127
1608,0.026139
1609,0.026743
1610,0.026258
1611,0.026373
1612,0.026093
1613,0.026315
1614,0.026448
1615,0.026447
1616,0.026476
1617,0.052795
1618,0.026300
1619,0.026278
1620,0.026614
1621,0.026401
1622,0.026520
1623,0.026174
1624,0.026367
1625,0.026506
1626,0.026353
1627,0.026539
1628,0.026244
1629,0.026602
1630,0.026185
1631,0.026216
1632,0.026535
1633,0.026383
1634,0.026501
1635,0.026241
1636,0.026185
1637,0.026413
1638,0.026278
1639,0.026520
1640,0.026170
1641,0.026521
1642,0.026292
1643,0.026549
1644,0.025954
1645,0.026308
1646,0.026470
1647,0.026193
1648,0.026253
1649,0.026089
1650,0.026264
1651,0.026602
1652,0.026187
1653,0.026684
1654,0.026439
1655,0.026442
1656,0.026419
1657,0.026475
1658,0.026539
1659,0.026243
1660,0.026197
1661,0.026136
1662,0.026487
1663,0.026371
1664,0.026240
1665,0.026698
1666,0.026353
1667,0.026498
1668,0.026177
1669,0.026369
1670,0.026446
1671,0.026236
1672,0.026484
1673,0.026023
1674,0.026444
1675,0.026573
1676,0.026331
1677,0.026535
1678,0.026198
1679,0.026276
1680,0.026396
1681,0.026571
1682,0.026551
1683,0.026209
1684,0.026505
1685,0.026384
1686,0.026433
1687,0.026441
1688,0.026230
1689,0.026486
1690,0.026308
1691,0.026238
1692,0.026432
1693,0.026408
1694,0.026360
1695,0.026297
1696,0.026574
1697,0.026364
1698,0.026330
1699,0.026394
1700,0.026113
1701,0.026307
1702,0.026317
1703,0.026541
1704,0.026296
1705,0.026532
1706,0.026628
1707,0.026248
1708,0.026389
1709,0.026346
1710,0.026393
1711,0.026206
1712,0.026206
1713,0.026499
1714,0.026404
1715,0.026477
1716,0.026358
1717,0.026224
1718,0.026578
1719,0.026269
1720,0.026495
1721,0.026433
1722,0.026415
1723,0.026211
1724,0.026263
1725,0.026523
1726,0.026279
1727,0.026539
1728,0.026295
1729,0.026155
1730,0.026323
1731,0.026222
1732,0.026315
1733,0.026384
1734,0.026395
1735,0.026412
1736,0.026488
1737,0.026354
1738,0.026296
1739,0.026240
1740,0.026275
1741,0.026449
1742,0.026517
1743,0.026242
1744,0.026565
1745,0.026362
1746,0.026667
1747,0.026298
1748,0.026286
1749,0.026705
1750,0.026209
1751,0.026499
1752,0.026254
1753,0.026390
1754,0.026487
1755,0.026211
1756,0.026370
1757,0.026303
1758,0.026187
1759,0.026289
1760,0.026127
1761,0.026198
1762,0.026185
1763,0.026101
1764,0.026164
1765,0.026328
1766,0.026210
1767,0.026020
1768,0.025889
1769,0.026222
1770,0.026205
1771,0.026035
1772,0.026092
1773,0.026230
1774,0.026297
1775,0.026195
1776,0.026119
1777,0.026304
1778,0.026309
1779,0.051938
1780,0.026138
1781,0.026222
1782,0.026251
1783,0.026279
1784,0.026231
1785,0.026428
1786,0.026108
1787,0.026210
1788,0.026151
1789,0.026156
1790,0.026129
1791,0.025990
1792,0.026010
1793,0.026304
1794,0.026288
1795,0.026055
1796,0.026213
1797,0.026266
1798,0.026197
1799,0.026202
1800,0.025974
1801,0.026223
1802,0.026118
1803,0.026057
1804,0.026083
1805,0.026254
1806,0.026149
1807,0.026173
1808,0.026126
1809,0.026280
1810,0.026105
1811,0.026044
1812,0.026253
1813,0.026146
1814,0.026095
1815,0.026490
1816,0.026201
1817,0.026127
1818,0.026446
1819,0.026412
1820,0.026472
1821,0.026362
1822,0.026152
1823,0.026494
1824,0.026322
1825,0.026674
1826,0.026463
1827,0.026541
1828,0.026068
1829,0.026254
1830,0.026405
1831,0.026180
1832,0.026525
1833,0.026383
1834,0.026404
1835,0.026418
1836,0.026250
1837,0.026382
1838,0.026483
1839,0.026452
1840,0.026248
1841,0.026337
1842,0.026480
1843,0.026172
1844,0.026277
1845,0.026354
1846,0.026337
1847,0.026391
1848,0.026357
1849,0.026358
1850,0.026149
1851,0.026294
1852,0.026334
1853,0.026298
1854,0.026644
1855,0.026349
1856,0.026515
1857,0.026309
1858,0.026418
1859,0.026569
1860,0.026336
1861,0.026486
1862,0.026312
1863,0.026471
1864,0.026349
1865,0.026510
1866,0.026581
1867,0.026187
1868,0.026434
1869,0.026188
1870,0.026236
1871,0.026397
1872,0.026218
1873,0.026563
1874,0.026187
1875,0.026415
1876,0.026276
1877,0.026014
1878,0.026405
1879,0.026401
1880,0.026623
1881,0.026210
1882,0.026468
1883,0.026225
1884,0.026259
1885,0.026477
1886,0.026162
1887,0.026262
1888,0.025917
1889,0.026468
1890,0.026447
1891,0.026080
1892,0.026609
1893,0.026370
1894,0.026283
1895,0.026225
1896,0.026009
1897,0.026528
1898,0.026356
1899,0.026607
1900,0.026327
1901,0.026498
1902,0.026079
1903,0.026411
1904,0.026623
1905,0.026249
1906,0.026562
1907,0.026392
1908,0.026014
1909,0.026533
1910,0.026135
1911,0.026300
1912,0.026278
1913,0.026570
1914,0.026223
1915,0.026457
1916,0.026480
1917,0.026237
1918,0.026169
1919,0.026166
1920,0.026298
1921,0.026206
1922,0.026252
1923,0.026408
1924,0.026315
1925,0.026533
1926,0.026522
1927,0.026433
1928,0.026563
1929,0.026486
1930,0.026425
1931,0.026262
1932,0.026270
1933,0.026083
1934,0.026365
1935,0.026407
1936,0.026065
1937,0.026644
1938,0.026272
1939,0.026308
1940,0.026569
1941,0.026359
1942,0.026473
1943,0.026406
1944,0.026296
1945,0.026399
1946,0.026326
1947,0.026389
1948,0.033018
1949,0.027638
1950,0.026499
1951,0.026259
1952,0.026321
1953,0.026574
1954,0.026261
1955,0.026488
1956,0.026149
1957,0.026468
1958,0.026464
1959,0.026439
1960,0.026378
1961,0.026525
1962,0.026579
1963,0.026334
1964,0.026321
1965,0.026531
1966,0.026144
1967,0.026305
1968,0.026123
1969,0.026365
1970,0.026520
1971,0.026181
1972,0.026586
1973,0.026160
1974,0.026281
1975,0.026354
1976,0.026263
1977,0.026640
1978,0.026404
1979,0.026441
1980,0.026106
1981,0.026517
1982,0.026264
1983,0.026319
1984,0.026283
1985,0.026168
1986,0.026365
1987,0.026207
1988,0.026306
1989,0.026508
1990,0.026263
1991,0.026312
1992,0.026032
1993,0.026194
1994,0.026350
1995,0.026084
1996,0.026351
1997,0.026352
1998,0.026268
1999,0.026245
2000,0.026697
2001,0.026318
2002,0.026212
2003,0.026283
2004,0.026183
2005,0.026506
2006,0.025974
2007,0.026534
2008,0.026573
2009,0.026352
2010,0.026506
2011,0.026290
2012,0.026608
2013,0.026265
2014,0.026427
2015,0.026342
2016,0.026197
2017,0.026573
2018,0.026095
2019,0.026248
2020,0.025993
2021,0.026334
2022,0.026382
2023,0.026197
2024,0.026238
2025,0.026032
2026,0.026256
2027,0.026476
2028,0.026158
2029,0.026627
2030,0.026202
2031,0.026436
2032,0.026243
2033,0.026546
2034,0.026406
2035,0.026280
2036,0.026525
2037,0.026340
2038,0.026334
2039,0.026553
2040,0.026106
2041,0.026561
2042,0.026309
2043,0.026358
2044,0.026245
2045,0.026111
2046,0.026717
2047,0.026410
2048,0.026490
2049,0.026430
2050,0.026378
2051,0.026047
2052,0.026118
2053,0.026493
2054,0.026075
2055,0.026446
2056,0.025978
2057,0.026392
2058,0.026491
2059,0.026292
2060,0.026212
2061,0.026129
2062,0.026279
2063,0.026171
2064,0.026182
2065,0.026210
2066,0.026084
2067,0.026024
2068,0.026089
2069,0.026228
2070,0.026269
2071,0.025981
2072,0.026072
2073,0.026147
2074,0.026363
2075,0.026092
2076,0.026351
2077,0.026033
2078,0.026443
2079,0.026393
2080,0.026332
2081,0.026608
2082,0.026283
2083,0.026432
2084,0.026350
2085,0.026401
2086,0.026166
2087,0.026148
2088,0.026682
2089,0.026116
2090,0.026522
2091,0.026365
2092,0.026175
2093,0.026631
2094,0.026275
2095,0.026302
2096,0.026335
2097,0.026291
2098,0.026419
2099,0.026192
2100,0.026574
2101,0.026489
2102,0.026498
2103,0.026506
2104,0.026266
2105,0.026587
2106,0.026199
2107,0.026263
2108,0.026223
2109,0.026115
2110,0.026444
2111,0.026038
2112,0.026161
2113,0.026223
2114,0.026281
2115,0.026546
2116,0.026266
2117,0.026721
2118,0.026358
2119,0.026316
2120,0.026185
2121,0.026424
2122,0.026554
2123,0.026377
2124,0.026532
2125,0.026374
2126,0.026592
2127,0.026420
2128,0.026272
2129,0.026475
2130,0.026096
2131,0.026531
2132,0.026294
2133,0.026306
2134,0.026458
2135,0.026309
2136,0.026616
2137,0.026352
2138,0.028402
2139,0.026844
2140,0.026348
2141,0.026524
2142,0.026263
2143,0.026405
2144,0.026564
2145,0.026394
2146,0.026458
2147,0.026344
2148,0.026009
2149,0.026377
2150,0.026434
2151,0.026454
2152,0.026252
2153,0.026660
2154,0.026313
2155,0.026457
2156,0.026559
2157,0.026336
2158,0.026596
2159,0.026387
2160,0.026406
2161,0.026466
2162,0.026339
2163,0.026540
2164,0.026312
2165,0.026300
2166,0.026154
2167,0.026388
2168,0.026451
2169,0.026506
2170,0.026456
2171,0.026346
2172,0.026461
2173,0.026541
2174,0.026356
2175,0.026478
2176,0.026195
2177,0.026529
2178,0.026410
2179,0.026412
2180,0.026497
2181,0.026342
2182,0.026302
2183,0.026287
2184,0.026545
2185,0.026433
2186,0.026512
2187,0.026418
2188,0.026433
2189,0.026600
2190,0.026456
2191,0.026378
2192,0.026540
2193,0.026384
2194,0.026629
2195,0.026193
2196,0.026130
2197,0.026146
2198,0.026257
2199,0.026530
2200,0.026371
2201,0.026530
2202,0.026292
2203,0.026169
2204,0.026482
2205,0.026373
2206,0.026429
2207,0.026366
2208,0.026583
2209,0.026154
2210,0.026248
2211,0.026531
2212,0.026170
2213,0.026559
2214,0.026283
2215,0.026266
2216,0.026638
2217,0.026299
2218,0.026484
2219,0.026491
2220,0.026458
2221,0.026272
2222,0.026325
2223,0.026607
2224,0.026126
2225,0.026672
2226,0.026617
# total_episodes=2226, avg_seconds=0.028407
