# episode_index, seconds
1,0.003813
2,0.001842
3,0.002096
4,0.002299
5,0.001315
6,0.001149
7,0.001617
8,0.000594
9,0.000625
10,0.000602
11,0.002560
12,0.002554
13,0.001139
14,0.000590
15,0.000597
16,0.000598
17,0.000617
18,0.001591
19,0.000587
20,0.000588
21,0.000644
22,0.000600
23,0.002810
24,0.000691
25,0.001184
26,0.000604
27,0.002982
28,0.000728
29,0.001197
30,0.001142
31,0.000609
32,0.001105
33,0.000640
34,0.001093
35,0.000592
36,0.003038
37,0.001631
38,0.000594
39,0.000608
40,0.000581
41,0.000635
42,0.002072
43,0.001095
44,0.000601
45,0.002634
46,0.000670
47,0.058397
48,0.051733
49,0.051428
50,0.026350
51,0.103143
52,0.051649
53,0.025869
54,0.051684
55,0.025739
56,0.025929
57,0.025887
58,0.027184
59,0.026844
60,0.026211
61,0.026096
62,0.025855
63,0.026183
64,0.025686
65,0.026201
66,0.025878
67,0.026069
68,0.025622
69,0.026044
70,0.026030
71,0.052127
72,0.025907
73,0.026041
74,0.025895
75,0.026076
76,0.025890
77,0.025886
78,0.026269
79,0.025761
80,0.026222
81,0.025866
82,0.026068
83,0.025919
84,0.026084
85,0.025992
86,0.025701
87,0.026327
88,0.026296
89,0.026428
90,0.026420
91,0.026189
92,0.026275
93,0.026138
94,0.026119
95,0.025902
96,0.052844
97,0.026250
98,0.026009
99,0.026094
100,0.026284
101,0.026256
102,0.026109
103,0.026442
104,0.026067
105,0.026085
106,0.025967
107,0.025959
108,0.025976
109,0.026303
110,0.025946
111,0.051891
112,0.026016
113,0.026392
114,0.025912
115,0.051876
116,0.026304
117,0.026628
118,0.026593
119,0.026794
120,0.026564
121,0.053472
122,0.026230
123,0.077643
124,0.025879
125,0.026207
126,0.026045
127,0.025913
128,0.025859
129,0.025998
130,0.026135
131,0.026093
132,0.026184
133,0.025894
134,0.026125
135,0.025924
136,0.026032
137,0.025978
138,0.025822
139,0.026352
140,0.026059
141,0.026036
142,0.025731
143,0.026201
144,0.025895
145,0.026007
146,0.025801
147,0.025971
148,0.026150
149,0.026090
150,0.026140
151,0.026031
152,0.026028
153,0.025942
154,0.025798
155,0.025949
156,0.026065
157,0.026278
158,0.025960
159,0.025831
160,0.025858
161,0.026265
162,0.026002
163,0.026148
164,0.026278
165,0.026140
166,0.026069
167,0.025991
168,0.026181
169,0.025912
170,0.025893
171,0.026251
172,0.025798
173,0.026367
174,0.025786
175,0.026273
176,0.025772
177,0.026052
178,0.026028
179,0.025937
180,0.026189
181,0.026075
182,0.026081
183,0.025917
184,0.026198
185,0.025979
186,0.025783
187,0.052176
188,0.025891
189,0.025754
190,0.026073
191,0.025999
192,0.026165
193,0.025964
194,0.025938
195,0.026106
196,0.025696
197,0.026121
198,0.025817
199,0.026257
200,0.026028
201,0.026271
202,0.026211
203,0.026006
204,0.026163
205,0.025922
206,0.025990
207,0.025976
208,0.026213
209,0.025980
210,0.025945
211,0.025935
212,0.026059
213,0.026013
214,0.025960
215,0.026294
216,0.026035
217,0.025908
218,0.051907
219,0.026016
220,0.052269
221,0.025978
222,0.026068
223,0.026079
224,0.025985
225,0.026017
226,0.052221
227,0.026033
228,0.026031
229,0.051757
230,0.077533
231,0.026233
232,0.077847
233,0.078996
234,0.052110
235,0.052160
236,0.051868
237,0.052166
238,0.052063
239,0.052015
240,0.026116
241,0.026117
242,0.025855
243,0.026130
244,0.025924
245,0.026365
246,0.026010
247,0.026154
248,0.026016
249,0.025842
250,0.025733
251,0.026056
252,0.026044
253,0.026131
254,0.052190
255,0.026144
256,0.025992
257,0.026191
258,0.026238
259,0.026035
260,0.026157
261,0.026107
262,0.025946
263,0.026053
264,0.026548
265,0.026216
266,0.026062
267,0.026013
268,0.026039
269,0.026237
270,0.025989
271,0.026035
272,0.026370
273,0.026044
274,0.026045
275,0.025914
276,0.026016
277,0.026052
278,0.026234
279,0.026046
280,0.025876
281,0.026217
282,0.025796
283,0.026131
284,0.025789
285,0.026125
286,0.026019
287,0.025964
288,0.026228
289,0.026040
290,0.026167
291,0.025988
292,0.026152
293,0.026073
294,0.026184
295,0.026001
296,0.026063
297,0.026147
298,0.026019
299,0.026324
300,0.026063
301,0.026123
302,0.026023
303,0.025997
304,0.026051
305,0.026046
306,0.026148
307,0.025924
308,0.026150
309,0.026053
310,0.026069
311,0.025867
312,0.025994
313,0.026266
314,0.025892
315,0.026266
316,0.026012
317,0.026208
318,0.026006
319,0.025992
320,0.026284
321,0.026018
322,0.026302
323,0.026160
324,0.026366
325,0.026020
326,0.026110
327,0.026523
328,0.026601
329,0.026364
330,0.026026
331,0.026223
332,0.026008
333,0.026061
334,0.026170
335,0.026151
336,0.026377
337,0.026084
338,0.026449
339,0.026051
340,0.026076
341,0.026143
342,0.026163
343,0.026261
344,0.025998
345,0.026327
346,0.025974
347,0.026182
348,0.026376
349,0.026001
350,0.026420
351,0.026495
352,0.026546
353,0.026529
354,0.026654
355,0.026439
356,0.026416
357,0.026578
358,0.026238
359,0.026309
360,0.079246
361,0.026750
362,0.026178
363,0.052697
364,0.026423
365,0.026479
366,0.026500
367,0.026017
368,0.077341
369,0.025945
370,0.025891
371,0.025755
372,0.025757
373,0.025866
374,0.025966
375,0.026394
376,0.025851
377,0.025852
378,0.025916
379,0.025924
380,0.025716
381,0.025802
382,0.025838
383,0.025694
384,0.025780
385,0.026008
386,0.026091
387,0.025669
388,0.025923
389,0.026030
390,0.025730
391,0.025940
392,0.025970
393,0.025862
394,0.025930
395,0.025819
396,0.025970
397,0.026110
398,0.025844
399,0.025800
400,0.025962
401,0.025999
402,0.025934
403,0.025841
404,0.025825
405,0.026000
406,0.025782
407,0.025780
408,0.025767
409,0.025990
410,0.025786
411,0.025770
412,0.025831
413,0.025888
414,0.025823
415,0.025824
416,0.026104
417,0.025858
418,0.026307
419,0.025941
420,0.025841
421,0.025849
422,0.025819
423,0.025880
424,0.026038
425,0.025951
426,0.025895
427,0.025839
428,0.025843
429,0.025833
430,0.025769
431,0.025837
432,0.025884
433,0.025825
434,0.025924
435,0.025751
436,0.025760
437,0.025774
438,0.025924
439,0.025823
440,0.025923
441,0.025737
442,0.025818
443,0.025767
444,0.025773
445,0.025812
446,0.025961
447,0.025855
448,0.025844
449,0.025868
450,0.025761
451,0.025787
452,0.025849
453,0.025880
454,0.051421
455,0.025744
456,0.025718
457,0.025862
458,0.051414
459,0.025914
460,0.025961
461,0.025808
462,0.025803
463,0.025822
464,0.051496
465,0.025829
466,0.025828
467,0.025851
468,0.025797
469,0.025839
470,0.025752
471,0.025738
472,0.025712
473,0.025994
474,0.025762
475,0.025788
476,0.025824
477,0.026080
478,0.025982
479,0.025692
480,0.025789
481,0.025903
482,0.025772
483,0.025899
484,0.026053
485,0.025842
486,0.025727
487,0.025813
488,0.025811
489,0.025826
490,0.025753
491,0.026420
492,0.026734
493,0.026713
494,0.026385
495,0.025879
496,0.025895
497,0.051643
498,0.026071
499,0.078104
500,0.078652
501,0.079142
502,0.105208
503,0.078953
504,0.079065
505,0.078899
506,0.104932
507,0.105273
508,0.078898
509,0.052692
510,0.026387
511,0.026409
512,0.026419
513,0.052735
514,0.026427
515,0.026492
516,0.026389
517,0.026572
518,0.026285
519,0.052629
520,0.026569
521,0.026550
522,0.026364
523,0.026441
524,0.052713
525,0.026360
526,0.026423
527,0.026498
528,0.026357
529,0.026390
530,0.026374
531,0.026569
532,0.026503
533,0.026555
534,0.026513
535,0.026482
536,0.026171
537,0.025840
538,0.025830
539,0.025671
540,0.025799
541,0.025880
542,0.076850
543,0.077219
544,0.102608
545,0.077318
546,0.103364
547,0.102811
548,0.077291
549,0.078325
550,0.103058
551,0.051528
552,0.051194
553,0.051363
554,0.051738
555,0.025879
556,0.025783
557,0.051511
558,0.025877
559,0.025735
560,0.025819
561,0.025842
562,0.025842
563,0.026195
564,0.026311
565,0.026587
566,0.026466
567,0.026339
568,0.026457
569,0.026482
570,0.026544
571,0.026512
572,0.026591
573,0.026642
574,0.026697
575,0.026779
576,0.026679
577,0.026716
578,0.026611
579,0.026794
580,0.026518
581,0.026690
582,0.026683
583,0.026837
584,0.026631
585,0.026908
586,0.026664
587,0.026616
588,0.026560
589,0.026730
590,0.026726
591,0.026695
592,0.026511
593,0.026830
594,0.026362
595,0.026580
596,0.026537
597,0.026654
598,0.026466
599,0.026470
600,0.026559
601,0.026691
602,0.026760
603,0.026199
604,0.025819
605,0.025922
606,0.025902
607,0.025994
608,0.051678
609,0.025961
610,0.025831
611,0.025961
612,0.025972
613,0.025809
614,0.025904
615,0.025915
616,0.025994
617,0.025977
618,0.025923
619,0.026220
620,0.025994
621,0.026256
622,0.026128
623,0.025971
624,0.025903
625,0.026060
626,0.026120
627,0.025838
628,0.025924
629,0.026109
630,0.025785
631,0.025870
632,0.025966
633,0.051728
634,0.025857
635,0.025854
636,0.025930
637,0.025849
638,0.051477
639,0.025875
640,0.051532
641,0.026021
642,0.025849
643,0.025830
644,0.025697
645,0.025971
646,0.026013
647,0.025804
648,0.026408
649,0.026489
650,0.026455
651,0.026275
652,0.026495
653,0.026561
654,0.026595
655,0.026375
656,0.026445
657,0.026370
658,0.026557
659,0.026417
660,0.026535
661,0.026651
662,0.026541
663,0.026457
664,0.026502
665,0.026546
666,0.026459
667,0.026560
668,0.026418
669,0.026740
670,0.026524
671,0.026410
672,0.026429
673,0.026626
674,0.026405
675,0.026420
676,0.026503
677,0.026472
678,0.026502
679,0.026405
680,0.026552
681,0.026071
682,0.025828
683,0.025707
684,0.025976
685,0.025980
686,0.025842
687,0.025764
688,0.025710
689,0.025930
690,0.025848
691,0.025826
692,0.026041
693,0.025927
694,0.025754
695,0.025801
696,0.026025
697,0.025969
698,0.025927
699,0.025806
700,0.025870
701,0.025878
702,0.025747
703,0.025739
704,0.025843
705,0.025831
706,0.025677
707,0.026197
708,0.026196
709,0.025791
710,0.025709
711,0.026196
712,0.026537
713,0.026615
714,0.026488
715,0.079181
716,0.078860
717,0.026529
718,0.026393
719,0.052845
720,0.026644
721,0.106123
722,0.053274
723,0.106317
724,0.026651
725,0.106289
726,0.079265
727,0.026463
728,0.027055
729,0.026733
730,0.026816
731,0.053258
732,0.079867
733,0.079894
734,0.026644
735,0.026681
736,0.026537
737,0.026490
738,0.026878
739,0.026602
740,0.026626
741,0.026635
742,0.026676
743,0.027020
744,0.026532
745,0.026781
746,0.026732
747,0.026653
748,0.026895
749,0.026611
750,0.026906
751,0.026706
752,0.026592
753,0.026969
754,0.026324
755,0.026915
756,0.026795
757,0.026921
758,0.026407
759,0.025822
760,0.026060
761,0.026033
762,0.026060
763,0.026093
764,0.025996
765,0.026138
766,0.026017
767,0.025922
768,0.026052
769,0.026135
770,0.025924
771,0.026132
772,0.026202
773,0.026452
774,0.026337
775,0.026163
776,0.026184
777,0.026350
778,0.026677
779,0.026625
780,0.026662
781,0.026668
782,0.026547
783,0.026616
784,0.026974
785,0.026672
786,0.026829
787,0.026834
788,0.026682
789,0.026908
790,0.026627
791,0.026652
792,0.026573
793,0.026686
794,0.026757
795,0.026622
796,0.026732
797,0.026750
798,0.026754
799,0.026549
800,0.026654
801,0.026396
802,0.025925
803,0.025977
804,0.078259
805,0.025917
806,0.026058
807,0.026064
808,0.026177
809,0.026138
810,0.026075
811,0.026020
812,0.026114
813,0.026310
814,0.025830
815,0.026260
816,0.025982
817,0.025820
818,0.025942
819,0.026525
820,0.026719
821,0.079832
822,0.026860
823,0.026586
824,0.026624
825,0.027045
826,0.079802
827,0.026716
828,0.054536
829,0.026768
830,0.026684
831,0.026779
832,0.026591
833,0.026870
834,0.026597
835,0.026820
836,0.026721
837,0.026605
838,0.026869
839,0.026652
840,0.026747
841,0.026615
842,0.026585
843,0.026879
844,0.026534
845,0.079769
846,0.028637
847,0.026598
848,0.026941
849,0.026895
850,0.026855
851,0.026748
852,0.079488
853,0.026839
854,0.026621
855,0.052191
856,0.025949
857,0.026098
858,0.026175
859,0.051769
860,0.025911
861,0.026589
862,0.079558
863,0.026466
864,0.026588
865,0.026598
866,0.026441
867,0.026935
868,0.026519
869,0.079403
870,0.026706
871,0.026582
872,0.026927
873,0.026586
874,0.026714
875,0.026858
876,0.026605
877,0.026837
878,0.026374
879,0.080045
880,0.026823
881,0.026350
882,0.026516
883,0.026777
884,0.026589
885,0.026960
886,0.026631
887,0.029586
888,0.027451
889,0.025886
890,0.026291
891,0.025869
892,0.026376
893,0.026366
894,0.026152
895,0.026020
896,0.026234
897,0.026077
898,0.026056
899,0.026053
900,0.026448
901,0.025976
902,0.026194
903,0.025871
904,0.026136
905,0.026136
906,0.025995
907,0.025966
908,0.025958
909,0.026329
910,0.025926
911,0.026342
912,0.026073
913,0.026080
914,0.026095
915,0.077750
916,0.026177
917,0.025979
918,0.026227
919,0.026205
920,0.026001
921,0.026156
922,0.025904
923,0.026187
924,0.025970
925,0.025938
926,0.026074
927,0.025864
928,0.026227
929,0.028449
930,0.027408
931,0.025900
932,0.025953
933,0.026149
934,0.026014
935,0.026348
936,0.025924
937,0.026604
938,0.026132
939,0.026796
940,0.027122
941,0.026518
942,0.026600
943,0.026469
944,0.026686
945,0.026952
946,0.026634
947,0.026715
948,0.026611
949,0.026690
950,0.026787
951,0.026695
952,0.026647
953,0.026797
954,0.026439
955,0.026684
956,0.026590
957,0.026732
958,0.026683
959,0.026812
960,0.026592
961,0.026761
962,0.079598
963,0.026857
964,0.026755
965,0.026846
966,0.026702
967,0.026347
968,0.026233
969,0.026247
970,0.026172
971,0.078038
972,0.026198
973,0.026218
974,0.025964
975,0.077852
976,0.025779
977,0.026103
978,0.025722
979,0.102877
980,0.025845
981,0.026044
982,0.103162
983,0.025928
984,0.025870
985,0.025954
986,0.025948
987,0.025888
988,0.025762
989,0.025975
990,0.026011
991,0.025909
992,0.025878
993,0.026043
994,0.025983
995,0.025810
996,0.025870
997,0.025892
998,0.025846
999,0.025831
1000,0.026052
1001,0.025970
1002,0.025840
1003,0.025862
1004,0.025741
1005,0.025914
1006,0.026064
1007,0.025912
1008,0.025999
1009,0.025929
1010,0.025865
1011,0.025774
1012,0.025999
1013,0.026041
1014,0.026010
1015,0.025903
1016,0.025953
1017,0.051725
1018,0.025863
1019,0.025906
1020,0.025776
1021,0.026080
1022,0.025869
1023,0.025776
1024,0.026007
1025,0.025950
1026,0.025911
1027,0.025831
1028,0.025928
1029,0.025979
1030,0.025992
1031,0.025907
1032,0.025877
1033,0.026071
1034,0.025973
1035,0.025768
1036,0.025947
1037,0.025937
1038,0.025897
1039,0.025740
1040,0.025858
1041,0.025976
1042,0.025917
1043,0.025958
1044,0.025952
1045,0.051725
1046,0.025853
1047,0.025999
1048,0.026281
1049,0.026263
1050,0.026105
1051,0.025822
1052,0.025920
1053,0.026011
1054,0.025824
1055,0.025729
1056,0.025892
1057,0.026077
1058,0.025948
1059,0.025955
1060,0.025863
1061,0.025844
1062,0.025865
1063,0.025900
1064,0.025839
1065,0.025830
1066,0.025824
1067,0.026014
1068,0.025891
1069,0.025785
1070,0.025856
1071,0.025814
1072,0.025915
1073,0.025855
1074,0.025787
1075,0.025720
1076,0.026116
1077,0.025821
1078,0.025893
1079,0.025868
1080,0.025758
1081,0.025817
1082,0.025864
1083,0.025720
1084,0.025727
1085,0.025913
1086,0.026592
1087,0.026370
1088,0.026563
1089,0.026629
1090,0.026492
1091,0.026198
1092,0.026214
1093,0.025942
1094,0.025851
1095,0.025708
1096,0.025984
1097,0.025957
1098,0.026027
1099,0.025927
1100,0.051542
1101,0.025859
1102,0.025872
1103,0.051542
1104,0.025864
1105,0.025766
1106,0.025886
1107,0.025798
1108,0.025854
1109,0.025899
1110,0.051412
1111,0.025794
1112,0.051514
1113,0.025866
1114,0.025903
1115,0.025832
1116,0.025916
1117,0.025909
1118,0.025892
1119,0.025897
1120,0.025897
1121,0.025872
1122,0.025695
1123,0.026009
1124,0.025793
1125,0.025840
1126,0.025811
1127,0.025952
1128,0.025890
1129,0.025899
1130,0.026001
1131,0.025865
1132,0.025785
1133,0.026171
1134,0.025979
1135,0.025802
1136,0.025865
1137,0.026168
1138,0.025985
1139,0.025815
1140,0.025913
1141,0.026097
1142,0.026011
1143,0.025910
1144,0.025857
1145,0.025930
1146,0.025984
1147,0.025949
1148,0.025876
1149,0.025914
1150,0.025932
1151,0.025956
1152,0.025907
1153,0.025860
1154,0.025788
1155,0.026082
1156,0.025885
1157,0.025948
1158,0.025901
1159,0.025960
1160,0.025873
1161,0.026088
1162,0.025851
1163,0.025969
1164,0.025825
1165,0.026224
1166,0.025938
1167,0.025937
1168,0.025986
1169,0.026131
1170,0.025899
1171,0.026002
1172,0.025903
1173,0.026136
1174,0.025939
1175,0.025913
1176,0.025905
1177,0.026005
1178,0.025986
1179,0.025946
1180,0.025816
1181,0.026010
1182,0.025895
1183,0.025914
1184,0.025878
1185,0.025971
1186,0.025912
1187,0.025983
1188,0.025858
1189,0.052013
1190,0.051451
1191,0.025894
1192,0.025882
1193,0.026057
1194,0.025948
1195,0.025854
1196,0.025892
1197,0.025983
1198,0.051576
1199,0.025973
1200,0.025897
1201,0.026238
1202,0.025839
1203,0.025909
1204,0.025676
1205,0.025986
1206,0.025945
1207,0.025881
1208,0.025958
1209,0.025992
1210,0.025913
1211,0.025887
1212,0.025860
1213,0.025882
1214,0.026030
1215,0.025881
1216,0.025840
1217,0.025940
1218,0.025952
1219,0.025810
1220,0.025987
1221,0.025996
1222,0.025796
1223,0.026110
1224,0.052928
1225,0.026619
1226,0.026505
1227,0.026349
1228,0.025885
1229,0.025893
1230,0.025780
1231,0.026145
1232,0.026566
1233,0.026602
1234,0.026554
1235,0.026302
1236,0.026509
1237,0.026572
1238,0.026645
1239,0.026590
1240,0.026476
1241,0.026653
1242,0.026635
1243,0.026429
1244,0.026680
1245,0.026508
1246,0.026614
1247,0.026510
1248,0.026480
1249,0.026434
1250,0.026562
1251,0.026522
1252,0.026618
1253,0.026664
1254,0.026655
1255,0.026423
1256,0.026665
1257,0.026537
1258,0.026580
1259,0.026589
1260,0.026346
1261,0.026272
1262,0.026069
1263,0.026049
1264,0.025909
1265,0.025978
1266,0.025957
1267,0.025917
1268,0.026032
1269,0.025967
1270,0.025861
1271,0.025866
1272,0.025929
1273,0.026074
1274,0.025829
1275,0.025939
1276,0.026029
1277,0.026030
1278,0.025845
1279,0.025965
1280,0.025886
1281,0.026089
1282,0.025974
1283,0.025895
1284,0.026145
1285,0.026105
1286,0.026228
1287,0.025932
1288,0.026159
1289,0.026069
1290,0.025815
1291,0.026531
1292,0.029631
1293,0.026404
1294,0.026088
1295,0.026018
1296,0.026206
1297,0.026132
1298,0.026296
1299,0.026133
1300,0.026266
1301,0.026106
1302,0.026096
1303,0.026132
1304,0.025960
1305,0.025948
1306,0.026283
1307,0.025987
1308,0.025943
1309,0.026131
1310,0.026218
1311,0.026046
1312,0.026005
1313,0.026011
1314,0.026329
1315,0.025842
1316,0.026425
1317,0.026435
1318,0.026120
1319,0.026210
1320,0.025919
1321,0.025978
1322,0.025977
1323,0.026122
1324,0.026168
1325,0.026188
1326,0.026385
1327,0.025995
1328,0.026282
1329,0.026066
1330,0.026368
1331,0.025922
1332,0.026092
1333,0.026328
1334,0.025997
1335,0.026364
1336,0.025960
1337,0.026112
1338,0.026051
1339,0.026101
1340,0.026269
1341,0.026143
1342,0.026127
1343,0.025688
1344,0.026100
1345,0.051947
1346,0.025833
1347,0.025985
1348,0.026195
1349,0.026175
1350,0.026211
1351,0.026180
1352,0.026443
1353,0.026036
1354,0.026136
1355,0.026227
1356,0.026232
1357,0.026229
1358,0.026107
1359,0.026369
1360,0.026104
1361,0.026217
1362,0.026450
1363,0.026093
1364,0.026175
1365,0.026132
1366,0.026408
1367,0.025919
1368,0.026003
1369,0.026316
1370,0.026106
1371,0.026292
1372,0.026051
1373,0.052162
1374,0.025984
1375,0.026250
1376,0.025989
1377,0.026533
1378,0.025992
1379,0.026308
1380,0.026151
1381,0.026209
1382,0.026226
1383,0.026097
1384,0.026296
1385,0.026285
1386,0.026235
1387,0.026076
1388,0.026167
1389,0.026353
1390,0.026066
1391,0.026341
1392,0.026009
1393,0.026529
1394,0.026111
1395,0.026122
1396,0.026231
1397,0.026071
1398,0.026327
1399,0.026534
1400,0.026200
1401,0.025762
1402,0.026156
1403,0.026303
1404,0.026109
1405,0.026233
1406,0.026172
1407,0.026255
1408,0.026180
1409,0.026193
1410,0.026144
1411,0.025969
1412,0.026198
1413,0.026217
1414,0.026362
1415,0.026170
1416,0.026018
1417,0.026364
1418,0.026096
1419,0.026297
1420,0.026034
1421,0.026401
1422,0.026115
1423,0.026206
1424,0.026266
1425,0.026154
1426,0.026277
1427,0.026237
1428,0.026297
1429,0.026021
1430,0.026298
1431,0.026741
1432,0.026590
1433,0.026987
1434,0.026819
1435,0.026896
1436,0.027092
1437,0.026788
1438,0.026903
1439,0.026749
1440,0.026617
1441,0.026980
1442,0.026635
1443,0.026838
1444,0.026456
1445,0.026176
1446,0.026233
1447,0.025981
1448,0.026205
1449,0.026301
1450,0.025981
1451,0.026212
1452,0.026108
1453,0.026321
1454,0.026158
1455,0.026321
1456,0.026071
1457,0.026146
1458,0.026263
1459,0.026095
1460,0.026384
1461,0.026156
1462,0.026175
1463,0.026139
1464,0.025991
1465,0.026588
1466,0.052272
1467,0.026096
1468,0.026353
1469,0.026151
1470,0.025987
1471,0.026273
1472,0.026037
1473,0.026346
1474,0.026052
1475,0.026358
1476,0.026124
1477,0.026086
1478,0.026289
1479,0.026164
1480,0.026440
1481,0.026030
1482,0.026192
1483,0.026236
1484,0.026137
1485,0.026418
1486,0.025946
1487,0.026239
1488,0.026070
1489,0.026309
1490,0.026003
1491,0.026036
1492,0.026024
1493,0.026107
1494,0.026067
1495,0.025910
1496,0.026340
1497,0.026113
1498,0.026207
1499,0.025999
1500,0.026170
1501,0.026376
1502,0.026268
1503,0.026130
1504,0.025911
1505,0.026109
1506,0.025956
1507,0.025785
1508,0.025850
1509,0.026009
1510,0.026161
1511,0.025915
1512,0.025827
1513,0.025935
1514,0.025964
1515,0.025774
1516,0.025812
1517,0.025897
1518,0.025760
1519,0.025948
1520,0.025913
1521,0.025997
1522,0.025930
1523,0.025901
1524,0.025883
1525,0.026032
1526,0.026003
1527,0.025803
1528,0.025808
1529,0.025860
1530,0.025894
1531,0.025910
1532,0.025952
1533,0.025811
1534,0.025893
1535,0.025952
1536,0.025854
1537,0.025845
1538,0.026074
1539,0.025704
1540,0.026005
1541,0.026237
1542,0.026044
1543,0.026009
1544,0.026023
1545,0.026055
1546,0.026203
1547,0.026615
1548,0.026417
1549,0.026106
1550,0.026078
1551,0.025972
1552,0.026020
1553,0.026206
1554,0.026003
1555,0.026088
1556,0.025911
1557,0.026013
1558,0.025894
1559,0.025964
1560,0.025975
1561,0.025974
1562,0.026181
1563,0.026007
1564,0.026048
1565,0.026121
1566,0.026059
1567,0.026087
1568,0.026069
1569,0.026082
1570,0.025982
1571,0.026201
1572,0.026165
1573,0.025986
1574,0.026022
1575,0.026066
1576,0.026083
1577,0.026158
1578,0.026022
1579,0.026083
1580,0.026098
1581,0.026188
1582,0.025958
1583,0.026126
1584,0.026029
1585,0.026022
1586,0.026025
1587,0.025986
1588,0.025881
1589,0.026011
1590,0.025975
1591,0.025839
1592,0.025960
1593,0.026296
1594,0.025931
1595,0.025991
1596,0.025804
1597,0.026059
1598,0.025878
1599,0.026569
1600,0.025884
1601,0.026026
1602,0.025884
1603,0.025935
1604,0.026096
1605,0.025974
1606,0.025908
1607,0.025939
1608,0.025962
1609,0.025866
1610,0.025979
1611,0.025848
1612,0.025755
1613,0.025969
1614,0.026031
1615,0.026002
1616,0.025940
1617,0.025913
1618,0.026059
1619,0.025757
1620,0.025820
1621,0.025960
1622,0.025965
1623,0.025805
1624,0.025962
1625,0.025965
1626,0.025819
1627,0.026070
1628,0.025915
1629,0.026000
1630,0.025947
1631,0.025958
1632,0.026038
1633,0.025976
1634,0.025933
1635,0.025905
1636,0.026015
1637,0.026037
1638,0.051660
1639,0.025998
1640,0.026013
1641,0.025882
1642,0.025885
1643,0.025926
1644,0.025899
1645,0.025990
1646,0.025881
1647,0.025899
1648,0.025755
1649,0.026077
1650,0.025955
1651,0.025749
1652,0.025898
1653,0.025904
1654,0.025755
1655,0.026025
1656,0.025913
1657,0.025903
1658,0.025789
1659,0.025834
1660,0.025830
1661,0.051586
1662,0.025861
1663,0.025824
1664,0.025965
1665,0.025936
1666,0.025975
1667,0.025963
1668,0.025886
1669,0.025817
1670,0.025901
1671,0.025836
1672,0.025880
1673,0.025926
1674,0.025900
1675,0.025930
1676,0.025920
1677,0.026034
1678,0.025975
1679,0.025819
1680,0.025932
1681,0.025846
1682,0.025911
1683,0.025945
1684,0.025887
1685,0.025898
1686,0.025992
1687,0.025942
1688,0.025796
1689,0.026067
1690,0.025919
1691,0.025973
1692,0.025838
1693,0.026037
1694,0.025926
1695,0.025900
1696,0.025843
1697,0.025919
1698,0.025813
1699,0.025863
1700,0.025895
1701,0.026053
1702,0.026330
1703,0.026162
1704,0.026136
1705,0.026935
1706,0.026430
1707,0.026347
1708,0.026077
1709,0.026114
1710,0.025911
1711,0.026017
1712,0.026249
1713,0.026097
1714,0.026244
1715,0.026114
1716,0.026332
1717,0.026166
1718,0.026119
1719,0.026300
1720,0.026241
1721,0.026244
1722,0.025994
1723,0.026286
1724,0.026053
1725,0.026223
1726,0.026208
1727,0.026060
1728,0.026251
1729,0.026174
1730,0.026180
1731,0.026125
1732,0.025976
1733,0.026279
1734,0.025987
1735,0.026070
1736,0.026059
1737,0.026086
1738,0.025994
1739,0.026104
1740,0.026149
1741,0.026066
1742,0.026183
1743,0.026126
1744,0.026289
1745,0.026266
1746,0.025892
1747,0.026102
1748,0.026137
1749,0.026124
1750,0.025875
1751,0.026174
1752,0.025903
1753,0.052433
1754,0.026170
1755,0.026298
1756,0.026174
1757,0.026288
1758,0.026106
1759,0.026235
1760,0.026137
1761,0.026206
1762,0.026303
1763,0.026127
1764,0.026244
1765,0.026287
1766,0.026163
1767,0.025911
1768,0.026100
1769,0.026404
1770,0.026017
1771,0.026181
1772,0.026087
1773,0.026246
1774,0.026482
1775,0.026799
1776,0.026842
1777,0.026743
1778,0.027025
1779,0.026848
1780,0.026290
1781,0.026309
1782,0.026754
1783,0.027001
1784,0.026858
1785,0.026660
1786,0.026749
1787,0.026739
1788,0.026737
1789,0.026781
1790,0.026527
1791,0.027082
1792,0.026678
1793,0.026872
1794,0.026950
1795,0.026658
1796,0.026789
1797,0.026915
1798,0.026627
1799,0.026902
1800,0.026600
1801,0.027014
1802,0.026777
1803,0.026731
1804,0.027100
1805,0.026674
1806,0.026870
1807,0.026644
1808,0.026695
1809,0.027002
1810,0.026757
1811,0.026973
1812,0.026741
1813,0.026890
1814,0.026766
1815,0.026675
1816,0.026538
1817,0.026749
1818,0.026570
1819,0.026998
1820,0.026544
1821,0.026917
1822,0.026944
1823,0.026707
1824,0.026652
1825,0.026741
1826,0.026729
1827,0.026914
1828,0.026530
1829,0.026921
1830,0.026724
1831,0.026641
1832,0.026936
1833,0.026806
1834,0.026541
1835,0.026753
1836,0.026405
1837,0.026897
1838,0.026690
1839,0.026652
1840,0.026789
1841,0.026717
1842,0.026618
1843,0.026692
1844,0.026750
1845,0.026767
1846,0.026683
1847,0.026814
1848,0.026557
1849,0.026816
1850,0.027049
1851,0.026817
1852,0.026703
1853,0.026845
1854,0.026802
1855,0.026831
1856,0.026714
1857,0.026783
1858,0.026773
1859,0.026627
1860,0.026631
1861,0.026779
1862,0.026839
1863,0.026641
1864,0.026583
1865,0.026917
1866,0.026759
1867,0.026797
1868,0.026784
1869,0.026678
1870,0.026817
1871,0.026695
1872,0.026876
1873,0.026847
1874,0.026622
1875,0.026873
1876,0.026642
1877,0.026751
1878,0.026706
1879,0.026782
1880,0.026822
1881,0.026619
1882,0.026689
1883,0.026724
1884,0.026659
1885,0.026990
1886,0.026809
1887,0.026958
1888,0.026579
1889,0.026749
1890,0.026687
1891,0.026665
1892,0.026908
1893,0.026894
1894,0.026480
1895,0.026950
1896,0.026712
1897,0.026644
1898,0.026774
1899,0.026580
1900,0.026883
1901,0.026646
1902,0.026663
1903,0.026982
1904,0.026702
1905,0.026843
1906,0.026684
1907,0.026658
1908,0.026645
1909,0.026710
1910,0.026578
1911,0.026679
1912,0.026531
1913,0.027039
1914,0.026671
1915,0.026644
1916,0.026736
1917,0.026781
1918,0.026999
1919,0.026426
1920,0.026956
1921,0.026766
1922,0.026655
1923,0.026720
1924,0.026769
1925,0.026786
1926,0.026709
1927,0.026650
1928,0.026929
1929,0.026529
1930,0.026961
1931,0.026658
1932,0.026663
1933,0.026994
1934,0.026866
1935,0.026756
1936,0.026949
1937,0.026900
1938,0.026900
1939,0.026539
1940,0.026804
1941,0.027004
1942,0.026614
1943,0.026882
1944,0.026846
1945,0.026787
1946,0.026834
1947,0.026607
1948,0.026950
1949,0.026798
1950,0.026678
1951,0.026609
1952,0.026804
1953,0.026812
1954,0.026654
1955,0.026759
1956,0.026892
1957,0.026785
1958,0.026889
1959,0.026768
1960,0.026519
1961,0.027114
1962,0.026685
1963,0.026835
1964,0.026791
1965,0.026876
1966,0.026888
1967,0.026536
1968,0.026664
1969,0.027054
1970,0.026732
1971,0.026856
1972,0.026677
1973,0.026765
1974,0.026990
1975,0.026548
1976,0.026949
1977,0.026783
1978,0.026738
1979,0.026727
1980,0.026717
1981,0.026643
1982,0.026616
1983,0.026864
1984,0.026862
1985,0.026667
1986,0.053567
1987,0.026575
1988,0.026795
1989,0.026737
1990,0.026813
1991,0.026682
1992,0.026835
1993,0.026743
1994,0.053384
1995,0.026923
1996,0.026662
1997,0.027039
1998,0.026661
1999,0.026824
2000,0.026804
2001,0.026764
2002,0.026815
2003,0.026791
2004,0.026831
2005,0.026849
2006,0.026611
2007,0.026939
2008,0.026702
2009,0.026699
2010,0.026855
2011,0.026754
2012,0.026780
2013,0.026783
2014,0.026646
2015,0.026777
2016,0.026577
2017,0.026695
2018,0.026789
2019,0.026832
2020,0.027047
2021,0.026824
2022,0.026921
2023,0.027026
2024,0.026730
2025,0.026969
2026,0.026565
2027,0.026688
2028,0.026799
2029,0.026694
2030,0.026822
2031,0.026689
2032,0.026814
2033,0.026905
2034,0.026595
2035,0.026672
2036,0.026612
2037,0.026732
2038,0.026827
2039,0.026601
2040,0.026827
2041,0.026704
2042,0.026742
2043,0.026810
2044,0.026775
2045,0.026811
2046,0.026656
2047,0.026613
2048,0.026907
2049,0.026663
2050,0.026758
2051,0.026686
2052,0.026592
2053,0.026948
2054,0.026430
2055,0.026892
2056,0.026702
2057,0.026686
2058,0.026900
2059,0.026451
2060,0.026967
2061,0.026942
2062,0.026670
2063,0.026875
2064,0.026728
2065,0.026875
2066,0.027036
2067,0.026634
2068,0.026905
2069,0.026717
2070,0.026438
2071,0.026872
2072,0.026678
2073,0.026744
2074,0.026595
2075,0.026538
2076,0.026842
2077,0.026958
2078,0.027017
2079,0.026700
2080,0.026659
2081,0.026929
2082,0.026729
2083,0.026620
2084,0.026686
2085,0.026669
2086,0.027001
2087,0.026662
2088,0.026885
2089,0.026717
2090,0.026768
2091,0.026646
2092,0.026109
2093,0.026275
2094,0.026535
2095,0.026200
2096,0.026252
2097,0.026677
2098,0.026486
2099,0.026553
2100,0.026591
2101,0.026767
2102,0.026564
2103,0.026520
2104,0.026584
2105,0.026596
2106,0.026485
2107,0.026615
2108,0.026459
2109,0.026675
2110,0.026498
2111,0.026564
2112,0.026515
2113,0.026733
2114,0.026490
2115,0.026637
2116,0.026414
2117,0.026597
2118,0.026524
2119,0.026654
2120,0.026483
2121,0.026668
2122,0.026481
2123,0.026579
2124,0.026336
2125,0.026570
2126,0.026526
2127,0.026614
2128,0.026521
2129,0.026571
2130,0.026559
2131,0.026458
2132,0.026688
2133,0.026501
2134,0.026585
2135,0.026293
2136,0.026451
2137,0.026781
2138,0.026554
2139,0.026592
2140,0.026591
2141,0.026701
2142,0.026576
2143,0.026568
2144,0.026448
2145,0.026553
2146,0.026502
2147,0.026568
2148,0.026612
2149,0.026568
2150,0.026895
2151,0.026869
2152,0.026887
2153,0.026847
2154,0.026697
2155,0.027014
2156,0.026684
2157,0.026981
2158,0.026868
2159,0.026531
2160,0.026984
2161,0.026798
2162,0.026765
2163,0.027063
2164,0.026731
2165,0.026770
2166,0.026723
2167,0.026634
2168,0.027116
2169,0.026970
2170,0.026646
2171,0.026863
2172,0.026802
2173,0.027033
2174,0.026761
2175,0.026936
2176,0.026704
2177,0.026870
2178,0.026721
2179,0.026592
2180,0.026726
2181,0.026953
2182,0.026693
2183,0.026991
2184,0.026690
2185,0.026848
2186,0.026918
2187,0.026776
2188,0.026778
2189,0.026694
2190,0.026760
2191,0.026961
2192,0.026629
2193,0.027010
2194,0.026830
2195,0.026696
2196,0.026877
2197,0.026683
2198,0.026853
2199,0.027045
2200,0.026831
2201,0.026876
2202,0.026830
2203,0.026949
2204,0.026698
2205,0.026903
2206,0.026998
2207,0.026773
2208,0.026731
2209,0.026996
2210,0.026670
2211,0.026880
2212,0.026679
2213,0.026773
2214,0.026772
2215,0.026704
2216,0.026740
2217,0.026830
2218,0.026841
2219,0.027021
2220,0.026688
2221,0.027131
2222,0.026945
2223,0.026837
2224,0.026890
2225,0.026772
2226,0.026646
2227,0.027056
2228,0.026730
2229,0.026856
2230,0.026846
2231,0.026857
2232,0.026919
2233,0.026909
2234,0.026690
2235,0.026802
2236,0.026734
2237,0.026916
2238,0.026747
2239,0.027030
2240,0.026810
2241,0.026755
2242,0.026669
2243,0.026776
2244,0.026924
2245,0.027047
2246,0.026761
2247,0.026971
2248,0.026834
2249,0.026723
2250,0.026855
2251,0.026582
2252,0.026875
2253,0.026787
2254,0.026798
2255,0.026794
2256,0.026717
2257,0.026914
2258,0.026741
2259,0.026638
2260,0.026942
2261,0.026670
2262,0.026957
2263,0.026935
2264,0.026736
2265,0.027052
2266,0.026725
2267,0.026843
2268,0.026933
2269,0.026812
2270,0.026835
2271,0.026742
2272,0.026678
# total_episodes=2272, avg_seconds=0.027760
