# episode_index, seconds
1,0.003214
2,0.002807
3,0.002773
4,0.002743
5,0.003350
6,0.002920
7,0.002908
8,0.003368
9,0.002903
10,0.002843
11,0.003557
12,0.002975
13,0.002396
14,0.002277
15,0.002774
16,0.002818
17,0.002884
18,0.002795
19,0.002270
20,0.003065
21,0.032090
22,0.132221
23,0.131358
24,0.053005
25,0.105736
26,0.078996
27,0.079139
28,0.026269
29,0.078993
30,0.052685
31,0.079035
32,0.052958
33,0.052642
34,0.052304
35,0.078953
36,0.079151
37,0.080071
38,0.078629
39,0.026302
40,0.104925
41,0.079038
42,0.079791
43,0.026552
44,0.104824
45,0.052318
46,0.052370
47,0.078950
48,0.078485
49,0.026278
50,0.026161
51,0.104362
52,0.104792
53,0.105039
54,0.026334
55,0.052547
56,0.052450
57,0.104089
58,0.130559
59,0.078175
60,0.078121
61,0.052435
62,0.026417
63,0.052140
64,0.026440
65,0.026348
66,0.078511
67,0.026338
68,0.026242
69,0.078810
70,0.052352
71,0.052401
72,0.026334
73,0.026436
74,0.026130
75,0.026361
76,0.078556
77,0.078468
78,0.078494
79,0.078734
80,0.052480
81,0.026644
82,0.026300
83,0.052410
84,0.078666
85,0.052486
86,0.026349
87,0.078514
88,0.052476
89,0.052823
90,0.104826
91,0.052401
92,0.026532
93,0.026537
94,0.026288
95,0.026421
96,0.047774
97,0.026213
98,0.026506
99,0.026312
100,0.026394
101,0.026279
102,0.026268
103,0.026270
104,0.026367
105,0.026441
106,0.026288
107,0.026265
108,0.026343
109,0.026330
110,0.026616
111,0.026290
112,0.026368
113,0.026362
114,0.026344
115,0.026463
116,0.027152
117,0.027253
118,0.026405
119,0.026293
120,0.026360
121,0.052393
122,0.026119
123,0.026417
124,0.026240
125,0.026295
126,0.026261
127,0.026169
128,0.026352
129,0.026423
130,0.026259
131,0.026358
132,0.026507
133,0.026344
134,0.026343
135,0.026311
136,0.026524
137,0.026540
138,0.026543
139,0.026539
140,0.026516
141,0.026553
142,0.026761
143,0.026790
144,0.026390
145,0.026556
146,0.026387
147,0.026303
148,0.026268
149,0.026380
150,0.026368
151,0.026408
152,0.026488
153,0.026309
154,0.027178
155,0.026370
156,0.026316
157,0.026719
158,0.026358
159,0.026289
160,0.026422
161,0.026588
162,0.026234
163,0.026332
164,0.026240
165,0.026623
166,0.026341
167,0.026243
168,0.026254
169,0.026432
170,0.026624
171,0.026330
172,0.026270
173,0.026306
174,0.026439
175,0.026382
176,0.026339
177,0.026292
178,0.027855
179,0.027998
180,0.029271
181,0.027540
182,0.026335
183,0.026554
184,0.026745
185,0.026710
186,0.026510
187,0.026596
188,0.026453
189,0.026439
190,0.026241
191,0.026332
192,0.026557
193,0.026326
194,0.026760
195,0.026196
196,0.026249
197,0.026329
198,0.026435
199,0.026375
200,0.026165
201,0.026511
202,0.026379
203,0.026333
204,0.026463
205,0.026685
206,0.026643
207,0.026359
208,0.026165
209,0.026376
210,0.026585
211,0.026471
212,0.026303
213,0.026527
214,0.026366
215,0.026232
216,0.026231
217,0.026484
218,0.026528
219,0.026646
220,0.026337
221,0.026349
222,0.026192
223,0.026775
224,0.026452
225,0.026516
226,0.026191
227,0.026203
228,0.026374
229,0.026653
230,0.026331
231,0.026199
232,0.026313
233,0.026344
234,0.026252
235,0.026560
236,0.026584
237,0.026455
238,0.026337
239,0.026571
240,0.026857
241,0.026492
242,0.026460
243,0.026669
244,0.026744
245,0.026911
246,0.026409
247,0.026550
248,0.026722
249,0.026704
250,0.026913
251,0.053062
252,0.026772
253,0.026526
254,0.027088
255,0.052874
256,0.052863
257,0.079727
258,0.079192
259,0.078584
260,0.079272
261,0.080124
262,0.105448
263,0.105565
264,0.105515
265,0.079439
266,0.052606
267,0.052723
268,0.053447
269,0.052605
270,0.053148
271,0.026573
272,0.053227
273,0.052767
274,0.026430
275,0.052867
276,0.026218
277,0.053067
278,0.026733
279,0.026364
280,0.026625
281,0.026371
282,0.026804
283,0.026545
284,0.026383
285,0.026689
286,0.026273
287,0.026909
288,0.026840
289,0.026645
290,0.026644
291,0.026360
292,0.026417
293,0.026649
294,0.026602
295,0.026840
296,0.026464
297,0.026904
298,0.026586
299,0.026466
300,0.043610
301,0.026382
302,0.026829
303,0.026986
304,0.026517
305,0.026808
306,0.026594
307,0.026493
308,0.026847
309,0.026694
310,0.026819
311,0.026412
312,0.027107
313,0.026668
314,0.026535
315,0.026724
316,0.026464
317,0.026552
318,0.026714
319,0.026757
320,0.026681
321,0.026733
322,0.026452
323,0.026637
324,0.026366
325,0.026443
326,0.026391
327,0.026748
328,0.026340
329,0.026472
330,0.026745
331,0.026257
332,0.026457
333,0.026505
334,0.026542
335,0.026610
336,0.026332
337,0.026450
338,0.026288
339,0.026381
340,0.026543
341,0.026414
342,0.026546
343,0.026431
344,0.026765
345,0.026642
346,0.026308
347,0.026576
348,0.026359
349,0.026703
350,0.027030
351,0.026893
352,0.027092
353,0.026685
354,0.026711
355,0.026855
356,0.026403
357,0.026691
358,0.026502
359,0.026283
360,0.026354
361,0.026420
362,0.026505
363,0.026234
364,0.026393
365,0.026268
366,0.026253
367,0.026435
368,0.026304
369,0.026365
370,0.026315
371,0.026266
372,0.026305
373,0.026290
374,0.026457
375,0.026477
376,0.026457
377,0.026368
378,0.026354
379,0.026317
380,0.026454
381,0.026281
382,0.026396
383,0.026155
384,0.026259
385,0.026290
386,0.026459
387,0.026214
388,0.026222
389,0.026392
390,0.026345
391,0.026060
392,0.026267
393,0.026694
394,0.027123
395,0.028258
396,0.027053
397,0.026467
398,0.026217
399,0.026378
400,0.026981
401,0.026251
402,0.026349
403,0.026421
404,0.026318
405,0.035506
406,0.032828
407,0.026536
408,0.026509
409,0.026581
410,0.026335
411,0.026250
412,0.026251
413,0.026406
414,0.026522
415,0.026621
416,0.026494
417,0.026703
418,0.026515
419,0.026416
420,0.026647
421,0.026385
422,0.026479
423,0.026258
424,0.026410
425,0.026644
426,0.026368
427,0.026478
428,0.026463
429,0.026667
430,0.026300
431,0.026463
432,0.026439
433,0.026686
434,0.026373
435,0.026476
436,0.026534
437,0.026629
438,0.026500
439,0.026450
440,0.026183
441,0.052882
442,0.026431
443,0.052818
444,0.052697
445,0.026449
446,0.079125
447,0.079162
448,0.026384
449,0.052780
450,0.052942
451,0.052950
452,0.052585
453,0.052789
454,0.053103
455,0.079414
456,0.078920
457,0.079052
458,0.078753
459,0.078733
460,0.079038
461,0.053015
462,0.079129
463,0.078872
464,0.078850
465,0.079262
466,0.105344
467,0.078719
468,0.104737
469,0.079124
470,0.105225
471,0.104804
472,0.105428
473,0.105321
474,0.105002
475,0.105679
476,0.104605
477,0.078901
478,0.079557
479,0.079264
480,0.078984
481,0.052962
482,0.053052
483,0.079454
484,0.052713
485,0.052437
486,0.052893
487,0.052615
488,0.052834
489,0.052565
490,0.079312
491,0.052486
492,0.078976
493,0.052925
494,0.079908
495,0.028185
496,0.057696
497,0.053754
498,0.055716
499,0.052847
500,0.053076
501,0.053035
502,0.053038
503,0.052649
504,0.053426
505,0.026414
506,0.052878
507,0.026475
508,0.026489
509,0.026686
510,0.026717
511,0.026337
512,0.026378
513,0.026221
514,0.026327
515,0.026564
516,0.026492
517,0.026641
518,0.026426
519,0.026629
520,0.026181
521,0.026595
522,0.026648
523,0.026528
524,0.026344
525,0.026615
526,0.026403
527,0.026587
528,0.026384
529,0.026514
530,0.026497
531,0.026402
532,0.026506
533,0.026455
534,0.026746
535,0.026346
536,0.026803
537,0.026717
538,0.026455
539,0.026479
540,0.026496
541,0.026822
542,0.026791
543,0.026494
544,0.052611
545,0.026683
546,0.026450
547,0.026498
548,0.026710
549,0.026659
550,0.026493
551,0.052723
552,0.079571
553,0.079377
554,0.078979
555,0.079646
556,0.079410
557,0.078911
558,0.079034
559,0.078968
560,0.026597
561,0.052509
562,0.078397
563,0.052667
564,0.053129
565,0.052802
566,0.052949
567,0.026470
568,0.052650
569,0.026940
570,0.052669
571,0.052668
572,0.053020
573,0.052864
574,0.026784
575,0.078872
576,0.078865
577,0.026740
578,0.026510
579,0.052753
580,0.052841
581,0.079463
582,0.079008
583,0.078751
584,0.026612
585,0.052810
586,0.026456
587,0.052766
588,0.026534
589,0.026794
590,0.026296
591,0.026529
592,0.026729
593,0.026514
594,0.026486
595,0.027003
596,0.028850
597,0.028051
598,0.028557
599,0.026564
600,0.026374
601,0.026315
602,0.026217
603,0.026451
604,0.026468
605,0.026432
606,0.026345
607,0.026393
608,0.026396
609,0.026347
610,0.026233
611,0.026500
612,0.026233
613,0.026354
614,0.026421
615,0.026576
616,0.026380
617,0.026584
618,0.026493
619,0.026425
620,0.026694
621,0.026300
622,0.026453
623,0.026282
624,0.026431
625,0.026591
626,0.026329
627,0.026419
628,0.026357
629,0.026398
630,0.026228
631,0.026655
632,0.027786
633,0.029039
634,0.055767
635,0.027097
636,0.033804
637,0.027171
638,0.027039
639,0.026558
640,0.026862
641,0.026619
642,0.026712
643,0.026786
644,0.026686
645,0.026774
646,0.053107
647,0.026820
648,0.053143
649,0.026672
650,0.026825
651,0.026763
652,0.026521
653,0.052827
654,0.026716
655,0.053074
656,0.053160
657,0.079563
658,0.079452
659,0.079539
660,0.079259
661,0.079528
662,0.105911
663,0.079035
664,0.106231
665,0.105720
666,0.105799
667,0.106108
668,0.105885
669,0.079700
670,0.079490
671,0.106183
672,0.105563
673,0.106108
674,0.079208
675,0.079295
676,0.079495
677,0.079450
678,0.079186
679,0.079316
680,0.079220
681,0.079516
682,0.079718
683,0.079212
684,0.079547
685,0.079466
686,0.079158
687,0.079056
688,0.079454
689,0.079503
690,0.079444
691,0.078312
692,0.078166
693,0.104526
694,0.052477
695,0.052271
696,0.078212
697,0.052865
698,0.053601
699,0.079622
700,0.026318
701,0.078605
702,0.026087
703,0.027068
704,0.083590
705,0.052726
706,0.026831
707,0.026563
708,0.026822
709,0.026779
710,0.026654
711,0.026879
712,0.026787
713,0.026909
714,0.027213
715,0.026531
716,0.026916
717,0.026631
718,0.026597
719,0.026954
720,0.026660
721,0.027575
722,0.026539
723,0.027054
724,0.026829
725,0.026477
726,0.026858
727,0.026529
728,0.026784
729,0.026675
730,0.026494
731,0.026873
732,0.079456
733,0.053059
734,0.079737
735,0.079448
736,0.079554
737,0.079725
738,0.079560
739,0.053273
740,0.026374
741,0.026941
742,0.026811
743,0.026521
744,0.026691
745,0.026420
746,0.026656
747,0.026851
748,0.026599
749,0.026922
750,0.026846
751,0.026565
752,0.026750
753,0.026604
754,0.052853
755,0.053197
756,0.026367
757,0.026689
758,0.053080
759,0.026726
760,0.053088
761,0.053011
762,0.052991
763,0.052954
764,0.053418
765,0.054516
766,0.027287
767,0.053793
768,0.026614
769,0.026786
770,0.052965
771,0.052940
772,0.053080
773,0.026840
774,0.053007
775,0.026797
776,0.026525
777,0.026803
778,0.027005
779,0.026367
780,0.026846
781,0.026640
782,0.026808
783,0.026905
784,0.026562
785,0.026853
786,0.026419
787,0.026782
788,0.026653
789,0.026567
790,0.026775
791,0.026498
792,0.026745
793,0.026785
794,0.026516
795,0.052966
796,0.026821
797,0.026857
798,0.053017
799,0.026540
800,0.026797
801,0.026825
802,0.026481
803,0.026748
804,0.026502
805,0.026740
806,0.026821
807,0.026365
808,0.026870
809,0.026624
810,0.026832
811,0.026741
812,0.026520
813,0.026894
814,0.026583
815,0.026659
816,0.026747
817,0.026454
818,0.026862
819,0.026493
820,0.026795
821,0.026801
822,0.026473
823,0.026670
824,0.026322
825,0.026337
826,0.026255
827,0.026211
828,0.026387
829,0.026295
830,0.026328
831,0.026294
832,0.026375
833,0.026313
834,0.026284
835,0.026391
836,0.026396
837,0.026841
838,0.026456
839,0.026251
840,0.026345
841,0.026420
842,0.026384
843,0.026201
844,0.026299
845,0.026177
846,0.026490
847,0.026299
848,0.026384
849,0.026408
850,0.026330
851,0.026292
852,0.026315
853,0.026241
854,0.026402
855,0.026245
856,0.026293
857,0.026557
858,0.026342
859,0.052413
860,0.052323
861,0.053189
862,0.053060
863,0.053151
864,0.079525
865,0.079685
866,0.079214
867,0.079588
868,0.079600
869,0.080697
870,0.079773
871,0.079203
872,0.079908
873,0.079859
874,0.079535
875,0.079404
876,0.079761
877,0.079342
878,0.052426
879,0.078454
880,0.078466
881,0.078456
882,0.078546
883,0.078423
884,0.052493
885,0.052429
886,0.052120
887,0.052530
888,0.026341
889,0.026479
890,0.053254
891,0.026613
892,0.026781
893,0.026600
894,0.026689
895,0.026967
896,0.026502
897,0.026821
898,0.026617
899,0.026933
900,0.026708
901,0.026679
902,0.026845
903,0.026725
904,0.027070
905,0.026817
906,0.026668
907,0.026875
908,0.026568
909,0.026993
910,0.026827
911,0.026598
912,0.026614
913,0.026641
914,0.026785
915,0.026803
916,0.026423
917,0.026971
918,0.026366
919,0.026846
920,0.026804
921,0.026587
922,0.026831
923,0.026803
924,0.026583
925,0.026775
926,0.026585
927,0.026725
928,0.026832
929,0.026672
930,0.026644
931,0.026645
932,0.027488
933,0.026852
934,0.026557
935,0.027007
936,0.026536
937,0.026910
938,0.027153
939,0.027364
940,0.027660
941,0.027288
942,0.026594
943,0.026917
944,0.026607
945,0.027330
946,0.026817
947,0.026771
948,0.026814
949,0.026616
950,0.026854
951,0.026788
952,0.053337
953,0.026741
954,0.027596
955,0.082454
956,0.053770
957,0.053584
958,0.079323
959,0.079573
960,0.079710
961,0.053145
962,0.053006
963,0.056537
964,0.086067
965,0.057392
966,0.055468
967,0.056695
968,0.029695
969,0.027299
970,0.055480
971,0.056515
972,0.053869
973,0.027323
974,0.053466
975,0.026936
976,0.026528
977,0.026740
978,0.053234
979,0.026871
980,0.026289
981,0.026886
982,0.026674
983,0.026694
984,0.028258
985,0.026533
986,0.026715
987,0.026808
988,0.026536
989,0.026873
990,0.026612
991,0.027033
992,0.026753
993,0.026664
994,0.026791
995,0.026556
996,0.026688
997,0.026745
998,0.026770
999,0.026836
1000,0.026319
1001,0.026901
1002,0.026725
1003,0.026637
1004,0.026729
1005,0.027519
1006,0.027085
1007,0.026942
1008,0.026624
1009,0.026858
1010,0.027120
1011,0.027709
1012,0.028286
1013,0.028644
1014,0.027786
1015,0.029300
1016,0.028157
1017,0.028841
1018,0.028362
1019,0.028399
1020,0.028419
1021,0.028633
1022,0.029052
1023,0.028816
1024,0.027426
1025,0.027515
1026,0.027090
1027,0.026930
1028,0.026920
1029,0.027948
1030,0.026307
1031,0.026314
1032,0.026313
1033,0.026371
1034,0.026303
1035,0.026194
1036,0.026264
1037,0.026362
1038,0.026291
1039,0.026154
1040,0.026439
1041,0.026354
1042,0.026350
1043,0.026328
1044,0.026168
1045,0.026348
1046,0.026277
1047,0.026428
1048,0.026332
1049,0.026369
1050,0.026421
1051,0.026327
1052,0.026249
1053,0.026498
1054,0.026204
1055,0.026483
1056,0.026250
1057,0.026394
1058,0.026181
1059,0.026444
1060,0.026156
1061,0.026164
1062,0.026249
1063,0.026234
1064,0.026295
1065,0.026255
1066,0.026127
1067,0.026327
1068,0.026121
1069,0.026463
1070,0.026289
1071,0.026334
1072,0.026220
1073,0.026294
1074,0.026133
1075,0.026246
1076,0.027180
1077,0.027472
1078,0.027362
1079,0.026698
1080,0.026402
1081,0.026483
1082,0.026276
1083,0.026207
1084,0.026313
1085,0.026278
1086,0.026268
1087,0.026293
1088,0.026396
1089,0.026373
1090,0.026168
1091,0.026257
1092,0.026183
1093,0.026369
1094,0.026183
1095,0.026437
1096,0.026556
1097,0.026493
1098,0.026304
1099,0.026249
1100,0.026251
1101,0.026538
1102,0.026176
1103,0.026319
1104,0.026158
1105,0.078361
1106,0.078178
1107,0.105477
1108,0.105584
1109,0.026399
1110,0.052261
1111,0.026320
1112,0.026214
1113,0.026386
1114,0.026266
1115,0.026367
1116,0.026304
1117,0.026265
1118,0.026141
1119,0.026295
1120,0.026125
1121,0.026425
1122,0.026218
1123,0.026182
1124,0.026118
1125,0.026324
1126,0.026186
1127,0.026344
1128,0.026256
1129,0.026343
1130,0.026375
1131,0.026196
1132,0.026421
1133,0.026363
1134,0.026295
1135,0.026146
1136,0.026337
1137,0.026351
1138,0.026196
1139,0.026164
1140,0.026048
1141,0.026338
1142,0.026595
1143,0.026375
1144,0.026301
1145,0.026313
1146,0.026378
1147,0.026337
1148,0.047212
1149,0.026438
1150,0.026030
1151,0.026211
1152,0.026230
1153,0.026242
1154,0.026321
1155,0.026445
1156,0.026288
1157,0.026279
1158,0.026225
1159,0.026295
1160,0.026275
1161,0.026268
1162,0.026477
1163,0.026337
1164,0.026164
1165,0.026422
1166,0.026237
1167,0.026222
1168,0.026437
1169,0.026145
1170,0.026301
1171,0.026230
1172,0.026417
1173,0.026294
1174,0.026236
1175,0.026221
1176,0.026111
1177,0.026177
1178,0.052552
1179,0.026386
1180,0.026139
1181,0.026253
1182,0.026091
1183,0.026431
1184,0.026189
1185,0.026354
1186,0.026143
1187,0.026131
1188,0.026167
1189,0.026295
1190,0.026330
1191,0.026056
1192,0.026406
1193,0.026245
1194,0.026551
1195,0.026249
1196,0.026248
1197,0.026200
1198,0.026137
1199,0.026113
1200,0.026318
1201,0.026144
1202,0.026365
1203,0.026118
1204,0.026398
1205,0.026468
1206,0.026128
1207,0.026057
1208,0.026169
1209,0.026219
1210,0.026478
1211,0.026317
1212,0.026281
1213,0.026271
1214,0.026225
1215,0.026277
1216,0.026481
1217,0.026333
1218,0.026183
1219,0.026298
1220,0.026167
1221,0.026256
1222,0.026151
1223,0.026253
1224,0.026166
1225,0.026358
1226,0.026286
1227,0.026190
1228,0.026247
1229,0.026138
1230,0.026187
1231,0.026209
1232,0.026215
1233,0.026193
1234,0.026191
1235,0.026179
1236,0.026275
1237,0.026558
1238,0.026477
1239,0.026484
1240,0.026194
1241,0.026336
1242,0.026361
1243,0.026429
1244,0.026195
1245,0.026465
1246,0.026378
1247,0.026551
1248,0.026389
1249,0.026684
1250,0.026571
1251,0.026195
1252,0.026433
1253,0.026357
1254,0.026675
1255,0.026296
1256,0.026655
1257,0.026688
1258,0.026219
1259,0.026409
1260,0.026115
1261,0.026613
1262,0.026546
1263,0.026348
1264,0.026152
1265,0.026448
1266,0.026674
1267,0.026424
1268,0.026514
1269,0.026553
1270,0.026063
1271,0.026309
1272,0.026207
1273,0.026328
1274,0.026519
1275,0.027409
1276,0.027997
1277,0.028093
1278,0.028027
1279,0.027981
1280,0.027866
1281,0.027848
1282,0.027800
1283,0.027734
1284,0.027335
1285,0.027828
1286,0.027586
1287,0.027591
1288,0.027489
1289,0.027964
1290,0.027703
1291,0.027812
1292,0.027741
1293,0.027660
1294,0.027738
1295,0.027464
1296,0.027712
1297,0.028061
1298,0.027509
1299,0.027719
1300,0.027733
1301,0.027582
1302,0.027599
1303,0.027472
1304,0.026905
1305,0.027205
1306,0.027203
1307,0.026991
1308,0.027248
1309,0.027463
1310,0.026793
1311,0.027758
1312,0.028445
1313,0.027493
1314,0.027585
1315,0.027914
1316,0.026559
1317,0.026499
1318,0.026350
1319,0.026750
1320,0.026414
1321,0.026475
1322,0.026481
1323,0.026453
1324,0.026431
1325,0.026192
1326,0.026152
1327,0.026146
1328,0.026181
1329,0.026210
1330,0.026164
1331,0.026215
1332,0.026056
1333,0.026189
1334,0.026016
1335,0.027396
1336,0.026171
1337,0.026165
1338,0.026166
1339,0.026205
1340,0.026202
1341,0.026245
1342,0.026137
1343,0.026126
1344,0.026150
1345,0.026214
1346,0.026221
1347,0.026244
1348,0.026146
1349,0.026146
1350,0.026594
1351,0.026420
1352,0.026314
1353,0.026284
1354,0.026238
1355,0.026151
1356,0.026227
1357,0.026231
1358,0.026397
1359,0.026372
1360,0.026099
1361,0.026320
1362,0.026219
1363,0.026309
1364,0.026228
1365,0.026303
1366,0.026191
1367,0.026321
1368,0.026261
1369,0.026271
1370,0.026253
1371,0.026310
1372,0.052402
1373,0.026294
1374,0.026265
1375,0.026262
1376,0.026735
1377,0.028039
1378,0.031444
1379,0.031597
1380,0.028077
1381,0.027490
1382,0.054834
1383,0.027413
1384,0.027348
1385,0.027624
1386,0.027397
1387,0.027557
1388,0.054578
1389,0.054729
1390,0.056121
1391,0.099100
1392,0.054650
1393,0.054577
1394,0.080888
1395,0.081226
1396,0.054132
1397,0.082831
1398,0.084256
1399,0.054932
1400,0.081153
1401,0.081283
1402,0.054238
1403,0.084082
1404,0.081132
1405,0.053543
1406,0.054479
1407,0.054208
1408,0.054606
1409,0.054519
1410,0.054243
1411,0.054861
1412,0.054518
1413,0.080291
1414,0.054894
1415,0.082511
1416,0.081647
1417,0.055042
1418,0.082568
1419,0.082384
1420,0.054431
1421,0.053663
1422,0.054117
1423,0.055362
1424,0.054844
1425,0.055336
1426,0.055097
1427,0.056278
1428,0.056313
1429,0.056818
1430,0.028334
1431,0.028609
1432,0.028337
1433,0.028309
1434,0.028246
1435,0.028362
1436,0.028525
1437,0.028272
1438,0.028529
1439,0.028898
1440,0.028877
1441,0.028325
1442,0.028600
1443,0.028371
1444,0.028125
1445,0.028608
1446,0.028440
1447,0.028096
1448,0.028326
1449,0.028582
1450,0.028463
1451,0.028474
1452,0.028577
1453,0.028522
1454,0.028261
1455,0.028192
1456,0.028611
1457,0.028398
1458,0.028450
1459,0.028430
1460,0.042800
1461,0.028138
1462,0.028511
1463,0.028665
1464,0.028384
1465,0.028363
1466,0.029962
1467,0.028998
1468,0.028949
1469,0.028293
1470,0.028457
1471,0.028249
1472,0.028920
1473,0.028702
1474,0.028802
1475,0.028139
1476,0.028695
1477,0.028537
1478,0.028261
1479,0.028209
1480,0.028434
1481,0.028333
1482,0.028577
1483,0.028848
1484,0.028637
1485,0.028408
1486,0.028319
1487,0.028285
1488,0.028245
1489,0.028319
1490,0.028495
1491,0.028432
1492,0.028448
1493,0.028586
1494,0.028501
1495,0.028111
1496,0.028411
1497,0.028414
1498,0.028220
1499,0.028165
1500,0.028545
1501,0.028192
1502,0.028464
1503,0.028195
1504,0.028135
1505,0.028172
1506,0.027929
1507,0.027998
1508,0.028578
1509,0.028356
1510,0.028204
1511,0.028324
1512,0.028381
1513,0.028232
1514,0.027971
1515,0.028100
1516,0.027958
1517,0.028083
1518,0.028106
1519,0.028275
1520,0.028214
1521,0.028281
1522,0.028242
1523,0.028266
1524,0.028084
1525,0.028063
1526,0.028199
1527,0.028054
1528,0.028157
1529,0.028250
1530,0.028204
1531,0.028095
1532,0.028163
1533,0.028179
1534,0.028149
1535,0.028831
1536,0.028370
1537,0.028070
1538,0.028075
1539,0.028132
1540,0.028108
1541,0.028266
1542,0.028406
1543,0.027991
1544,0.028255
1545,0.028156
1546,0.028351
1547,0.028223
1548,0.028099
1549,0.028564
1550,0.028248
1551,0.028480
1552,0.030241
1553,0.032499
1554,0.032239
1555,0.032513
1556,0.032563
1557,0.031969
1558,0.027327
1559,0.027616
1560,0.027696
1561,0.027767
1562,0.027864
1563,0.027878
1564,0.028097
1565,0.027880
1566,0.029462
1567,0.035197
1568,0.035106
1569,0.035585
1570,0.034676
1571,0.035144
1572,0.030919
1573,0.032264
1574,0.032076
1575,0.032294
1576,0.032182
1577,0.031159
1578,0.030484
1579,0.033015
1580,0.033040
1581,0.032937
1582,0.032940
1583,0.033063
1584,0.033072
1585,0.032561
1586,0.027713
1587,0.031989
1588,0.032126
1589,0.033069
1590,0.033010
1591,0.030245
1592,0.032295
1593,0.032774
1594,0.032346
1595,0.031890
1596,0.033115
1597,0.030320
1598,0.026923
1599,0.026973
1600,0.034382
1601,0.035766
1602,0.034278
1603,0.034817
1604,0.033101
1605,0.033300
1606,0.033920
1607,0.030865
1608,0.027270
1609,0.030951
1610,0.031152
1611,0.031991
1612,0.030590
1613,0.030879
1614,0.032709
1615,0.033019
1616,0.032660
1617,0.032728
1618,0.032824
1619,0.032724
1620,0.032766
1621,0.032702
1622,0.032750
1623,0.032589
1624,0.032742
1625,0.032919
1626,0.032512
1627,0.044606
1628,0.042795
1629,0.107130
1630,0.062267
1631,0.050579
1632,0.041475
1633,0.076759
1634,0.049615
1635,0.085274
1636,0.077777
1637,0.072228
1638,0.149386
1639,0.070250
1640,0.172823
1641,0.120250
1642,0.097341
1643,0.071991
1644,0.057523
1645,0.105433
1646,0.075847
1647,0.069200
1648,0.056133
1649,0.046465
1650,0.034760
1651,0.124217
1652,0.075083
1653,0.092647
1654,0.090140
1655,0.081723
1656,0.056051
1657,0.146360
1658,0.059355
1659,0.070420
1660,0.082106
1661,0.034911
1662,0.034610
1663,0.034568
1664,0.043468
1665,0.035640
1666,0.033049
1667,0.033850
1668,0.034852
1669,0.034831
1670,0.055610
1671,0.033858
1672,0.033811
1673,0.033109
1674,0.060920
1675,0.037004
1676,0.033548
1677,0.032068
1678,0.032167
1679,0.032130
1680,0.032100
1681,0.032220
1682,0.032477
1683,0.032154
1684,0.031630
1685,0.031902
1686,0.031924
1687,0.032021
1688,0.031905
1689,0.032112
1690,0.032029
1691,0.032027
1692,0.031841
1693,0.031743
1694,0.031935
1695,0.031881
1696,0.031799
1697,0.032156
1698,0.031996
1699,0.032368
1700,0.032347
1701,0.031949
1702,0.031715
1703,0.031718
1704,0.032030
1705,0.032034
1706,0.031814
1707,0.032893
1708,0.037581
1709,0.069149
1710,0.069968
1711,0.040632
1712,0.045714
1713,0.077480
1714,0.073221
1715,0.056430
1716,0.117652
1717,0.090948
1718,0.063695
1719,0.081876
1720,0.054023
1721,0.089351
1722,0.084724
1723,0.097679
1724,0.061644
1725,0.177123
1726,0.055156
1727,0.054960
1728,0.069773
1729,0.087665
1730,0.050303
1731,0.058980
1732,0.150056
1733,0.180248
1734,0.066780
1735,0.047291
1736,0.058335
1737,0.055636
1738,0.068382
1739,0.060805
1740,0.057139
1741,0.055369
1742,0.052091
1743,0.049107
1744,0.046754
1745,0.052895
1746,0.046998
1747,0.092477
1748,0.048303
1749,0.048454
1750,0.092094
1751,0.107261
1752,0.053455
1753,0.096975
1754,0.109223
1755,0.092257
1756,0.051942
1757,0.093502
1758,0.107305
1759,0.110027
1760,0.110028
1761,0.112802
1762,0.100050
1763,0.125238
1764,0.052464
1765,0.103519
1766,0.052608
1767,0.078845
1768,0.045805
1769,0.040115
1770,0.050533
1771,0.052620
1772,0.047284
1773,0.062639
1774,0.045712
1775,0.060311
1776,0.053586
1777,0.049868
1778,0.051687
1779,0.047314
1780,0.047451
1781,0.049355
1782,0.047964
1783,0.050416
1784,0.059080
1785,0.052821
1786,0.046834
1787,0.050085
1788,0.049895
1789,0.059387
1790,0.050422
1791,0.051049
1792,0.048300
1793,0.047938
1794,0.048650
1795,0.042744
1796,0.031300
1797,0.047752
1798,0.050652
1799,0.052676
1800,0.048425
1801,0.051134
1802,0.053532
1803,0.045029
1804,0.048396
1805,0.048681
1806,0.047343
1807,0.045880
1808,0.051274
1809,0.053030
1810,0.046612
1811,0.050194
1812,0.052316
1813,0.049025
1814,0.048533
1815,0.047851
1816,0.046432
1817,0.048208
1818,0.047518
1819,0.051084
1820,0.048030
1821,0.048666
1822,0.059497
1823,0.049456
1824,0.055790
1825,0.045176
1826,0.051200
1827,0.050038
1828,0.051255
1829,0.050267
1830,0.044836
1831,0.050249
1832,0.046022
1833,0.046403
1834,0.047491
1835,0.040365
1836,0.043505
1837,0.048085
1838,0.050811
1839,0.047244
1840,0.049417
1841,0.049915
1842,0.048776
1843,0.049771
1844,0.047960
1845,0.050589
1846,0.051594
1847,0.046730
1848,0.047535
1849,0.047058
1850,0.048227
1851,0.048381
# total_episodes=1851, avg_seconds=0.038518
