# episode_index, seconds
1,0.010843
2,0.014689
3,0.008234
4,0.003222
5,0.003853
6,0.003674
7,0.008582
8,0.013813
9,0.010451
10,0.003946
11,0.000807
12,0.003844
13,0.005624
14,0.002232
15,0.005759
16,0.016824
17,0.007481
18,0.003234
19,0.003765
20,0.003756
21,0.008022
22,0.155271
23,0.196931
24,0.254106
25,0.227967
26,0.193130
27,0.062117
28,0.242061
29,0.195698
30,0.048090
31,0.154037
32,0.139703
33,0.190085
34,0.051192
35,0.048074
36,0.050595
37,0.196960
38,0.048765
39,0.146523
40,0.129164
41,0.108867
42,0.195422
43,0.057155
44,0.137137
45,0.158217
46,0.155118
47,0.052569
48,0.045913
49,0.130559
50,0.044323
51,0.184273
52,0.158344
53,0.149489
54,0.052195
55,0.201475
56,0.060752
57,0.046361
58,0.147401
59,0.097913
60,0.056942
61,0.121681
62,0.056531
63,0.050979
64,0.148138
65,0.176305
66,0.252892
67,0.097892
68,0.047491
69,0.048635
70,0.093329
71,0.054790
72,0.044924
73,0.041121
74,0.049933
75,0.050260
76,0.046850
77,0.147430
78,0.047828
79,0.197523
80,0.045609
81,0.046898
82,0.091394
83,0.098235
84,0.096931
85,0.104215
86,0.046487
87,0.054035
88,0.048125
89,0.057561
90,0.046477
91,0.045874
92,0.096487
93,0.043029
94,0.042132
95,0.046988
96,0.045551
97,0.083461
98,0.095781
99,0.045986
100,0.054842
101,0.059518
102,0.047271
103,0.045849
104,0.046831
105,0.059582
106,0.051958
107,0.099221
108,0.046094
109,0.049175
110,0.059135
111,0.047558
112,0.051664
113,0.051542
114,0.046019
115,0.049953
116,0.062671
117,0.044139
118,0.097111
119,0.049691
120,0.051074
121,0.050044
122,0.047166
123,0.060198
124,0.095542
125,0.040128
126,0.044463
127,0.054334
128,0.046348
129,0.058129
130,0.048246
131,0.050854
132,0.097969
133,0.057315
134,0.061786
135,0.050092
136,0.080432
137,0.052373
138,0.101091
139,0.047777
140,0.044723
141,0.055837
142,0.049341
143,0.049459
144,0.045863
145,0.047191
146,0.044588
147,0.047931
148,0.056025
149,0.048101
150,0.044884
151,0.052163
152,0.051224
153,0.049408
154,0.046001
155,0.068420
156,0.051134
157,0.047061
158,0.047699
159,0.044975
160,0.054781
161,0.049323
162,0.047823
163,0.051986
164,0.069984
165,0.060891
166,0.054678
167,0.058663
168,0.099460
169,0.052082
170,0.051688
171,0.047944
172,0.052717
173,0.048905
174,0.046946
175,0.053905
176,0.110186
177,0.057768
178,0.061120
179,0.059565
180,0.056780
181,0.055720
182,0.052261
183,0.050920
184,0.054920
185,0.050665
186,0.048951
187,0.059271
188,0.112832
189,0.054446
190,0.053723
191,0.053895
192,0.050590
193,0.116056
194,0.061386
195,0.061177
196,0.047995
197,0.051650
198,0.097388
199,0.049926
200,0.109167
201,0.099468
202,0.127190
203,0.098707
204,0.172064
205,0.149485
206,0.148773
207,0.147386
208,0.175817
209,0.160622
210,0.155437
211,0.180418
212,0.131051
213,0.047726
214,0.159150
215,0.046553
216,0.048700
217,0.092902
218,0.049536
219,0.058301
220,0.052214
221,0.050277
222,0.108717
223,0.060996
224,0.052303
225,0.050670
226,0.050651
227,0.057887
228,0.065145
229,0.063944
230,0.056587
231,0.056204
232,0.054968
233,0.064435
234,0.049410
235,0.076594
236,0.052178
237,0.049440
238,0.098659
239,0.050584
240,0.059465
241,0.048131
242,0.048996
243,0.058366
244,0.048396
245,0.047930
246,0.105996
247,0.055887
248,0.046170
249,0.056787
250,0.059323
251,0.062443
252,0.058867
253,0.050375
254,0.049610
255,0.057445
256,0.051069
257,0.046941
258,0.054756
259,0.051231
260,0.053864
261,0.051736
262,0.044815
263,0.047414
264,0.052980
265,0.050667
266,0.097691
267,0.049040
268,0.097688
269,0.054155
270,0.059400
271,0.049964
272,0.050015
273,0.051242
274,0.048399
275,0.051806
276,0.142172
277,0.053933
278,0.097526
279,0.050301
280,0.051107
281,0.055115
282,0.156720
283,0.049602
284,0.097392
285,0.046929
286,0.148853
287,0.053878
288,0.048500
289,0.048241
290,0.059936
291,0.093434
292,0.095385
293,0.043395
294,0.052165
295,0.096499
296,0.148918
297,0.092469
298,0.183142
299,0.103679
300,0.100815
301,0.144823
302,0.154791
303,0.155210
304,0.161322
305,0.153758
306,0.164817
307,0.205747
308,0.148589
309,0.145450
310,0.144858
311,0.040656
312,0.049695
313,0.052489
314,0.047970
315,0.048025
316,0.048129
317,0.049750
318,0.056347
319,0.050071
320,0.047925
321,0.051692
322,0.057289
323,0.059233
324,0.051705
325,0.047886
326,0.053105
327,0.048930
328,0.049754
329,0.060711
330,0.051019
331,0.048114
332,0.051229
333,0.050310
334,0.052375
335,0.047510
336,0.051743
337,0.058142
338,0.057096
339,0.048467
340,0.047225
341,0.055149
342,0.051982
343,0.046699
344,0.053504
345,0.056252
346,0.049314
347,0.048680
348,0.050109
349,0.052363
350,0.048542
351,0.048490
352,0.053840
353,0.051632
354,0.057436
355,0.048776
356,0.048700
357,0.052081
358,0.048689
359,0.052191
360,0.060355
361,0.053081
362,0.048278
363,0.048900
364,0.059953
365,0.044108
366,0.049787
367,0.044137
368,0.049155
369,0.048048
370,0.047888
371,0.041121
372,0.043113
373,0.045484
374,0.057902
375,0.048199
376,0.048455
377,0.042575
378,0.044919
379,0.047074
380,0.047261
381,0.049615
382,0.051119
383,0.048319
384,0.047142
385,0.049486
386,0.050112
387,0.044311
388,0.045678
389,0.047008
390,0.050831
391,0.049088
392,0.044494
393,0.050773
394,0.048806
395,0.044558
396,0.045340
397,0.053620
398,0.046814
399,0.047537
400,0.051844
401,0.050472
402,0.053800
403,0.048263
404,0.046901
405,0.050514
406,0.047425
407,0.053411
408,0.051758
409,0.091480
410,0.065347
411,0.047345
412,0.051592
413,0.046997
414,0.048616
415,0.047417
416,0.051444
417,0.048013
418,0.049201
419,0.098542
420,0.049931
421,0.138103
422,0.049492
423,0.046098
424,0.149807
425,0.046267
426,0.158616
427,0.124444
428,0.147414
429,0.048456
430,0.097760
431,0.159927
432,0.143174
433,0.150993
434,0.154469
435,0.143753
436,0.182451
437,0.141579
438,0.191885
439,0.156086
440,0.200634
441,0.221765
442,0.191050
443,0.202696
444,0.152924
445,0.190593
446,0.151078
447,0.144612
448,0.190193
449,0.197306
450,0.051834
451,0.100959
452,0.050058
453,0.054351
454,0.047839
455,0.051811
456,0.100357
457,0.158055
458,0.048149
459,0.126456
460,0.046462
461,0.047418
462,0.052146
463,0.050453
464,0.043301
465,0.047873
466,0.050092
467,0.046172
468,0.048897
469,0.047714
470,0.051949
471,0.048672
472,0.094667
473,0.046416
474,0.049546
475,0.048106
476,0.047156
477,0.047618
478,0.050479
479,0.047288
480,0.046967
481,0.052298
482,0.046691
483,0.050280
484,0.040864
485,0.045681
486,0.046193
487,0.051292
488,0.048779
489,0.051835
490,0.048878
491,0.048228
492,0.048178
493,0.050240
494,0.050255
495,0.044694
496,0.047059
497,0.046793
498,0.049422
499,0.057015
500,0.052921
501,0.048404
502,0.046492
503,0.048154
504,0.050132
505,0.049381
506,0.045052
507,0.055793
508,0.049039
509,0.046476
510,0.046880
511,0.049364
512,0.049150
513,0.060078
514,0.054332
515,0.053009
516,0.052038
517,0.045377
518,0.046790
519,0.049431
520,0.054336
521,0.060859
522,0.078109
523,0.056075
524,0.055648
525,0.049042
526,0.046497
527,0.047996
528,0.055364
529,0.044163
530,0.058828
531,0.051177
532,0.057120
533,0.049758
534,0.050212
535,0.048650
536,0.046614
537,0.052287
538,0.038176
539,0.050356
540,0.051061
541,0.050527
542,0.048407
543,0.048502
544,0.046225
545,0.045881
546,0.050949
547,0.045536
548,0.039639
549,0.044767
550,0.088878
551,0.047537
552,0.047090
553,0.048535
554,0.051251
555,0.046803
556,0.057011
557,0.053520
558,0.038201
559,0.044357
560,0.049564
561,0.050092
562,0.051694
563,0.063800
564,0.189059
565,0.048137
566,0.047956
567,0.047601
568,0.045742
569,0.050883
570,0.049813
571,0.046127
572,0.052296
573,0.047509
574,0.046348
575,0.047146
576,0.051368
577,0.050314
578,0.140774
579,0.051624
580,0.139336
581,0.052030
582,0.049797
583,0.098929
584,0.103472
585,0.140829
586,0.098202
587,0.151622
588,0.140748
589,0.146097
590,0.138168
591,0.105011
592,0.051999
593,0.045629
594,0.095851
595,0.038107
596,0.048969
597,0.052033
598,0.051284
599,0.048263
600,0.047319
601,0.049989
602,0.050827
603,0.049263
604,0.096875
605,0.046821
606,0.094171
607,0.048500
608,0.049983
609,0.047676
610,0.046805
611,0.046244
612,0.050773
613,0.048326
614,0.043361
615,0.050390
616,0.050378
617,0.047895
618,0.047385
619,0.058023
620,0.055564
621,0.048679
622,0.049426
623,0.051277
624,0.057006
625,0.045805
626,0.048986
627,0.048131
628,0.048249
629,0.048351
630,0.054344
631,0.045794
632,0.053749
633,0.050065
634,0.058815
635,0.049138
636,0.062067
637,0.053240
638,0.050717
639,0.043575
640,0.061604
641,0.046074
642,0.047472
643,0.050049
644,0.047731
645,0.052299
646,0.048767
647,0.045867
648,0.039662
649,0.109453
650,0.047447
651,0.089336
652,0.042629
653,0.091621
654,0.154906
655,0.120193
656,0.140313
657,0.183158
658,0.150466
659,0.050767
660,0.178277
661,0.154889
662,0.109706
663,0.048604
664,0.095153
665,0.151941
666,0.044578
667,0.120009
668,0.043769
669,0.046987
670,0.096666
671,0.096942
672,0.089512
673,0.045425
674,0.046941
675,0.041473
676,0.089308
677,0.049940
678,0.150502
679,0.051060
680,0.045891
681,0.086177
682,0.050796
683,0.053676
684,0.046962
685,0.045527
686,0.047682
687,0.092163
688,0.049898
689,0.049107
690,0.048164
691,0.047389
692,0.105848
693,0.048720
694,0.067196
695,0.052976
696,0.047433
697,0.049016
698,0.049906
699,0.052481
700,0.054313
701,0.047672
702,0.049288
703,0.109180
704,0.046917
705,0.047648
706,0.046705
707,0.060664
708,0.045775
709,0.051460
710,0.057617
711,0.045738
712,0.045392
713,0.048160
714,0.047328
715,0.048573
716,0.051669
717,0.047766
718,0.046678
719,0.047572
720,0.050075
721,0.057992
722,0.049878
723,0.059958
724,0.050365
725,0.046891
726,0.048445
727,0.046300
728,0.057579
729,0.083843
730,0.044196
731,0.045800
732,0.047800
733,0.045909
734,0.050203
735,0.048708
736,0.050351
737,0.045988
738,0.047809
739,0.047085
740,0.050411
741,0.042009
742,0.143098
743,0.211971
744,0.215606
745,0.149354
746,0.147758
747,0.174003
748,0.144044
749,0.144298
750,0.159090
751,0.204427
752,0.147230
753,0.092300
754,0.091234
755,0.100762
756,0.099330
757,0.170069
758,0.117995
759,0.156356
760,0.178435
761,0.097950
762,0.094136
763,0.104197
764,0.144859
765,0.099294
766,0.103660
767,0.055985
768,0.058495
769,0.046927
770,0.052529
771,0.058731
772,0.053457
773,0.058890
774,0.052869
775,0.051805
776,0.050579
777,0.052313
778,0.051516
779,0.047524
780,0.059476
781,0.051512
782,0.065602
783,0.049275
784,0.058501
785,0.050827
786,0.049018
787,0.053435
788,0.047815
789,0.050250
790,0.051970
791,0.052422
792,0.063207
793,0.056189
794,0.048428
795,0.050920
796,0.054045
797,0.098211
798,0.050717
799,0.049787
800,0.051216
801,0.048455
802,0.054660
803,0.050868
804,0.050301
805,0.051836
806,0.055316
807,0.050705
808,0.047336
809,0.050262
810,0.051610
811,0.046628
812,0.054949
813,0.048542
814,0.048048
815,0.056514
816,0.047406
817,0.051061
818,0.048621
819,0.049939
820,0.048495
821,0.048121
822,0.045688
823,0.048208
824,0.048238
825,0.046364
826,0.053428
827,0.055052
828,0.050753
829,0.050324
830,0.055134
831,0.049556
832,0.045813
833,0.057885
834,0.058366
835,0.049086
836,0.047625
837,0.102301
838,0.051828
839,0.050405
840,0.045169
841,0.049360
842,0.049515
843,0.049458
844,0.047225
845,0.049948
846,0.100166
847,0.111951
848,0.074755
849,0.155608
850,0.153434
851,0.164146
852,0.168675
853,0.150325
854,0.202646
855,0.151125
856,0.204370
857,0.216695
858,0.101966
859,0.096873
860,0.044244
861,0.055734
862,0.045370
863,0.053846
864,0.045679
865,0.049517
866,0.045135
867,0.044718
868,0.052443
869,0.047604
870,0.049142
871,0.052288
872,0.046946
873,0.052721
874,0.051334
875,0.049841
876,0.049165
877,0.046283
878,0.051394
879,0.050393
880,0.048534
881,0.048794
882,0.062372
883,0.048193
884,0.050937
885,0.050406
886,0.050750
887,0.049408
888,0.047811
889,0.049683
890,0.058312
891,0.087877
892,0.049558
893,0.052839
894,0.050204
895,0.048374
896,0.050702
897,0.100027
898,0.048290
899,0.048222
900,0.051023
901,0.048899
902,0.104775
903,0.081904
904,0.047057
905,0.104377
906,0.105210
907,0.094904
908,0.055841
909,0.048845
910,0.047848
911,0.047049
912,0.105622
913,0.044371
914,0.056300
915,0.105796
916,0.057657
917,0.052068
918,0.042190
919,0.047050
920,0.045954
921,0.053320
922,0.048931
923,0.048521
924,0.043062
925,0.106311
926,0.058070
927,0.049046
928,0.060192
929,0.048234
930,0.044008
931,0.039554
932,0.043317
933,0.052527
934,0.048901
935,0.044459
936,0.081781
937,0.046744
938,0.048325
939,0.048717
940,0.047031
941,0.046856
942,0.048427
943,0.106161
944,0.049054
945,0.047235
946,0.048891
947,0.092456
948,0.100165
949,0.095529
950,0.137726
951,0.041291
952,0.093670
953,0.096021
954,0.143375
955,0.137921
956,0.093393
957,0.146773
958,0.151685
959,0.120145
960,0.146422
961,0.141302
962,0.051128
963,0.049032
964,0.050472
965,0.049800
966,0.046369
967,0.056177
968,0.050326
969,0.048967
970,0.052704
971,0.108960
972,0.052700
973,0.033960
974,0.060300
975,0.160635
976,0.209109
977,0.130322
978,0.114272
979,0.103185
980,0.131953
981,0.116995
982,0.076024
983,0.108584
984,0.128468
985,0.084524
986,0.074096
987,0.094927
988,0.067012
989,0.046130
990,0.091690
991,0.092287
992,0.102552
993,0.109134
994,0.209759
995,0.076202
996,0.086233
997,0.113697
998,0.071161
999,0.132067
1000,0.063269
1001,0.059573
1002,0.108596
1003,0.068303
1004,0.034413
1005,0.091946
1006,0.105907
1007,0.084609
1008,0.067146
1009,0.096709
1010,0.089682
1011,0.088456
1012,0.114975
1013,0.179465
1014,0.043745
1015,0.140386
1016,0.115248
1017,0.085299
1018,0.078234
1019,0.079060
1020,0.067089
1021,0.102814
1022,0.117103
1023,0.077149
1024,0.123937
1025,0.056249
1026,0.092840
1027,0.054235
1028,0.094516
1029,0.131567
1030,0.081934
1031,0.045578
1032,0.081238
1033,0.069018
1034,0.043497
1035,0.072285
1036,0.034522
1037,0.075988
1038,0.090099
1039,0.094300
1040,0.094726
1041,0.112910
1042,0.076315
1043,0.113734
1044,0.068417
1045,0.096584
1046,0.079809
1047,0.124448
1048,0.101595
1049,0.107856
1050,0.084961
1051,0.059243
1052,0.100707
1053,0.112735
1054,0.092310
1055,0.084393
1056,0.096131
1057,0.116973
1058,0.051457
1059,0.102813
1060,0.157892
1061,0.087230
1062,0.061328
1063,0.104546
1064,0.101389
1065,0.102225
1066,0.129399
1067,0.104055
1068,0.098666
1069,0.091213
1070,0.095306
1071,0.085509
1072,0.064990
1073,0.098727
1074,0.132181
1075,0.254568
1076,0.064270
1077,0.405287
1078,0.086124
1079,0.125773
1080,0.098201
1081,0.066924
1082,0.132854
1083,0.094842
1084,0.201438
1085,0.150001
1086,0.143668
1087,0.141642
1088,0.255228
1089,0.246960
1090,0.264472
1091,0.167446
1092,0.186906
1093,0.171639
1094,0.152971
1095,0.172418
1096,0.149065
1097,0.101910
1098,0.188949
1099,0.123511
1100,0.130562
1101,0.214085
1102,0.095411
1103,0.164630
1104,0.103932
1105,0.083555
1106,0.183934
1107,0.336285
1108,0.119067
1109,0.105477
1110,0.103477
1111,0.190375
1112,0.132869
1113,0.080178
1114,0.174321
1115,0.081066
1116,0.118021
1117,0.093585
1118,0.091546
1119,0.100264
1120,0.116174
1121,0.064434
1122,0.128420
1123,0.077380
1124,0.084980
1125,0.071043
1126,0.108383
1127,0.126945
1128,0.083413
1129,0.112279
1130,0.075195
1131,0.057269
1132,0.089474
1133,0.044708
1134,0.101524
1135,0.131063
1136,0.110705
1137,0.123143
1138,0.151992
1139,0.157890
1140,0.076211
1141,0.120874
1142,0.051789
1143,0.055061
1144,0.060564
1145,0.119409
1146,0.100091
1147,0.107798
1148,0.115411
1149,0.035743
1150,0.089427
1151,0.071110
1152,0.060782
1153,0.100841
1154,0.074845
1155,0.090288
1156,0.147509
1157,0.087686
1158,0.084370
1159,0.103957
1160,0.091729
1161,0.122539
1162,0.081084
1163,0.072901
1164,0.047162
1165,0.045754
1166,0.094325
1167,0.084140
1168,0.042858
1169,0.091882
1170,0.053270
1171,0.072627
1172,0.084377
1173,0.114596
1174,0.161226
1175,0.079146
1176,0.059494
1177,0.052653
1178,0.130083
1179,0.056526
1180,0.091487
1181,0.115549
1182,0.073848
1183,0.085779
1184,0.064096
1185,0.036412
1186,0.048947
1187,0.041012
1188,0.082870
1189,0.047551
1190,0.094465
1191,0.148989
1192,0.150516
1193,0.140212
1194,0.060163
1195,0.072035
1196,0.082020
1197,0.077818
1198,0.088474
1199,0.109370
1200,0.080591
1201,0.095222
1202,0.043600
1203,0.111232
1204,0.062855
1205,0.111261
1206,0.118935
1207,0.073705
1208,0.109983
1209,0.080428
1210,0.071875
1211,0.066329
1212,0.054289
1213,0.087561
1214,0.106314
1215,0.069640
1216,0.160387
1217,0.080032
1218,0.141036
1219,0.181090
1220,0.093078
1221,0.131617
1222,0.096004
1223,0.096765
1224,0.054189
1225,0.115274
1226,0.078485
1227,0.072323
1228,0.131326
1229,0.148870
1230,0.080016
1231,0.096925
1232,0.159223
1233,0.079768
1234,0.116300
1235,0.108132
1236,0.109164
1237,0.063530
1238,0.087414
1239,0.080160
1240,0.082171
1241,0.066384
1242,0.161193
1243,0.065679
1244,0.085507
1245,0.052035
1246,0.068795
1247,0.041038
1248,0.121145
1249,0.108588
1250,0.130319
1251,0.055056
1252,0.066511
1253,0.168009
1254,0.081637
1255,0.063359
1256,0.075323
1257,0.107918
1258,0.076006
1259,0.036254
1260,0.049287
1261,0.093347
1262,0.089658
1263,0.096398
1264,0.124422
1265,0.081004
1266,0.144890
1267,0.077549
1268,0.084304
1269,0.085661
1270,0.125535
1271,0.110117
1272,0.103376
1273,0.082015
1274,0.084911
1275,0.163167
1276,0.156638
1277,0.092888
1278,0.083415
1279,0.118895
1280,0.085981
1281,0.109765
1282,0.107817
1283,0.091136
1284,0.054305
1285,0.095694
1286,0.061280
1287,0.077808
1288,0.064770
1289,0.088749
1290,0.092746
1291,0.200927
1292,0.124374
1293,0.089234
1294,0.034972
1295,0.124854
1296,0.088536
1297,0.073751
1298,0.142799
1299,0.087830
1300,0.099969
1301,0.132353
1302,0.082042
1303,0.084643
1304,0.125176
1305,0.100872
1306,0.118121
1307,0.078987
1308,0.089535
1309,0.150477
1310,0.136159
1311,0.150132
1312,0.091533
1313,0.034146
1314,0.122648
1315,0.046635
1316,0.042179
1317,0.118809
1318,0.115612
1319,0.061950
1320,0.102270
1321,0.064664
1322,0.075384
1323,0.171044
1324,0.071675
1325,0.111183
1326,0.048780
1327,0.082548
1328,0.117332
1329,0.095419
1330,0.097372
1331,0.049372
1332,0.127209
1333,0.072466
1334,0.076235
1335,0.059203
1336,0.070165
1337,0.038724
1338,0.074251
1339,0.034443
1340,0.036859
1341,0.079131
1342,0.036950
1343,0.074674
1344,0.073858
1345,0.037602
1346,0.038096
1347,0.037671
1348,0.037293
1349,0.074152
1350,0.036331
1351,0.065099
1352,0.102376
1353,0.103338
1354,0.088980
1355,0.101929
1356,0.101863
1357,0.135796
1358,0.102278
1359,0.101789
1360,0.102434
1361,0.101724
1362,0.101459
1363,0.102369
1364,0.091013
1365,0.092282
1366,0.235466
1367,0.137710
1368,0.115276
1369,0.180462
1370,0.048358
1371,0.083297
1372,0.115050
1373,0.079336
1374,0.119839
1375,0.037327
1376,0.041746
1377,0.078034
1378,0.054791
1379,0.071366
1380,0.210410
1381,0.058129
1382,0.070575
1383,0.070401
1384,0.204420
1385,0.117411
1386,0.059188
1387,0.070862
1388,0.231174
1389,0.038070
1390,0.089422
1391,0.069931
1392,0.065390
1393,0.086185
1394,0.033592
1395,0.044446
1396,0.033446
1397,0.113772
1398,0.058724
1399,0.079776
1400,0.065635
1401,0.131788
1402,0.034731
1403,0.119325
1404,0.041437
1405,0.041217
1406,0.083633
1407,0.058418
1408,0.066377
1409,0.093439
1410,0.135141
1411,0.044994
1412,0.088259
1413,0.070115
1414,0.221842
1415,0.038633
1416,0.072842
1417,0.066571
1418,0.184891
1419,0.034712
1420,0.032998
1421,0.028068
1422,0.028814
1423,0.028528
1424,0.056633
1425,0.028577
1426,0.056785
1427,0.029636
1428,0.079022
1429,0.032496
1430,0.034645
1431,0.069737
1432,0.053107
1433,0.037101
1434,0.034884
1435,0.039179
1436,0.034560
1437,0.045058
1438,0.078969
1439,0.066013
1440,0.033248
1441,0.033274
1442,0.098249
1443,0.069934
1444,0.066821
1445,0.032787
1446,0.039167
1447,0.158285
1448,0.188639
1449,0.158543
1450,0.178677
1451,0.137357
1452,0.110487
1453,0.110902
1454,0.128556
1455,0.133488
1456,0.061207
1457,0.063634
1458,0.060071
1459,0.145519
1460,0.042956
1461,0.083325
1462,0.074991
1463,0.061086
1464,0.072196
1465,0.053115
1466,0.048794
1467,0.121025
1468,0.047792
1469,0.050539
1470,0.059984
1471,0.051459
1472,0.051444
1473,0.049532
1474,0.046182
1475,0.058056
1476,0.056906
1477,0.279078
1478,0.049917
1479,0.052264
1480,0.052687
1481,0.057811
1482,0.101006
1483,0.050191
1484,0.048749
1485,0.050979
1486,0.050356
1487,0.049094
1488,0.051709
1489,0.053714
1490,0.050851
1491,0.050338
1492,0.050217
1493,0.048615
1494,0.051813
1495,0.054412
1496,0.059071
1497,0.051302
1498,0.059569
1499,0.050990
1500,0.050636
1501,0.098669
1502,0.060249
1503,0.047011
1504,0.050262
1505,0.050403
1506,0.050359
1507,0.051204
1508,0.066947
1509,0.052791
1510,0.048297
1511,0.047491
1512,0.056737
1513,0.055463
1514,0.052531
1515,0.052222
1516,0.057148
1517,0.052628
1518,0.061036
1519,0.065793
1520,0.061079
1521,0.049155
1522,0.048001
1523,0.050783
1524,0.051104
1525,0.052420
1526,0.048598
1527,0.048752
1528,0.050494
1529,0.043386
1530,0.049742
1531,0.047646
1532,0.045363
1533,0.051697
1534,0.059181
1535,0.048511
1536,0.047027
1537,0.052832
1538,0.051214
1539,0.050369
1540,0.056995
1541,0.044582
1542,0.049675
1543,0.046589
1544,0.045381
1545,0.046067
1546,0.045369
1547,0.053557
1548,0.059756
1549,0.045679
1550,0.049702
1551,0.047153
1552,0.050443
1553,0.055679
1554,0.072867
1555,0.049016
1556,0.052303
1557,0.049389
1558,0.055643
1559,0.051855
1560,0.037312
1561,0.056455
1562,0.107367
1563,0.048952
1564,0.110469
1565,0.047735
1566,0.048404
1567,0.082914
1568,0.049624
1569,0.103811
1570,0.049772
1571,0.049708
1572,0.094340
1573,0.053372
1574,0.050036
1575,0.053479
1576,0.123100
1577,0.061340
1578,0.126042
1579,0.058844
1580,0.055585
1581,0.148204
1582,0.152046
1583,0.093518
1584,0.045007
1585,0.106589
1586,0.049394
1587,0.098214
1588,0.048521
1589,0.109745
1590,0.092374
1591,0.098027
1592,0.051841
1593,0.058645
1594,0.047375
1595,0.100881
1596,0.054231
1597,0.049716
1598,0.045914
1599,0.091561
1600,0.099659
1601,0.091300
1602,0.112457
1603,0.093164
1604,0.094420
1605,0.054498
1606,0.054510
1607,0.097920
1608,0.103366
1609,0.055272
1610,0.052182
1611,0.046276
1612,0.049575
1613,0.048775
1614,0.047214
1615,0.050600
1616,0.057741
1617,0.048793
1618,0.045767
1619,0.071927
1620,0.048233
1621,0.050338
1622,0.047555
1623,0.045526
1624,0.050854
1625,0.050125
1626,0.047259
1627,0.047500
1628,0.048627
1629,0.043202
1630,0.040561
1631,0.047786
1632,0.049124
1633,0.045318
1634,0.051004
1635,0.049136
1636,0.046197
1637,0.053423
1638,0.117610
1639,0.050014
1640,0.051360
1641,0.048769
1642,0.113944
1643,0.099041
1644,0.099546
1645,0.094467
1646,0.098973
1647,0.101287
1648,0.094742
1649,0.127074
1650,0.098933
1651,0.118670
1652,0.051539
1653,0.117048
1654,0.111493
1655,0.102058
1656,0.151838
1657,0.045842
1658,0.089472
1659,0.095279
1660,0.106972
1661,0.049702
1662,0.046750
1663,0.049279
1664,0.048248
1665,0.051326
1666,0.052066
1667,0.048824
1668,0.096653
1669,0.051007
1670,0.049249
1671,0.037761
1672,0.044291
1673,0.048946
1674,0.097428
1675,0.062718
1676,0.047712
1677,0.046716
1678,0.048792
1679,0.056049
1680,0.043920
1681,0.053453
1682,0.053160
1683,0.047999
1684,0.048999
1685,0.113058
1686,0.055967
1687,0.054408
1688,0.048253
1689,0.059326
1690,0.057284
1691,0.040917
1692,0.051489
1693,0.051031
1694,0.047422
1695,0.041315
1696,0.099186
1697,0.057842
1698,0.049247
1699,0.046932
1700,0.050024
1701,0.049783
1702,0.048658
1703,0.049403
1704,0.047791
1705,0.044385
1706,0.095626
1707,0.051844
1708,0.049075
1709,0.049717
1710,0.050924
1711,0.051823
1712,0.045901
1713,0.053812
1714,0.053567
1715,0.044622
1716,0.050430
1717,0.048575
1718,0.052352
1719,0.056629
1720,0.047843
1721,0.045909
1722,0.048844
1723,0.093702
1724,0.049719
1725,0.048963
1726,0.050029
1727,0.059451
1728,0.047788
1729,0.047243
1730,0.052523
1731,0.049603
1732,0.045133
1733,0.050324
1734,0.043762
1735,0.084698
1736,0.059779
1737,0.050988
1738,0.048258
1739,0.048763
1740,0.048274
1741,0.046220
1742,0.051840
1743,0.045096
1744,0.048024
1745,0.048197
1746,0.049849
1747,0.044424
1748,0.047393
1749,0.048349
1750,0.051803
1751,0.051968
1752,0.058084
1753,0.044868
1754,0.046692
1755,0.053851
1756,0.053100
1757,0.047129
1758,0.048202
1759,0.050275
1760,0.056585
1761,0.099235
1762,0.050407
1763,0.048875
1764,0.046374
1765,0.107691
1766,0.116720
1767,0.048584
1768,0.056717
1769,0.048365
1770,0.047654
1771,0.049987
1772,0.049372
1773,0.050548
1774,0.116514
1775,0.052011
1776,0.046819
1777,0.051525
1778,0.048629
1779,0.060927
1780,0.048714
1781,0.055414
1782,0.047791
1783,0.046830
1784,0.061093
1785,0.043077
1786,0.031553
1787,0.049037
1788,0.050453
1789,0.050121
1790,0.046637
1791,0.109915
1792,0.046100
1793,0.085244
1794,0.051197
1795,0.045606
1796,0.056244
1797,0.050991
1798,0.049347
1799,0.045006
1800,0.049862
1801,0.050608
1802,0.050575
1803,0.046542
1804,0.057141
1805,0.059340
1806,0.050642
1807,0.050073
1808,0.050988
1809,0.050832
1810,0.050876
1811,0.050111
1812,0.044422
1813,0.049957
1814,0.048943
1815,0.046097
1816,0.049034
1817,0.050271
1818,0.050176
1819,0.100017
1820,0.060703
1821,0.051861
1822,0.051440
1823,0.060526
1824,0.051281
1825,0.049404
1826,0.061099
1827,0.049949
1828,0.049869
1829,0.048184
1830,0.048334
1831,0.049087
1832,0.047208
1833,0.060391
1834,0.062739
1835,0.050213
1836,0.057483
1837,0.092104
1838,0.048966
1839,0.043765
1840,0.045918
1841,0.045468
1842,0.048157
1843,0.049517
1844,0.050719
1845,0.048009
1846,0.049013
1847,0.047545
1848,0.048757
1849,0.048499
1850,0.057185
1851,0.057302
1852,0.045385
1853,0.050006
1854,0.045225
1855,0.048208
1856,0.056439
1857,0.049676
1858,0.046303
1859,0.046636
1860,0.046806
1861,0.048627
1862,0.047567
1863,0.049558
1864,0.049563
1865,0.046331
1866,0.047669
1867,0.052716
1868,0.047486
1869,0.047653
1870,0.053472
1871,0.085471
1872,0.049837
# total_episodes=1872, avg_seconds=0.074156
