# episode_index, seconds
1,0.007036
2,0.015721
3,0.010992
4,0.003321
5,0.003453
6,0.009001
7,0.013201
8,0.012812
9,0.003442
10,0.002646
11,0.003650
12,0.007692
13,0.013473
14,0.012420
15,0.004674
16,0.003890
17,0.004667
18,0.008708
19,0.071084
20,0.310294
21,0.047581
22,0.047934
23,0.250860
24,0.196431
25,0.197931
26,0.145371
27,0.162168
28,0.211873
29,0.193838
30,0.189760
31,0.204525
32,0.226108
33,0.115245
34,0.225281
35,0.164351
36,0.223925
37,0.202659
38,0.250853
39,0.145464
40,0.191623
41,0.044777
42,0.189874
43,0.194732
44,0.098843
45,0.192155
46,0.141186
47,0.149862
48,0.051742
49,0.152365
50,0.043550
51,0.157487
52,0.162683
53,0.100150
54,0.193506
55,0.200793
56,0.193130
57,0.144404
58,0.204297
59,0.191427
60,0.201252
61,0.144371
62,0.131269
63,0.206704
64,0.183044
65,0.203858
66,0.145263
67,0.142795
68,0.142147
69,0.153200
70,0.152081
71,0.098848
72,0.049191
73,0.133143
74,0.148239
75,0.141796
76,0.144605
77,0.148116
78,0.145649
79,0.149941
80,0.053714
81,0.139126
82,0.045600
83,0.048926
84,0.048737
85,0.094839
86,0.106189
87,0.100982
88,0.093926
89,0.099860
90,0.145571
91,0.050798
92,0.097680
93,0.089150
94,0.090580
95,0.153023
96,0.040411
97,0.087425
98,0.045657
99,0.150632
100,0.044219
101,0.136566
102,0.048891
103,0.098576
104,0.105620
105,0.048993
106,0.109979
107,0.049896
108,0.050692
109,0.199632
110,0.049889
111,0.049737
112,0.046067
113,0.100406
114,0.047766
115,0.049286
116,0.057757
117,0.053237
118,0.056748
119,0.087261
120,0.049172
121,0.048680
122,0.059989
123,0.100703
124,0.051941
125,0.050093
126,0.095037
127,0.101534
128,0.048695
129,0.049804
130,0.049087
131,0.051036
132,0.054121
133,0.115328
134,0.048764
135,0.050418
136,0.066992
137,0.212666
138,0.082328
139,0.279627
140,0.169420
141,0.169677
142,0.192861
143,0.157262
144,0.130385
145,0.256753
146,0.048463
147,0.144854
148,0.118290
149,0.127157
150,0.107701
151,0.132931
152,0.109025
153,0.041892
154,0.068529
155,0.278162
156,0.078906
157,0.044434
158,0.083352
159,0.100797
160,0.082829
161,0.097785
162,0.092026
163,0.129060
164,0.070955
165,0.136166
166,0.132533
167,0.072526
168,0.153090
169,0.139216
170,0.044462
171,0.090446
172,0.059787
173,0.209764
174,0.087787
175,0.047137
176,0.117025
177,0.130689
178,0.092150
179,0.106438
180,0.195280
181,0.168878
182,0.522545
183,0.256602
184,0.214421
185,0.283067
186,0.199141
187,0.159998
188,0.075411
189,0.076777
190,0.093218
191,0.149958
192,0.068015
193,0.176574
194,0.171806
195,0.124862
196,0.221478
197,0.239132
198,0.239330
199,0.261828
200,0.215497
201,0.086985
202,0.181875
203,0.142336
204,0.226159
205,0.167954
206,0.173263
207,0.117190
208,0.114079
209,0.113585
210,0.145542
211,0.148009
212,0.110501
213,0.142305
214,0.105637
215,0.102759
216,0.097009
217,0.063685
218,0.064354
219,0.032334
220,0.096369
221,0.096690
222,0.096509
223,0.097340
224,0.096480
225,0.064561
226,0.096630
227,0.064337
228,0.032536
229,0.032376
230,0.032606
231,0.064222
232,0.032296
233,0.032512
234,0.032253
235,0.031016
236,0.029852
237,0.032439
238,0.031674
239,0.036284
240,0.032214
241,0.028605
242,0.101050
243,0.037390
244,0.070791
245,0.071436
246,0.044397
247,0.069800
248,0.044507
249,0.073163
250,0.072333
251,0.125640
252,0.184523
253,0.135062
254,0.028532
255,0.028440
256,0.035518
257,0.057080
258,0.122239
259,0.032397
260,0.037938
261,0.095668
262,0.055438
263,0.174500
264,0.058422
265,0.042203
266,0.060170
267,0.144331
268,0.288711
269,0.160098
270,0.303302
271,0.044198
272,0.108107
273,0.055733
274,0.184616
275,0.103516
276,0.159024
277,0.070574
278,0.291709
279,0.149066
280,0.318227
281,0.144874
282,0.352947
283,0.099564
284,0.039056
285,0.251452
286,0.070699
287,0.066332
288,0.099793
289,0.110505
290,0.100728
291,0.175772
292,0.091955
293,0.125369
294,0.122829
295,0.057583
296,0.119174
297,0.085766
298,0.061789
299,0.149774
300,0.129197
301,0.124043
302,0.081842
303,0.240129
304,0.211562
305,0.244868
306,0.462929
307,0.268452
308,0.191752
309,0.154346
310,0.156460
311,0.171276
312,0.154181
313,0.166555
314,0.159843
315,0.155011
316,0.139953
317,0.158240
318,0.148225
319,0.140225
320,0.190668
321,0.155610
322,0.165147
323,0.190278
324,0.151403
325,0.211189
326,0.147400
327,0.159315
328,0.143913
329,0.141377
330,0.153168
331,0.146769
332,0.147966
333,0.149199
334,0.213222
335,0.196617
336,0.144430
337,0.143206
338,0.160294
339,0.196568
340,0.211985
341,0.157157
342,0.157289
343,0.150711
344,0.171926
345,0.230097
346,0.196324
347,0.208145
348,0.146826
349,0.148282
350,0.199340
351,0.156136
352,0.150949
353,0.156210
354,0.168501
355,0.097237
356,0.046843
357,0.101057
358,0.101084
359,0.055803
360,0.095396
361,0.102089
362,0.046938
363,0.052036
364,0.049973
365,0.052023
366,0.047411
367,0.050307
368,0.056768
369,0.053259
370,0.098833
371,0.048441
372,0.111594
373,0.166076
374,0.058695
375,0.062815
376,0.055289
377,0.046112
378,0.049688
379,0.048950
380,0.096125
381,0.046334
382,0.048429
383,0.094403
384,0.099976
385,0.092222
386,0.138731
387,0.093705
388,0.118949
389,0.135357
390,0.094349
391,0.156050
392,0.142513
393,0.147151
394,0.151578
395,0.194802
396,0.147330
397,0.224330
398,0.099524
399,0.152423
400,0.048975
401,0.050180
402,0.046739
403,0.073031
404,0.052360
405,0.052970
406,0.053899
407,0.049049
408,0.047511
409,0.047068
410,0.099350
411,0.047492
412,0.059533
413,0.048103
414,0.103391
415,0.106343
416,0.052488
417,0.050265
418,0.098457
419,0.050411
420,0.059870
421,0.048888
422,0.050706
423,0.051239
424,0.110896
425,0.057629
426,0.048651
427,0.105628
428,0.057607
429,0.100312
430,0.094720
431,0.107491
432,0.126935
433,0.101593
434,0.053298
435,0.095492
436,0.046095
437,0.051618
438,0.100757
439,0.106415
440,0.103056
441,0.105574
442,0.050169
443,0.100578
444,0.100111
445,0.050358
446,0.096546
447,0.101866
448,0.050288
449,0.047062
450,0.109840
451,0.106024
452,0.054667
453,0.154341
454,0.108257
455,0.098350
456,0.124841
457,0.144912
458,0.107476
459,0.111453
460,0.100098
461,0.171309
462,0.144680
463,0.049584
464,0.149431
465,0.113440
466,0.049040
467,0.099584
468,0.091461
469,0.096215
470,0.074635
471,0.093813
472,0.104195
473,0.105783
474,0.057200
475,0.101219
476,0.048081
477,0.049755
478,0.049156
479,0.102618
480,0.100243
481,0.108543
482,0.094229
483,0.103428
484,0.091526
485,0.042177
486,0.089830
487,0.103326
488,0.098540
489,0.095078
490,0.085583
491,0.142376
492,0.095582
493,0.161816
494,0.150730
495,0.150926
496,0.141227
497,0.143096
498,0.103516
499,0.104408
500,0.050064
501,0.049233
502,0.148562
503,0.101402
504,0.099104
505,0.061172
506,0.095932
507,0.097151
508,0.045973
509,0.054467
510,0.050755
511,0.052149
512,0.050293
513,0.046163
514,0.056330
515,0.063552
516,0.048618
517,0.046351
518,0.046111
519,0.046473
520,0.051883
521,0.029368
522,0.046115
523,0.057500
524,0.093172
525,0.044833
526,0.049863
527,0.058330
528,0.092233
529,0.090844
530,0.050014
531,0.110848
532,0.046483
533,0.100059
534,0.096916
535,0.050252
536,0.097418
537,0.093904
538,0.094738
539,0.105544
540,0.094830
541,0.100684
542,0.054927
543,0.050254
544,0.095189
545,0.165655
546,0.146089
547,0.049563
548,0.045175
549,0.103878
550,0.102823
551,0.154707
552,0.055413
553,0.145495
554,0.042933
555,0.044756
556,0.051186
557,0.140092
558,0.048856
559,0.057754
560,0.133929
561,0.164638
562,0.191035
563,0.042206
564,0.047103
565,0.048607
566,0.049669
567,0.154368
568,0.057110
569,0.059770
570,0.139104
571,0.105454
572,0.048275
573,0.046347
574,0.165904
575,0.057944
576,0.051345
577,0.091087
578,0.142205
579,0.098969
580,0.095185
581,0.060329
582,0.047970
583,0.101103
584,0.048501
585,0.092113
586,0.090582
587,0.100464
588,0.086401
589,0.051301
590,0.095832
591,0.057923
592,0.058156
593,0.052767
594,0.049533
595,0.049347
596,0.047980
597,0.050672
598,0.053851
599,0.050255
600,0.058508
601,0.059534
602,0.052901
603,0.103639
604,0.051473
605,0.051191
606,0.047931
607,0.048968
608,0.044927
609,0.049701
610,0.116441
611,0.050030
612,0.101858
613,0.103691
614,0.048063
615,0.094402
616,0.106049
617,0.048060
618,0.058198
619,0.098441
620,0.095946
621,0.098681
622,0.106868
623,0.095712
624,0.105647
625,0.048177
626,0.097033
627,0.098944
628,0.095859
629,0.098523
630,0.095811
631,0.054297
632,0.097656
633,0.110027
634,0.095885
635,0.106395
636,0.051365
637,0.050216
638,0.099920
639,0.094124
640,0.096009
641,0.099751
642,0.060015
643,0.095775
644,0.095176
645,0.096365
646,0.096178
647,0.098622
648,0.117008
649,0.098355
650,0.162026
651,0.157260
652,0.151727
653,0.148711
654,0.156067
655,0.152203
656,0.149832
657,0.105647
658,0.146697
659,0.146339
660,0.096469
661,0.098143
662,0.057876
663,0.060564
664,0.098431
665,0.046650
666,0.049049
667,0.050083
668,0.050936
669,0.045162
670,0.048698
671,0.051188
672,0.051990
673,0.048808
674,0.056829
675,0.049540
676,0.050313
677,0.095883
678,0.072761
679,0.050799
680,0.049872
681,0.049930
682,0.046070
683,0.049710
684,0.049886
685,0.051001
686,0.049094
687,0.049526
688,0.061401
689,0.048353
690,0.078565
691,0.049641
692,0.048763
693,0.053958
694,0.102471
695,0.049196
696,0.051471
697,0.049470
698,0.067795
699,0.051337
700,0.049279
701,0.096233
702,0.058208
703,0.075379
704,0.053079
705,0.050389
706,0.046662
707,0.049321
708,0.049856
709,0.055385
710,0.050236
711,0.052935
712,0.102416
713,0.053256
714,0.103783
715,0.052504
716,0.101565
717,0.054699
718,0.054434
719,0.062175
720,0.056695
721,0.064429
722,0.057835
723,0.061338
724,0.048799
725,0.101922
726,0.108927
727,0.099026
728,0.102404
729,0.102577
730,0.172349
731,0.099739
732,0.164033
733,0.166524
734,0.098600
735,0.106563
736,0.153890
737,0.097970
738,0.102479
739,0.195607
740,0.156885
741,0.171992
742,0.158907
743,0.149111
744,0.108884
745,0.045848
746,0.143444
747,0.044083
748,0.064932
749,0.046887
750,0.094713
751,0.098533
752,0.049889
753,0.104703
754,0.088347
755,0.040648
756,0.044643
757,0.046523
758,0.047127
759,0.045122
760,0.050322
761,0.099029
762,0.057643
763,0.077730
764,0.046822
765,0.053341
766,0.046709
767,0.050745
768,0.044547
769,0.045186
770,0.058944
771,0.059446
772,0.050563
773,0.105048
774,0.044943
775,0.048444
776,0.048612
777,0.049836
778,0.108792
779,0.049305
780,0.047718
781,0.054970
782,0.099930
783,0.047637
784,0.048970
785,0.100641
786,0.056493
787,0.045172
788,0.040600
789,0.041952
790,0.103282
791,0.099589
792,0.095097
793,0.099882
794,0.100673
795,0.058599
796,0.095907
797,0.092449
798,0.049350
799,0.090508
800,0.096172
801,0.051770
802,0.100440
803,0.048244
804,0.100244
805,0.101123
806,0.053866
807,0.123144
808,0.055209
809,0.110430
810,0.130406
811,0.047638
812,0.103581
813,0.087227
814,0.048526
815,0.048666
816,0.102382
817,0.114369
818,0.050662
819,0.103242
820,0.046958
821,0.101537
822,0.048207
823,0.098772
824,0.049338
825,0.057893
826,0.046537
827,0.097295
828,0.050879
829,0.104010
830,0.056554
831,0.051731
832,0.094043
833,0.049781
834,0.049480
835,0.050128
836,0.094817
837,0.050677
838,0.049171
839,0.098318
840,0.099172
841,0.099025
842,0.051577
843,0.044877
844,0.048025
845,0.049110
846,0.098196
847,0.055830
848,0.058288
849,0.116317
850,0.102019
851,0.098030
852,0.109577
853,0.100144
854,0.095626
855,0.098304
856,0.106728
857,0.047476
858,0.102346
859,0.047986
860,0.055716
861,0.070195
862,0.049357
863,0.093948
864,0.047440
865,0.051075
866,0.078247
867,0.047998
868,0.057979
869,0.129841
870,0.058490
871,0.061097
872,0.058166
873,0.062301
874,0.059203
875,0.056246
876,0.063780
877,0.057211
878,0.062183
879,0.049281
880,0.050339
881,0.054405
882,0.056603
883,0.054230
884,0.055299
885,0.049407
886,0.048001
887,0.108928
888,0.060449
889,0.049373
890,0.063911
891,0.106770
892,0.049273
893,0.104917
894,0.048304
895,0.113951
896,0.103640
897,0.131581
898,0.063931
899,0.050138
900,0.100187
901,0.098477
902,0.108613
903,0.091743
904,0.092668
905,0.098200
906,0.155323
907,0.154913
908,0.142676
909,0.166458
910,0.155488
911,0.143836
912,0.138500
913,0.125107
914,0.181802
915,0.093918
916,0.090675
917,0.105774
918,0.109086
919,0.090680
920,0.044684
921,0.048270
922,0.045567
923,0.049208
924,0.045511
925,0.062134
926,0.101847
927,0.060450
928,0.056646
929,0.047778
930,0.046925
931,0.080517
932,0.081802
933,0.047837
934,0.047541
935,0.058215
936,0.055906
937,0.048898
938,0.035371
939,0.046556
940,0.049373
941,0.048498
942,0.047791
943,0.048009
944,0.057241
945,0.047742
946,0.092641
947,0.095725
948,0.049103
949,0.044491
950,0.051523
951,0.046672
952,0.047325
953,0.052397
954,0.066051
955,0.049021
956,0.047688
957,0.038207
958,0.051830
959,0.052446
960,0.049010
961,0.050415
962,0.052840
963,0.100876
964,0.046863
965,0.049044
966,0.099539
967,0.048266
968,0.052400
969,0.104752
970,0.094211
971,0.055374
972,0.051177
973,0.052885
974,0.054603
975,0.050020
976,0.044975
977,0.053522
978,0.049378
979,0.047777
980,0.049507
981,0.051085
982,0.046678
983,0.057681
984,0.050622
985,0.044590
986,0.040842
987,0.044457
988,0.044810
989,0.048367
990,0.047673
991,0.047695
992,0.049146
993,0.051068
994,0.048122
995,0.050300
996,0.111522
997,0.056022
998,0.047918
999,0.058864
1000,0.057239
1001,0.045611
1002,0.047195
1003,0.095883
1004,0.091492
1005,0.054089
1006,0.095871
1007,0.096597
1008,0.098660
1009,0.093683
1010,0.049956
1011,0.103328
1012,0.092598
1013,0.094166
1014,0.092714
1015,0.107552
1016,0.101916
1017,0.094785
1018,0.057444
1019,0.096907
1020,0.086151
1021,0.047822
1022,0.048630
1023,0.048300
1024,0.050779
1025,0.048448
1026,0.048334
1027,0.055561
1028,0.050174
1029,0.049680
1030,0.044902
1031,0.047988
1032,0.048009
1033,0.094742
1034,0.041370
1035,0.100120
1036,0.047925
1037,0.095581
1038,0.100201
1039,0.049424
1040,0.095111
1041,0.094850
1042,0.094943
1043,0.106133
1044,0.096114
1045,0.092894
1046,0.099960
1047,0.145403
1048,0.100514
1049,0.089465
1050,0.097418
1051,0.096491
1052,0.094177
1053,0.104209
1054,0.157763
1055,0.094065
1056,0.093855
1057,0.088638
1058,0.092738
1059,0.096404
1060,0.092877
1061,0.088953
1062,0.094829
1063,0.096755
1064,0.093586
1065,0.097470
1066,0.093968
1067,0.096290
1068,0.093112
1069,0.100035
1070,0.090666
1071,0.045822
1072,0.107544
1073,0.103727
1074,0.049315
1075,0.099627
1076,0.095223
1077,0.094475
1078,0.107128
1079,0.097528
1080,0.094817
1081,0.040547
1082,0.093107
1083,0.045882
1084,0.049453
1085,0.098629
1086,0.090731
1087,0.048815
1088,0.045356
1089,0.045855
1090,0.112912
1091,0.048758
1092,0.057755
1093,0.052298
1094,0.047943
1095,0.049726
1096,0.048338
1097,0.108678
1098,0.046537
1099,0.052890
1100,0.108330
1101,0.048765
1102,0.044857
1103,0.050661
1104,0.049691
1105,0.044433
1106,0.050117
1107,0.050141
1108,0.044891
1109,0.047411
1110,0.049722
1111,0.048334
1112,0.048679
1113,0.046306
1114,0.076671
1115,0.047813
1116,0.090868
1117,0.040470
1118,0.042201
1119,0.047700
1120,0.047760
1121,0.042910
1122,0.049968
1123,0.049162
1124,0.050763
1125,0.056776
1126,0.046326
1127,0.048761
1128,0.051386
1129,0.048828
1130,0.051587
1131,0.048900
1132,0.050313
1133,0.049226
1134,0.099122
1135,0.097975
1136,0.046282
1137,0.105433
1138,0.152440
1139,0.142685
1140,0.194151
1141,0.192272
1142,0.146577
1143,0.093150
1144,0.098911
1145,0.105095
1146,0.050194
1147,0.046716
1148,0.103174
1149,0.045050
1150,0.049355
1151,0.093168
1152,0.092852
1153,0.045288
1154,0.048996
1155,0.048248
1156,0.097179
1157,0.046555
1158,0.048526
1159,0.048305
1160,0.047957
1161,0.107229
1162,0.046779
1163,0.048540
1164,0.051532
1165,0.053146
1166,0.053586
1167,0.046843
1168,0.046280
1169,0.046629
1170,0.058271
1171,0.047035
1172,0.048092
1173,0.048061
1174,0.047504
1175,0.097156
1176,0.050125
1177,0.050574
1178,0.048411
1179,0.098066
1180,0.048430
1181,0.097724
1182,0.045662
1183,0.050052
1184,0.100402
1185,0.045534
1186,0.093274
1187,0.043361
1188,0.052502
1189,0.049403
1190,0.045825
1191,0.046615
1192,0.050912
1193,0.048296
1194,0.093192
1195,0.050325
1196,0.046202
1197,0.046814
1198,0.047395
1199,0.048622
1200,0.049931
1201,0.049141
1202,0.049438
1203,0.048897
1204,0.050293
1205,0.046633
1206,0.050919
1207,0.047986
1208,0.088148
1209,0.044562
1210,0.095887
1211,0.096632
1212,0.093970
1213,0.048985
1214,0.093912
1215,0.123133
1216,0.108065
1217,0.096764
1218,0.057540
1219,0.099038
1220,0.092854
1221,0.097564
1222,0.095664
1223,0.102910
1224,0.098775
1225,0.102146
1226,0.092303
1227,0.097249
1228,0.091563
1229,0.044685
1230,0.094631
1231,0.096812
1232,0.053387
1233,0.049322
1234,0.097990
1235,0.098488
1236,0.082692
1237,0.096680
1238,0.101316
1239,0.101095
1240,0.110300
1241,0.096617
1242,0.095251
1243,0.097703
1244,0.094932
1245,0.095338
1246,0.095038
1247,0.173768
1248,0.089590
1249,0.093831
1250,0.094839
1251,0.091397
1252,0.100756
1253,0.103684
1254,0.047317
1255,0.095969
1256,0.106197
1257,0.096212
1258,0.097639
1259,0.105455
1260,0.105187
1261,0.051750
1262,0.095044
1263,0.110357
1264,0.105154
1265,0.045663
1266,0.049210
1267,0.092623
1268,0.045773
1269,0.047034
1270,0.099922
1271,0.047380
1272,0.046976
1273,0.083201
1274,0.046843
1275,0.107101
1276,0.050982
1277,0.098193
1278,0.101673
1279,0.105027
1280,0.104110
1281,0.146528
1282,0.108519
1283,0.117867
1284,0.151315
1285,0.098438
1286,0.104694
1287,0.056927
1288,0.101800
1289,0.036364
1290,0.048998
1291,0.049441
1292,0.101906
1293,0.056853
1294,0.115310
1295,0.047316
1296,0.049062
1297,0.064546
1298,0.059268
1299,0.050242
1300,0.052364
1301,0.052022
1302,0.052053
1303,0.081234
1304,0.045052
1305,0.098311
1306,0.049748
1307,0.044949
1308,0.050034
1309,0.050975
1310,0.094305
1311,0.049411
1312,0.051072
1313,0.044267
1314,0.067237
1315,0.050849
1316,0.093636
1317,0.097877
1318,0.108632
1319,0.107080
1320,0.095562
1321,0.050888
1322,0.097108
1323,0.110446
1324,0.100099
1325,0.103482
1326,0.099244
1327,0.101536
1328,0.105211
1329,0.109253
1330,0.104110
1331,0.049131
1332,0.093580
1333,0.094271
1334,0.093836
1335,0.106054
1336,0.099068
1337,0.104888
1338,0.047156
1339,0.111352
1340,0.130527
1341,0.109880
1342,0.083398
1343,0.135652
1344,0.106577
1345,0.168736
1346,0.147170
1347,0.142540
1348,0.139149
1349,0.101615
1350,0.098459
1351,0.091226
1352,0.049245
1353,0.043790
1354,0.102149
1355,0.050101
1356,0.048779
1357,0.053564
1358,0.061008
1359,0.054486
1360,0.068667
1361,0.046940
1362,0.064617
1363,0.052540
1364,0.049732
1365,0.049456
1366,0.048284
1367,0.052756
1368,0.057612
1369,0.051136
1370,0.046175
1371,0.052597
1372,0.051457
1373,0.051271
1374,0.051171
1375,0.049692
1376,0.047333
1377,0.048370
1378,0.102761
1379,0.098189
1380,0.052160
1381,0.048169
1382,0.049901
1383,0.050345
1384,0.047741
1385,0.045432
1386,0.065176
1387,0.046955
1388,0.102996
1389,0.104710
1390,0.106158
1391,0.102765
1392,0.047490
1393,0.048004
1394,0.045258
1395,0.049049
1396,0.052228
1397,0.049633
1398,0.045938
1399,0.103691
1400,0.098510
1401,0.098910
1402,0.097799
1403,0.049901
1404,0.092839
1405,0.046478
1406,0.099573
1407,0.097996
1408,0.049647
1409,0.093665
1410,0.091816
1411,0.093702
1412,0.083303
1413,0.110215
1414,0.100818
1415,0.098877
1416,0.105707
1417,0.090891
1418,0.090249
1419,0.090588
1420,0.096876
1421,0.096187
1422,0.097063
1423,0.093597
1424,0.096578
1425,0.047359
1426,0.094691
1427,0.050287
1428,0.048859
1429,0.104929
# total_episodes=1429, avg_seconds=0.088927
