# episode_index, seconds
1,0.003961
2,0.000939
3,0.003020
4,0.000715
5,0.002397
6,0.003384
7,0.002888
8,0.001830
9,0.003005
10,0.002890
11,0.001280
12,0.003477
13,0.002924
14,0.000726
15,0.002890
16,0.003506
17,0.002436
18,0.000733
19,0.002354
20,0.003398
21,0.002411
22,0.000786
23,0.003428
24,0.002909
25,0.031994
26,0.102104
27,0.025600
28,0.102797
29,0.128684
30,0.051629
31,0.078274
32,0.026001
33,0.077501
34,0.051998
35,0.026004
36,0.026593
37,0.026187
38,0.026016
39,0.026078
40,0.025908
41,0.026080
42,0.051687
43,0.051860
44,0.026048
45,0.026011
46,0.026145
47,0.026004
48,0.051841
49,0.026043
50,0.025966
51,0.026056
52,0.026128
53,0.026216
54,0.026789
55,0.027510
56,0.026351
57,0.026675
58,0.027629
59,0.026294
60,0.026555
61,0.026162
62,0.052391
63,0.026100
64,0.026487
65,0.027616
66,0.053843
67,0.055839
68,0.026903
69,0.027045
70,0.026164
71,0.026263
72,0.025967
73,0.026625
74,0.025867
75,0.025942
76,0.025977
77,0.077483
78,0.077486
79,0.026072
80,0.026027
81,0.026222
82,0.026050
83,0.026052
84,0.025937
85,0.078029
86,0.026145
87,0.026149
88,0.026065
89,0.026092
90,0.051750
91,0.025903
92,0.051844
93,0.026162
94,0.025945
95,0.051741
96,0.051692
97,0.026256
98,0.025972
99,0.051766
100,0.026028
101,0.053138
102,0.052666
103,0.025931
104,0.026143
105,0.026218
106,0.026044
107,0.026224
108,0.026155
109,0.052198
110,0.026248
111,0.026407
112,0.026100
113,0.026169
114,0.026199
115,0.026184
116,0.025983
117,0.026192
118,0.026317
119,0.026300
120,0.026162
121,0.026104
122,0.026547
123,0.026384
124,0.026088
125,0.026222
126,0.025958
127,0.026319
128,0.026004
129,0.026198
130,0.025877
131,0.026271
132,0.026407
133,0.026182
134,0.026317
135,0.026050
136,0.026173
137,0.026126
138,0.026137
139,0.026447
140,0.026071
141,0.026358
142,0.026057
143,0.026293
144,0.026449
145,0.026183
146,0.026391
147,0.026201
148,0.026498
149,0.026362
150,0.026258
151,0.026421
152,0.026326
153,0.026550
154,0.026167
155,0.026474
156,0.026297
157,0.026991
158,0.027701
159,0.026393
160,0.026425
161,0.026582
162,0.026262
163,0.026309
164,0.026152
165,0.026330
166,0.026325
167,0.026201
168,0.026507
169,0.039299
170,0.027345
171,0.026105
172,0.026306
173,0.026224
174,0.026473
175,0.026141
176,0.026228
177,0.026566
178,0.026230
179,0.026291
180,0.026251
181,0.026250
182,0.026043
183,0.026272
184,0.026504
185,0.026208
186,0.052132
187,0.026305
188,0.026069
189,0.026263
190,0.026389
191,0.026034
192,0.026378
193,0.026063
194,0.026089
195,0.026626
196,0.026301
197,0.026581
198,0.026335
199,0.026149
200,0.026169
201,0.026110
202,0.026364
203,0.026118
204,0.026252
205,0.026239
206,0.026389
207,0.026295
208,0.026174
209,0.026500
210,0.026101
211,0.052549
212,0.026486
213,0.026330
214,0.026247
215,0.026268
216,0.026118
217,0.026257
218,0.026071
219,0.026282
220,0.025977
221,0.026262
222,0.026477
223,0.026074
224,0.026235
225,0.052282
226,0.025872
227,0.026187
228,0.052534
229,0.026391
230,0.052227
231,0.026021
232,0.026196
233,0.052304
234,0.026376
235,0.026262
236,0.026365
237,0.026442
238,0.026032
239,0.026297
240,0.025924
241,0.026453
242,0.026038
243,0.026131
244,0.026011
245,0.026199
246,0.026363
247,0.026261
248,0.026179
249,0.026057
250,0.026366
251,0.026439
252,0.026167
253,0.026570
254,0.026193
255,0.026246
256,0.026230
257,0.026103
258,0.026311
259,0.052190
260,0.026067
261,0.026303
262,0.026373
263,0.026134
264,0.026327
265,0.026258
266,0.026218
267,0.026218
268,0.026140
269,0.026235
270,0.026097
271,0.026398
272,0.026128
273,0.026241
274,0.025954
275,0.026238
276,0.026172
277,0.026144
278,0.026260
279,0.026139
280,0.026481
281,0.052206
282,0.078159
283,0.103980
284,0.052327
285,0.104723
286,0.078911
287,0.105276
288,0.129731
289,0.078729
290,0.052049
291,0.026118
292,0.052412
293,0.052307
294,0.053083
295,0.052146
296,0.052312
297,0.078659
298,0.052121
299,0.052117
300,0.052403
301,0.026414
302,0.026267
303,0.026136
304,0.026269
305,0.026124
306,0.026408
307,0.026260
308,0.026300
309,0.026170
310,0.026149
311,0.026088
312,0.026191
313,0.026361
314,0.026045
315,0.026317
316,0.026246
317,0.026204
318,0.026491
319,0.078232
320,0.052313
321,0.078314
322,0.078189
323,0.026255
324,0.026246
325,0.026523
326,0.078020
327,0.077990
328,0.052212
329,0.078257
330,0.025993
331,0.026269
332,0.052167
333,0.026436
334,0.025991
335,0.026187
336,0.026185
337,0.026181
338,0.026058
339,0.026045
340,0.026421
341,0.026080
342,0.026313
343,0.026036
344,0.026251
345,0.026027
346,0.026088
347,0.026304
348,0.026042
349,0.026467
350,0.026085
351,0.026352
352,0.025932
353,0.026288
354,0.026313
355,0.026135
356,0.026237
357,0.026205
358,0.026269
359,0.026007
360,0.025998
361,0.026393
362,0.026141
363,0.026296
364,0.026100
365,0.026380
366,0.026013
367,0.026281
368,0.026447
369,0.026208
370,0.026169
371,0.026108
372,0.026104
373,0.026084
374,0.026262
375,0.026289
376,0.026116
377,0.026214
378,0.026147
379,0.026410
380,0.026428
381,0.026113
382,0.026222
383,0.026013
384,0.026281
385,0.026172
386,0.026093
387,0.025875
388,0.026181
389,0.026317
390,0.026166
391,0.026211
392,0.026208
393,0.026295
394,0.026035
395,0.026107
396,0.026410
397,0.026181
398,0.026111
399,0.026174
400,0.026268
401,0.026071
402,0.026154
403,0.026267
404,0.026119
405,0.026384
406,0.026088
407,0.026363
408,0.025995
409,0.026064
410,0.026426
411,0.026071
412,0.026370
413,0.026108
414,0.026244
415,0.025937
416,0.026364
417,0.026508
418,0.052302
419,0.026276
420,0.026287
421,0.026508
422,0.026185
423,0.026529
424,0.025971
425,0.026274
426,0.051966
427,0.026185
428,0.026075
429,0.026147
430,0.026012
431,0.026124
432,0.026115
433,0.026160
434,0.026098
435,0.026157
436,0.026307
437,0.026392
438,0.026201
439,0.052208
440,0.025963
441,0.026285
442,0.026328
443,0.026181
444,0.026202
445,0.026196
446,0.026139
447,0.026064
448,0.026054
449,0.026554
450,0.026061
451,0.026511
452,0.025983
453,0.026228
454,0.026306
455,0.026446
456,0.026514
457,0.026242
458,0.052192
459,0.026122
460,0.026381
461,0.026122
462,0.026444
463,0.104184
464,0.104302
465,0.078428
466,0.052125
467,0.052331
468,0.026381
469,0.026157
470,0.026417
471,0.026000
472,0.026210
473,0.026352
474,0.026135
475,0.026362
476,0.026145
477,0.026426
478,0.025941
479,0.026146
480,0.026294
481,0.026207
482,0.026283
483,0.026185
484,0.026091
485,0.026279
486,0.026058
487,0.026402
488,0.026029
489,0.026263
490,0.026151
491,0.026203
492,0.026076
493,0.026230
494,0.026381
495,0.026146
496,0.026240
497,0.026104
498,0.026234
499,0.025961
500,0.026282
501,0.026414
502,0.026077
503,0.026287
504,0.026106
505,0.026270
506,0.026133
507,0.026194
508,0.026256
509,0.026122
510,0.026048
511,0.026197
512,0.026221
513,0.026133
514,0.026072
515,0.026524
516,0.026161
517,0.026442
518,0.025920
519,0.026293
520,0.026421
521,0.026303
522,0.026573
523,0.026043
524,0.026369
525,0.026223
526,0.026102
527,0.026309
528,0.026177
529,0.026314
530,0.026055
531,0.052149
532,0.026121
533,0.026471
534,0.026093
535,0.026472
536,0.025922
537,0.026262
538,0.026142
539,0.026419
540,0.026253
541,0.026233
542,0.052463
543,0.052535
544,0.026257
545,0.026563
546,0.026268
547,0.026439
548,0.026144
549,0.026281
550,0.026080
551,0.026281
552,0.078390
553,0.026294
554,0.026353
555,0.026041
556,0.026105
557,0.026442
558,0.078267
559,0.078313
560,0.026402
561,0.026024
562,0.026365
563,0.026169
564,0.026248
565,0.026329
566,0.026321
567,0.026224
568,0.026147
569,0.026282
570,0.026138
571,0.026286
572,0.025875
573,0.052474
574,0.026090
575,0.026387
576,0.026063
577,0.052335
578,0.026146
579,0.052270
580,0.026589
581,0.052317
582,0.051981
583,0.026477
584,0.052262
585,0.026400
586,0.026193
587,0.026101
588,0.026133
589,0.026504
590,0.025920
591,0.026484
592,0.025876
593,0.026483
594,0.025853
595,0.026141
596,0.026110
597,0.026230
598,0.026164
599,0.026093
600,0.026194
601,0.026315
602,0.025983
603,0.026311
604,0.026022
605,0.026527
606,0.026000
607,0.026362
608,0.026158
609,0.026284
610,0.026253
611,0.026139
612,0.026328
613,0.026105
614,0.026360
615,0.026015
616,0.026254
617,0.026419
618,0.025859
619,0.026371
620,0.026186
621,0.026643
622,0.026449
623,0.026224
624,0.026571
625,0.025906
626,0.026312
627,0.026328
628,0.025912
629,0.026465
630,0.026017
631,0.026453
632,0.026128
633,0.026145
634,0.026022
635,0.026183
636,0.026201
637,0.026237
638,0.026318
639,0.026271
640,0.026013
641,0.026274
642,0.026058
643,0.026450
644,0.025992
645,0.026296
646,0.025998
647,0.026191
648,0.026099
649,0.026206
650,0.026371
651,0.026079
652,0.078439
653,0.026205
654,0.026165
655,0.026384
656,0.026255
657,0.052331
658,0.052041
659,0.104374
660,0.077951
661,0.129880
662,0.078154
663,0.104027
664,0.104344
665,0.104176
666,0.077869
667,0.104042
668,0.104356
669,0.103533
670,0.051743
671,0.025938
672,0.025953
673,0.026208
674,0.025963
675,0.026041
676,0.025874
677,0.026007
678,0.051547
679,0.025923
680,0.025938
681,0.025822
682,0.025993
683,0.025937
684,0.025947
685,0.025947
686,0.026018
687,0.025887
688,0.026010
689,0.025840
690,0.025993
691,0.025923
692,0.026090
693,0.025941
694,0.026001
695,0.025900
696,0.025882
697,0.025912
698,0.025969
699,0.026008
700,0.025984
701,0.025940
702,0.026125
703,0.025856
704,0.026019
705,0.025896
706,0.026011
707,0.025815
708,0.025936
709,0.025973
710,0.026053
711,0.025925
712,0.025972
713,0.025968
714,0.025886
715,0.026079
716,0.025846
717,0.026168
718,0.025873
719,0.026065
720,0.025923
721,0.026100
722,0.051854
723,0.025907
724,0.026065
725,0.051759
726,0.025988
727,0.051674
728,0.025980
729,0.026014
730,0.026137
731,0.025977
732,0.025895
733,0.026072
734,0.025953
735,0.025988
736,0.025925
737,0.026140
738,0.025994
739,0.025994
740,0.025960
741,0.025986
742,0.026049
743,0.025877
744,0.026078
745,0.025962
746,0.026094
747,0.025874
748,0.026041
749,0.025923
750,0.026070
751,0.025894
752,0.103196
753,0.025977
754,0.026031
755,0.025988
756,0.026062
757,0.025949
758,0.026084
759,0.025841
760,0.051729
761,0.026100
762,0.025855
763,0.026055
764,0.026082
765,0.026067
766,0.026036
767,0.051804
768,0.026005
769,0.051924
770,0.026200
771,0.026008
772,0.026079
773,0.026034
774,0.026082
775,0.025987
776,0.051903
777,0.026007
778,0.026101
779,0.025860
780,0.026046
781,0.025956
782,0.026033
783,0.025903
784,0.026075
785,0.026109
786,0.026024
787,0.025890
788,0.026003
789,0.025979
790,0.026059
791,0.025915
792,0.026099
793,0.026044
794,0.026004
795,0.026090
796,0.025923
797,0.026023
798,0.025989
799,0.025939
800,0.026119
801,0.026081
802,0.026009
803,0.026060
804,0.037170
805,0.027548
806,0.025865
807,0.025986
808,0.025947
809,0.026013
810,0.025879
811,0.026007
812,0.025952
813,0.026146
814,0.025929
815,0.026044
816,0.026071
817,0.025961
818,0.026042
819,0.025803
820,0.026026
821,0.025939
822,0.026011
823,0.025994
824,0.026068
825,0.025958
826,0.025792
827,0.026022
828,0.025866
829,0.026096
830,0.025988
831,0.025913
832,0.026015
833,0.025919
834,0.026018
835,0.025906
836,0.025905
837,0.026011
838,0.026048
839,0.025921
840,0.026079
841,0.026041
842,0.025900
843,0.026018
844,0.026024
845,0.026141
846,0.025976
847,0.026164
848,0.025921
849,0.026093
850,0.025870
851,0.026128
852,0.025841
853,0.026086
854,0.026013
855,0.026096
856,0.025945
857,0.026059
858,0.025996
859,0.025987
860,0.025909
861,0.026042
862,0.026182
863,0.026145
864,0.026219
865,0.026066
866,0.026372
867,0.025954
868,0.026359
869,0.026188
870,0.026430
871,0.025988
872,0.026201
873,0.026303
874,0.026164
875,0.026202
876,0.026157
877,0.026073
878,0.026213
879,0.026025
880,0.026238
881,0.026177
882,0.026440
883,0.026124
884,0.026156
885,0.026225
886,0.026185
887,0.026264
888,0.026171
889,0.026316
890,0.026017
891,0.026163
892,0.026111
893,0.026160
894,0.026149
895,0.026149
896,0.026216
897,0.026287
898,0.026134
899,0.026219
900,0.026091
901,0.026489
902,0.026093
903,0.026402
904,0.026016
905,0.026191
906,0.026177
907,0.026089
908,0.078492
909,0.077823
910,0.078266
911,0.104655
912,0.104334
913,0.104060
914,0.077846
915,0.052205
916,0.078108
917,0.052452
918,0.052359
919,0.052259
920,0.051941
921,0.052071
922,0.052141
923,0.052193
924,0.026386
925,0.052025
926,0.052224
927,0.052243
928,0.051964
929,0.052255
930,0.052315
931,0.052302
932,0.026257
933,0.026316
934,0.026186
935,0.052243
936,0.052139
937,0.052233
938,0.051880
939,0.026279
940,0.026029
941,0.026420
942,0.052047
943,0.026019
944,0.026226
945,0.026273
946,0.026118
947,0.026347
948,0.026010
949,0.026372
950,0.026024
951,0.026275
952,0.026204
953,0.026192
954,0.026227
955,0.026138
956,0.026358
957,0.043353
958,0.025955
959,0.026156
960,0.025960
961,0.026473
962,0.025933
963,0.026066
964,0.026312
965,0.026026
966,0.026164
967,0.026153
968,0.026405
969,0.026160
970,0.026230
971,0.026007
972,0.026195
973,0.026359
974,0.026027
975,0.026383
976,0.026000
977,0.026349
978,0.026083
979,0.026044
980,0.026265
981,0.026120
982,0.026272
983,0.026032
984,0.026719
985,0.026136
986,0.026034
987,0.026174
988,0.026259
989,0.026053
990,0.025986
991,0.025996
992,0.025842
993,0.025981
994,0.025888
995,0.025977
996,0.025892
997,0.026025
998,0.025884
999,0.025956
1000,0.026086
1001,0.026052
1002,0.025855
1003,0.026024
1004,0.026001
1005,0.026025
1006,0.025886
1007,0.026110
1008,0.025807
1009,0.026047
1010,0.025798
1011,0.025983
1012,0.025938
1013,0.026016
1014,0.025998
1015,0.025977
1016,0.026076
1017,0.025929
1018,0.025957
1019,0.025944
1020,0.026034
1021,0.025978
1022,0.025992
1023,0.025901
1024,0.026046
1025,0.025977
1026,0.025949
1027,0.025881
1028,0.025993
1029,0.025958
1030,0.026048
1031,0.025902
1032,0.026068
1033,0.025991
1034,0.026012
1035,0.025914
1036,0.025914
1037,0.025924
1038,0.026075
1039,0.025940
1040,0.025982
1041,0.025925
1042,0.026260
1043,0.025881
1044,0.025964
1045,0.025936
1046,0.026001
1047,0.025837
1048,0.026021
1049,0.025981
1050,0.025858
1051,0.026076
1052,0.026010
1053,0.025899
1054,0.025981
1055,0.025849
1056,0.025989
1057,0.025902
1058,0.026022
1059,0.051622
1060,0.025876
1061,0.026284
1062,0.025900
1063,0.026026
1064,0.025845
1065,0.026107
1066,0.051631
1067,0.025915
1068,0.026036
1069,0.025952
1070,0.026068
1071,0.025948
1072,0.026062
1073,0.051660
1074,0.025913
1075,0.025989
1076,0.025921
1077,0.025915
1078,0.026061
1079,0.051655
1080,0.025902
1081,0.026089
1082,0.026097
1083,0.025995
1084,0.025920
1085,0.025994
1086,0.026154
1087,0.025922
1088,0.026019
1089,0.025965
1090,0.026030
1091,0.025882
1092,0.025995
1093,0.026058
1094,0.077471
1095,0.025895
1096,0.026008
1097,0.025975
1098,0.026068
1099,0.025942
1100,0.025995
1101,0.025957
1102,0.025970
1103,0.051634
1104,0.025915
1105,0.026085
1106,0.026000
1107,0.025986
1108,0.025986
1109,0.025905
1110,0.026012
1111,0.025932
1112,0.077593
1113,0.026038
1114,0.025850
1115,0.025992
1116,0.025908
1117,0.026072
1118,0.025974
1119,0.026025
1120,0.025890
1121,0.026177
1122,0.025919
1123,0.026052
1124,0.025812
1125,0.026121
1126,0.051592
1127,0.051618
1128,0.025851
1129,0.026144
1130,0.025858
1131,0.026052
1132,0.025886
1133,0.026057
1134,0.051712
1135,0.026004
1136,0.026201
1137,0.026097
1138,0.025873
1139,0.025938
1140,0.026137
1141,0.026047
1142,0.026041
1143,0.025880
1144,0.025957
1145,0.026098
1146,0.026158
1147,0.026072
1148,0.025878
1149,0.026180
1150,0.025878
1151,0.026027
1152,0.025983
1153,0.026032
1154,0.026030
1155,0.025982
1156,0.026036
1157,0.026120
1158,0.026010
1159,0.026052
1160,0.025930
1161,0.026117
1162,0.025925
1163,0.026091
1164,0.025947
1165,0.026048
1166,0.026007
1167,0.025932
1168,0.025883
1169,0.026184
1170,0.025938
1171,0.025969
1172,0.025996
1173,0.026005
1174,0.026075
1175,0.026007
1176,0.026041
1177,0.026109
1178,0.025957
1179,0.025910
1180,0.026137
1181,0.026208
1182,0.025937
1183,0.025983
1184,0.025892
1185,0.026047
1186,0.025986
1187,0.026086
1188,0.025994
1189,0.026094
1190,0.025933
1191,0.026159
1192,0.026327
1193,0.026450
1194,0.026248
1195,0.026125
1196,0.025975
1197,0.026107
1198,0.026148
1199,0.025955
1200,0.025939
1201,0.026185
1202,0.026066
1203,0.026052
1204,0.026041
1205,0.026046
1206,0.026055
1207,0.026037
1208,0.025990
1209,0.026055
1210,0.026089
1211,0.026043
1212,0.025924
1213,0.026219
1214,0.025939
1215,0.026041
1216,0.025949
1217,0.026054
1218,0.026251
1219,0.026204
1220,0.078101
1221,0.077978
1222,0.052286
1223,0.078086
1224,0.104264
1225,0.078150
1226,0.051927
1227,0.051979
1228,0.077972
1229,0.078355
1230,0.026014
1231,0.026053
1232,0.077372
1233,0.077488
1234,0.051740
1235,0.025911
1236,0.051704
1237,0.051738
1238,0.077465
1239,0.077460
1240,0.051573
1241,0.051963
1242,0.077262
1243,0.051920
1244,0.078238
1245,0.052235
1246,0.052111
1247,0.052167
1248,0.052201
1249,0.052272
1250,0.052156
1251,0.026117
1252,0.052126
1253,0.052227
1254,0.052120
1255,0.052349
1256,0.052060
1257,0.052105
1258,0.052111
1259,0.052179
1260,0.052347
1261,0.052413
1262,0.052256
1263,0.026224
1264,0.026084
1265,0.026595
1266,0.026204
1267,0.026362
1268,0.026076
1269,0.026143
1270,0.026141
1271,0.026219
1272,0.026352
1273,0.026083
1274,0.026372
1275,0.026143
1276,0.042984
1277,0.026048
1278,0.026012
1279,0.026355
1280,0.026192
1281,0.026207
1282,0.026049
1283,0.026206
1284,0.026215
1285,0.026102
1286,0.026318
1287,0.026172
1288,0.026325
1289,0.026022
1290,0.026074
1291,0.025958
1292,0.026048
1293,0.026064
1294,0.026049
1295,0.025968
1296,0.025965
1297,0.026085
1298,0.025977
1299,0.026089
1300,0.026138
1301,0.026081
1302,0.026001
1303,0.025983
1304,0.026043
1305,0.026172
1306,0.025917
1307,0.026081
1308,0.025994
1309,0.026145
1310,0.025954
1311,0.025973
1312,0.026030
1313,0.026115
1314,0.026086
1315,0.025909
1316,0.026186
1317,0.026140
1318,0.026001
1319,0.026168
1320,0.026028
1321,0.026166
1322,0.025948
1323,0.026020
1324,0.026066
1325,0.026073
1326,0.025993
1327,0.026022
1328,0.026071
1329,0.025931
1330,0.025994
1331,0.026003
1332,0.026002
1333,0.026117
1334,0.026030
1335,0.026343
1336,0.026322
1337,0.026421
1338,0.026242
1339,0.026051
1340,0.026057
1341,0.026061
1342,0.026072
1343,0.025871
1344,0.025993
1345,0.026132
1346,0.026052
1347,0.025972
1348,0.026017
1349,0.026048
1350,0.025882
1351,0.051800
1352,0.025974
1353,0.026145
1354,0.026024
1355,0.025946
1356,0.026012
1357,0.026067
1358,0.026032
1359,0.025982
1360,0.025983
1361,0.026081
1362,0.026062
1363,0.026099
1364,0.026061
1365,0.026041
1366,0.026046
1367,0.026032
1368,0.025976
1369,0.051702
1370,0.051674
1371,0.026108
1372,0.051662
1373,0.025986
1374,0.051713
1375,0.077470
1376,0.051700
1377,0.026055
1378,0.025932
1379,0.026023
1380,0.026024
1381,0.026036
1382,0.026193
1383,0.026063
1384,0.026024
1385,0.026024
1386,0.025986
1387,0.025985
1388,0.026077
1389,0.026082
1390,0.026065
1391,0.025884
1392,0.026010
1393,0.026047
1394,0.026056
1395,0.026000
1396,0.026109
1397,0.026026
1398,0.025967
1399,0.025963
1400,0.026035
1401,0.026029
1402,0.026144
1403,0.026013
1404,0.025975
1405,0.026054
1406,0.025952
1407,0.026140
1408,0.026016
1409,0.026026
1410,0.026087
1411,0.025875
1412,0.026041
1413,0.025981
1414,0.026018
1415,0.025964
1416,0.025925
1417,0.025994
1418,0.025998
1419,0.025977
1420,0.025973
1421,0.026279
1422,0.025991
1423,0.025862
1424,0.025999
1425,0.025994
1426,0.025952
1427,0.026004
1428,0.026014
1429,0.026008
1430,0.026034
1431,0.026020
1432,0.026125
1433,0.026076
1434,0.026051
1435,0.025963
1436,0.026013
1437,0.026122
1438,0.026026
1439,0.025954
1440,0.025956
1441,0.026104
1442,0.026389
1443,0.026085
1444,0.026317
1445,0.026125
1446,0.026320
1447,0.026004
1448,0.026211
1449,0.026309
1450,0.026224
1451,0.026333
1452,0.026033
1453,0.026189
1454,0.025987
1455,0.026057
1456,0.026303
1457,0.026196
1458,0.026273
1459,0.028277
1460,0.026439
1461,0.026407
1462,0.026041
1463,0.026252
1464,0.026063
1465,0.026337
1466,0.025999
1467,0.026111
1468,0.026185
1469,0.026256
1470,0.026257
1471,0.025981
1472,0.025891
1473,0.026040
1474,0.025895
1475,0.025871
1476,0.025882
1477,0.026058
1478,0.025953
1479,0.025988
1480,0.025941
1481,0.026068
1482,0.025912
1483,0.025965
1484,0.025912
1485,0.025991
1486,0.025838
1487,0.025948
1488,0.025882
1489,0.026047
1490,0.025959
1491,0.025933
1492,0.025969
1493,0.026073
1494,0.025982
1495,0.025966
1496,0.025915
1497,0.026142
1498,0.025881
1499,0.025948
1500,0.025963
1501,0.025940
1502,0.025911
1503,0.026038
1504,0.025919
1505,0.025955
1506,0.025929
1507,0.025991
1508,0.025987
1509,0.026068
1510,0.025892
1511,0.025952
1512,0.025983
1513,0.026033
1514,0.025850
1515,0.025944
1516,0.026085
1517,0.026091
1518,0.025972
1519,0.025907
1520,0.025927
1521,0.026117
1522,0.026012
1523,0.026047
1524,0.025967
1525,0.026107
1526,0.026098
1527,0.025954
1528,0.025881
1529,0.025914
1530,0.025942
1531,0.026037
1532,0.026094
1533,0.026034
1534,0.025897
1535,0.026070
1536,0.025957
1537,0.026145
1538,0.025990
1539,0.026004
1540,0.025983
1541,0.026070
1542,0.025995
1543,0.025860
1544,0.025967
1545,0.025946
1546,0.025981
1547,0.026001
1548,0.026048
1549,0.026021
1550,0.026017
1551,0.025967
1552,0.025962
1553,0.025983
1554,0.026096
1555,0.025983
1556,0.025895
1557,0.026049
1558,0.025936
1559,0.025991
1560,0.025939
1561,0.026035
1562,0.025948
1563,0.025987
1564,0.025968
1565,0.026091
1566,0.025880
1567,0.025912
1568,0.025907
1569,0.025984
1570,0.026103
1571,0.025915
1572,0.025995
1573,0.025902
1574,0.025976
1575,0.026025
1576,0.026024
1577,0.025952
1578,0.025941
1579,0.026029
1580,0.025884
1581,0.025879
1582,0.025909
1583,0.026003
1584,0.025958
1585,0.026097
1586,0.026069
1587,0.025941
1588,0.025904
1589,0.051473
1590,0.025944
1591,0.025888
1592,0.026028
1593,0.026117
1594,0.025918
1595,0.025951
1596,0.025894
1597,0.026040
1598,0.025969
1599,0.077828
1600,0.026042
1601,0.026183
1602,0.026116
1603,0.026281
1604,0.026071
1605,0.026480
1606,0.026117
1607,0.026193
1608,0.078300
1609,0.026195
1610,0.026415
1611,0.026276
1612,0.026016
1613,0.052189
1614,0.078441
1615,0.078182
1616,0.077601
1617,0.078164
1618,0.078333
1619,0.077809
1620,0.077881
1621,0.078265
1622,0.051959
1623,0.052149
1624,0.025971
1625,0.051489
1626,0.051792
1627,0.051740
1628,0.051541
1629,0.026097
1630,0.025807
1631,0.025844
1632,0.025939
1633,0.026153
1634,0.026092
1635,0.025930
1636,0.025888
1637,0.026077
1638,0.025930
1639,0.025944
1640,0.025816
1641,0.025958
1642,0.026125
1643,0.025972
1644,0.026012
1645,0.026095
1646,0.026036
1647,0.026068
1648,0.026015
1649,0.026070
1650,0.026049
1651,0.025994
1652,0.026109
1653,0.026049
1654,0.025973
1655,0.025817
1656,0.026000
1657,0.026161
1658,0.025939
1659,0.025927
1660,0.025960
1661,0.025955
1662,0.026077
1663,0.025941
1664,0.026018
1665,0.026102
1666,0.026000
1667,0.026040
1668,0.025956
1669,0.026100
1670,0.025940
1671,0.025939
1672,0.025983
1673,0.026008
1674,0.025936
1675,0.026017
1676,0.025992
1677,0.025892
1678,0.025955
1679,0.025835
1680,0.025968
1681,0.025955
1682,0.025931
1683,0.025929
1684,0.025933
1685,0.026053
1686,0.026045
1687,0.025884
1688,0.026064
1689,0.025982
1690,0.025943
1691,0.025924
1692,0.025850
1693,0.051698
1694,0.025980
1695,0.025941
1696,0.025847
1697,0.025972
1698,0.025924
1699,0.025874
1700,0.025926
1701,0.026038
1702,0.026086
1703,0.025949
1704,0.025957
1705,0.025989
1706,0.025958
1707,0.025943
1708,0.025755
1709,0.026130
1710,0.025977
1711,0.025881
1712,0.025764
1713,0.026084
1714,0.025924
1715,0.025855
1716,0.025928
1717,0.025940
1718,0.026028
1719,0.025939
1720,0.025853
1721,0.025990
1722,0.025899
1723,0.026011
1724,0.025956
1725,0.026057
1726,0.025914
1727,0.025907
1728,0.025896
1729,0.026156
1730,0.026005
1731,0.025871
1732,0.026049
1733,0.026071
1734,0.025888
1735,0.025864
1736,0.025978
1737,0.026085
1738,0.025945
1739,0.026007
1740,0.025911
1741,0.026099
1742,0.026054
1743,0.025951
1744,0.025927
1745,0.025980
1746,0.026043
1747,0.025957
1748,0.026047
1749,0.026121
1750,0.026010
1751,0.026042
1752,0.025984
1753,0.025900
1754,0.025983
1755,0.026027
1756,0.025931
1757,0.026075
1758,0.026190
1759,0.025961
1760,0.026076
1761,0.026063
1762,0.025985
1763,0.025927
1764,0.025996
1765,0.026124
1766,0.026029
1767,0.026006
1768,0.025835
1769,0.026062
1770,0.026110
1771,0.026074
1772,0.025955
1773,0.026129
1774,0.025909
1775,0.026067
1776,0.025998
1777,0.025889
1778,0.025917
1779,0.025955
1780,0.025894
1781,0.026128
1782,0.026063
1783,0.025920
1784,0.025950
1785,0.025923
1786,0.025944
1787,0.026104
1788,0.025928
1789,0.025966
1790,0.026036
1791,0.026075
1792,0.025824
1793,0.026202
1794,0.025917
1795,0.026066
1796,0.026076
1797,0.026113
1798,0.025872
1799,0.026002
1800,0.025883
1801,0.026077
1802,0.026017
1803,0.026086
1804,0.025951
1805,0.026114
1806,0.025946
1807,0.025973
1808,0.025925
1809,0.026121
1810,0.025913
1811,0.026072
1812,0.025959
1813,0.026107
1814,0.026098
1815,0.027237
1816,0.027050
1817,0.026022
1818,0.026094
1819,0.026009
1820,0.025954
1821,0.026225
1822,0.026077
1823,0.026129
1824,0.025975
1825,0.026109
1826,0.026096
1827,0.026018
1828,0.026094
1829,0.026166
1830,0.025979
1831,0.025978
1832,0.026002
1833,0.052071
1834,0.026024
1835,0.026123
1836,0.051700
1837,0.025910
1838,0.026022
1839,0.026064
1840,0.025995
1841,0.025910
1842,0.026045
1843,0.025971
1844,0.025964
1845,0.026051
1846,0.026010
1847,0.025997
1848,0.025994
1849,0.026004
1850,0.026004
1851,0.025943
1852,0.025985
1853,0.051820
1854,0.051775
1855,0.025998
1856,0.051759
1857,0.026118
1858,0.026032
1859,0.051732
1860,0.026021
1861,0.026093
1862,0.025970
1863,0.025950
1864,0.025982
1865,0.026034
1866,0.026036
1867,0.051707
1868,0.025899
1869,0.026050
1870,0.026113
1871,0.025927
1872,0.025993
1873,0.026078
1874,0.025964
1875,0.026037
1876,0.025929
1877,0.026110
1878,0.025916
1879,0.025994
1880,0.026080
1881,0.026017
1882,0.026033
1883,0.026005
1884,0.025972
1885,0.026084
1886,0.025936
1887,0.026120
1888,0.025851
1889,0.026070
1890,0.026069
1891,0.026034
1892,0.025974
1893,0.026087
1894,0.025904
1895,0.025943
1896,0.026114
1897,0.026077
1898,0.025969
1899,0.026173
1900,0.025947
1901,0.026026
1902,0.025948
1903,0.026106
1904,0.025915
1905,0.026017
1906,0.025869
1907,0.025880
1908,0.025885
1909,0.026124
1910,0.025909
1911,0.025901
1912,0.025946
1913,0.025969
1914,0.025855
1915,0.025861
1916,0.025979
1917,0.025926
1918,0.025916
1919,0.026003
1920,0.025928
1921,0.026041
1922,0.025933
1923,0.025966
1924,0.026015
1925,0.026056
1926,0.025920
1927,0.026053
1928,0.026053
1929,0.025998
1930,0.025864
1931,0.025914
1932,0.025941
1933,0.025985
1934,0.025934
1935,0.025954
1936,0.025885
1937,0.025954
1938,0.025936
1939,0.025923
1940,0.025902
1941,0.025953
1942,0.026160
1943,0.025951
1944,0.025939
1945,0.025932
1946,0.026057
1947,0.025868
1948,0.025915
1949,0.026009
1950,0.026083
1951,0.026072
1952,0.026047
1953,0.026144
1954,0.026120
1955,0.025938
1956,0.026112
1957,0.026034
1958,0.026004
1959,0.026006
1960,0.026021
1961,0.026056
1962,0.025969
1963,0.025980
1964,0.026184
1965,0.026045
1966,0.026001
1967,0.026070
1968,0.026089
1969,0.026204
1970,0.026009
1971,0.026087
1972,0.026186
1973,0.026194
1974,0.026212
1975,0.026121
1976,0.026306
1977,0.026131
1978,0.026175
1979,0.026122
1980,0.026210
1981,0.026215
1982,0.026190
1983,0.026162
1984,0.026051
1985,0.026265
1986,0.026143
1987,0.026078
1988,0.026191
1989,0.026331
1990,0.026181
1991,0.026128
1992,0.026092
1993,0.026027
1994,0.026119
1995,0.026078
1996,0.026120
1997,0.026050
1998,0.026077
1999,0.026171
2000,0.032208
2001,0.027033
2002,0.026151
2003,0.026110
2004,0.026002
2005,0.026162
2006,0.025896
2007,0.025992
2008,0.026088
2009,0.026111
2010,0.025959
2011,0.026134
2012,0.026047
2013,0.026156
2014,0.025996
2015,0.026131
2016,0.026159
2017,0.026123
2018,0.025960
2019,0.026036
2020,0.025960
2021,0.026086
2022,0.026039
2023,0.026038
2024,0.026025
2025,0.025930
2026,0.026106
2027,0.025874
2028,0.025947
2029,0.026167
2030,0.026022
2031,0.026150
2032,0.026078
2033,0.026221
2034,0.026093
2035,0.026089
2036,0.026097
2037,0.026196
2038,0.026164
2039,0.026224
2040,0.026306
2041,0.026119
2042,0.026010
2043,0.026285
2044,0.026252
2045,0.026110
2046,0.025978
2047,0.026253
2048,0.025915
2049,0.026183
2050,0.026110
2051,0.026223
2052,0.026100
2053,0.026141
2054,0.026121
2055,0.026120
2056,0.026094
2057,0.026097
2058,0.026293
2059,0.026076
2060,0.026024
2061,0.026097
2062,0.025974
2063,0.025876
2064,0.025975
2065,0.026243
2066,0.026184
2067,0.026222
2068,0.026067
2069,0.026097
2070,0.026148
2071,0.025983
2072,0.025896
2073,0.026230
2074,0.026058
2075,0.026195
2076,0.026002
2077,0.026216
2078,0.026157
2079,0.026029
2080,0.026057
2081,0.026268
2082,0.026058
2083,0.026102
2084,0.026206
2085,0.026158
2086,0.026045
2087,0.026110
2088,0.025973
2089,0.026307
2090,0.026098
2091,0.026037
2092,0.025944
2093,0.026213
2094,0.026003
2095,0.025937
2096,0.026164
2097,0.026229
2098,0.026117
2099,0.026079
2100,0.026033
2101,0.026105
2102,0.025924
2103,0.025886
2104,0.025941
2105,0.026140
2106,0.025924
2107,0.025963
2108,0.026025
2109,0.025995
# total_episodes=2109, avg_seconds=0.029728
