# episode_index, seconds
1,0.013187
2,0.008410
3,0.016368
4,0.011274
5,0.015679
6,0.009133
7,0.008297
8,0.006046
9,0.007246
10,0.010014
11,0.002111
12,0.015418
13,0.013635
14,0.011454
15,0.002318
16,0.005936
17,0.002885
18,0.011612
19,0.017533
20,0.008148
21,0.016367
22,0.011159
23,0.099206
24,0.043712
25,0.294429
26,0.043368
27,0.173251
28,0.075605
29,0.134088
30,0.044463
31,0.044156
32,0.129264
33,0.172483
34,0.043825
35,0.043150
36,0.043300
37,0.085484
38,0.080386
39,0.043035
40,0.042701
41,0.086434
42,0.089185
43,0.047071
44,0.047196
45,0.048195
46,0.140484
47,0.132651
48,0.128888
49,0.087001
50,0.129494
51,0.163967
52,0.043122
53,0.043230
54,0.043478
55,0.049132
56,0.098012
57,0.142300
58,0.095481
59,0.047804
60,0.049331
61,0.096491
62,0.048537
63,0.049211
64,0.048660
65,0.047815
66,0.049455
67,0.190156
68,0.089244
69,0.044636
70,0.089332
71,0.044532
72,0.044285
73,0.044258
74,0.132638
75,0.128373
76,0.043325
77,0.043350
78,0.086172
79,0.086122
80,0.040202
81,0.041273
82,0.042085
83,0.042651
84,0.086452
85,0.129861
86,0.044119
87,0.043687
88,0.044836
89,0.047605
90,0.048498
91,0.092163
92,0.048246
93,0.049392
94,0.049749
95,0.049317
96,0.071509
97,0.044940
98,0.044124
99,0.044192
100,0.044050
101,0.043686
102,0.145362
103,0.141170
104,0.092726
105,0.094930
106,0.047794
107,0.048813
108,0.093678
109,0.044943
110,0.045118
111,0.046890
112,0.094521
113,0.047892
114,0.049586
115,0.047821
116,0.046209
117,0.049267
118,0.047221
119,0.047323
120,0.048529
121,0.049280
122,0.045606
123,0.048579
124,0.048847
125,0.049324
126,0.048747
127,0.047545
128,0.046735
129,0.049048
130,0.048523
131,0.049238
132,0.046534
133,0.049413
134,0.049138
135,0.048342
136,0.049072
137,0.049059
138,0.049126
139,0.048474
140,0.047961
141,0.048437
142,0.049087
143,0.047722
144,0.045337
145,0.048136
146,0.048317
147,0.048084
148,0.048868
149,0.048813
150,0.048882
151,0.048890
152,0.048399
153,0.049412
154,0.049290
155,0.048414
156,0.047576
157,0.048227
158,0.047986
159,0.049198
160,0.048770
161,0.048751
162,0.047936
163,0.095130
164,0.048270
165,0.049144
166,0.146707
167,0.045258
168,0.139959
169,0.098324
170,0.134563
171,0.044544
172,0.044679
173,0.089113
174,0.044599
175,0.088518
176,0.089086
177,0.088802
178,0.132333
179,0.133117
180,0.132935
181,0.131053
182,0.128631
183,0.087697
184,0.043004
185,0.044067
186,0.044197
187,0.044295
188,0.044010
189,0.043937
190,0.044024
191,0.044334
192,0.043603
193,0.044440
194,0.044091
195,0.044160
196,0.087554
197,0.044035
198,0.044211
199,0.044339
200,0.043991
201,0.086381
202,0.043508
203,0.043406
204,0.043531
205,0.044091
206,0.044514
207,0.044172
208,0.043941
209,0.044170
210,0.044336
211,0.043830
212,0.042993
213,0.043142
214,0.043553
215,0.043659
216,0.043884
217,0.044212
218,0.044119
219,0.044170
220,0.043883
221,0.044470
222,0.043825
223,0.043608
224,0.043609
225,0.043983
226,0.043905
227,0.043876
228,0.043025
229,0.043216
230,0.043134
231,0.042729
232,0.040493
233,0.040929
234,0.044789
235,0.044593
236,0.044111
237,0.044550
238,0.044216
239,0.044844
240,0.044605
241,0.045298
242,0.047541
243,0.048666
244,0.046479
245,0.049080
246,0.048785
247,0.048499
248,0.047940
249,0.048559
250,0.047136
251,0.047633
252,0.046198
253,0.048592
254,0.048418
255,0.049149
256,0.048006
257,0.048055
258,0.047847
259,0.047059
260,0.046992
261,0.047675
262,0.047515
263,0.048640
264,0.049218
265,0.048357
266,0.048685
267,0.045839
268,0.047668
269,0.048384
270,0.049172
271,0.048503
272,0.048306
273,0.048243
274,0.048271
275,0.047877
276,0.047050
277,0.047021
278,0.048439
279,0.048019
280,0.046764
281,0.048081
282,0.048458
283,0.045589
284,0.046738
285,0.047802
286,0.048699
287,0.049957
288,0.044585
289,0.047081
290,0.132911
291,0.044048
292,0.087503
293,0.044544
294,0.044023
295,0.044267
296,0.081847
297,0.095036
298,0.047194
299,0.047608
300,0.046921
301,0.048596
302,0.090963
303,0.044394
304,0.044889
305,0.044030
306,0.044455
307,0.043958
308,0.043120
309,0.044637
310,0.043581
311,0.043598
312,0.042407
313,0.043426
314,0.043346
315,0.044035
316,0.085581
317,0.042457
318,0.038664
319,0.042841
320,0.043307
321,0.043039
322,0.043807
323,0.043843
324,0.043760
325,0.048542
326,0.049046
327,0.046102
328,0.046353
329,0.044569
330,0.046329
331,0.048231
332,0.049475
333,0.047058
334,0.048914
335,0.096927
336,0.049340
337,0.046765
338,0.044155
339,0.048175
340,0.047334
341,0.048060
342,0.049538
343,0.048774
344,0.049113
345,0.048724
346,0.048823
347,0.049216
348,0.047163
349,0.049196
350,0.049235
351,0.048755
352,0.048564
353,0.049280
354,0.047661
355,0.048351
356,0.048675
357,0.048755
358,0.049296
359,0.048960
360,0.049142
361,0.048169
362,0.048855
363,0.049112
364,0.047402
365,0.049371
366,0.048880
367,0.049292
368,0.048677
369,0.049835
370,0.049072
371,0.047392
372,0.048911
373,0.045002
374,0.048411
375,0.048737
376,0.045206
377,0.049386
378,0.047565
379,0.048403
380,0.048518
381,0.049241
382,0.048673
383,0.048857
384,0.048665
385,0.048939
386,0.048556
387,0.064745
388,0.048229
389,0.047228
390,0.047050
391,0.048774
392,0.092122
393,0.044155
394,0.044332
395,0.044700
396,0.044633
397,0.043810
398,0.044171
399,0.044459
400,0.044342
401,0.044605
402,0.042690
403,0.043511
404,0.043959
405,0.129194
406,0.043465
407,0.043557
408,0.130531
409,0.043128
410,0.043269
411,0.043224
412,0.043206
413,0.043131
414,0.042914
415,0.043249
416,0.043233
417,0.042779
418,0.042569
419,0.040618
420,0.040724
421,0.042179
422,0.043734
423,0.043425
424,0.044443
425,0.043037
426,0.043110
427,0.043526
428,0.043684
429,0.043530
430,0.043217
431,0.043908
432,0.043452
433,0.048008
434,0.047118
435,0.048016
436,0.049110
437,0.047710
438,0.049721
439,0.048707
440,0.048818
441,0.049170
442,0.049426
443,0.048646
444,0.048888
445,0.048014
446,0.048158
447,0.047087
448,0.049146
449,0.097052
450,0.048920
451,0.048738
452,0.046114
453,0.048145
454,0.142157
455,0.093462
456,0.047539
457,0.144321
458,0.181357
459,0.044687
460,0.042649
461,0.171821
462,0.170009
463,0.168190
464,0.172864
465,0.179699
466,0.130378
467,0.129879
468,0.129259
469,0.088647
470,0.086835
471,0.130827
472,0.044109
473,0.043974
474,0.089373
475,0.129831
476,0.044882
477,0.044060
478,0.044051
479,0.046170
480,0.048640
481,0.048454
482,0.142397
483,0.045467
484,0.048258
485,0.049246
486,0.049273
487,0.048419
488,0.142709
489,0.048430
490,0.145814
491,0.092584
492,0.144503
493,0.144846
494,0.136638
495,0.088028
496,0.089381
497,0.044497
498,0.048470
499,0.048482
500,0.097996
501,0.096556
502,0.049694
503,0.048477
504,0.049422
505,0.048039
506,0.049178
507,0.048668
508,0.048333
509,0.048715
510,0.048901
511,0.049248
512,0.049667
513,0.049166
514,0.047436
515,0.049277
516,0.049857
517,0.049010
518,0.048732
519,0.049969
520,0.047745
521,0.047883
522,0.047813
523,0.048544
524,0.048944
525,0.048828
526,0.049101
527,0.049186
528,0.047733
529,0.049353
530,0.049214
531,0.049575
532,0.049677
533,0.049289
534,0.049278
535,0.048730
536,0.049448
537,0.048595
538,0.048591
539,0.049805
540,0.048884
541,0.048862
542,0.048505
543,0.049114
544,0.050059
545,0.049696
546,0.049202
547,0.049567
548,0.049403
549,0.048960
550,0.049094
551,0.048429
552,0.049237
553,0.049749
554,0.048835
555,0.048977
556,0.049047
557,0.047983
558,0.144248
559,0.048651
560,0.048569
561,0.048921
562,0.145808
563,0.047883
564,0.048949
565,0.048141
566,0.048590
567,0.049006
568,0.048198
569,0.047917
570,0.048972
571,0.049138
572,0.184816
573,0.047974
574,0.049493
575,0.048989
576,0.145282
577,0.049614
578,0.097126
579,0.096297
580,0.049122
581,0.049709
582,0.146207
583,0.145367
584,0.098161
585,0.146250
586,0.195039
587,0.147430
588,0.146430
589,0.192991
590,0.193667
591,0.193724
592,0.195707
593,0.195301
594,0.195555
595,0.193716
596,0.049810
597,0.145959
598,0.049121
599,0.049629
600,0.065482
601,0.046971
602,0.046126
603,0.045578
604,0.091746
605,0.048981
606,0.048694
607,0.046686
608,0.048590
609,0.046440
610,0.048977
611,0.048941
612,0.046216
613,0.045498
614,0.044787
615,0.047558
616,0.048435
617,0.047039
618,0.045170
619,0.044996
620,0.048088
621,0.047022
622,0.047238
623,0.049234
624,0.046687
625,0.048704
626,0.046709
627,0.047855
628,0.048788
629,0.048213
630,0.047648
631,0.046550
632,0.048029
633,0.048148
634,0.046974
635,0.046897
636,0.049252
637,0.048204
638,0.047784
639,0.047183
640,0.047771
641,0.048855
642,0.047885
643,0.047368
644,0.048632
645,0.048330
646,0.047750
647,0.048609
648,0.048064
649,0.048845
650,0.048993
651,0.048692
652,0.048757
653,0.048758
654,0.048871
655,0.049296
656,0.046898
657,0.048966
658,0.046012
659,0.045428
660,0.046358
661,0.045541
662,0.045420
663,0.045313
664,0.048767
665,0.048664
666,0.048495
667,0.045661
668,0.189097
669,0.184915
670,0.048122
671,0.191886
672,0.144301
673,0.146266
674,0.048892
675,0.191581
676,0.146419
677,0.047369
678,0.095776
679,0.046705
680,0.049061
681,0.049429
682,0.048308
683,0.048189
684,0.049816
685,0.058230
686,0.044785
687,0.044716
688,0.044173
689,0.043919
690,0.088130
691,0.043703
692,0.044147
693,0.044057
694,0.044553
695,0.044438
696,0.043999
697,0.045067
698,0.043532
699,0.044439
700,0.044305
701,0.043979
702,0.044429
703,0.044958
704,0.043436
705,0.044090
706,0.043792
707,0.044138
708,0.043268
709,0.043830
710,0.086686
711,0.044304
712,0.044103
713,0.044161
714,0.044414
715,0.044372
716,0.044387
717,0.087660
718,0.088836
719,0.043789
720,0.088785
721,0.043730
722,0.044111
723,0.044244
724,0.130405
725,0.043386
726,0.043694
727,0.129891
728,0.125434
729,0.125011
730,0.043460
731,0.043572
732,0.086467
733,0.085615
734,0.075805
735,0.043937
736,0.086330
737,0.043801
738,0.087527
739,0.043804
740,0.086206
741,0.044012
742,0.087553
743,0.043314
744,0.043794
745,0.042833
746,0.083312
747,0.042989
748,0.040719
749,0.043157
750,0.042933
751,0.043257
752,0.045960
753,0.044693
754,0.043961
755,0.043687
756,0.044504
757,0.043845
758,0.087371
759,0.044718
760,0.043698
761,0.043549
762,0.043829
763,0.043429
764,0.044011
765,0.043869
766,0.047911
767,0.049259
768,0.096931
769,0.096909
770,0.144431
771,0.128418
772,0.128909
773,0.130066
774,0.134697
775,0.192701
776,0.195437
777,0.238599
778,0.191998
779,0.191324
780,0.144875
781,0.143978
782,0.142817
783,0.093268
784,0.144770
785,0.145935
786,0.095647
787,0.092784
788,0.132407
789,0.129889
790,0.085720
791,0.130900
792,0.125304
793,0.083775
794,0.043355
795,0.033908
796,0.107647
797,0.085732
798,0.042897
799,0.043370
800,0.044064
801,0.087829
802,0.047603
803,0.049073
804,0.146445
805,0.096777
806,0.048306
807,0.143889
808,0.096061
809,0.144339
810,0.146552
811,0.145280
812,0.145886
813,0.143298
814,0.147182
815,0.113506
816,0.144660
817,0.095333
818,0.144569
819,0.048996
820,0.048970
821,0.143262
822,0.049255
823,0.046183
824,0.049051
825,0.047244
826,0.049133
827,0.048776
828,0.048318
829,0.045275
830,0.044836
831,0.048479
832,0.096386
833,0.048051
834,0.048383
835,0.048685
836,0.048853
837,0.048054
838,0.047806
839,0.049384
840,0.049512
841,0.046486
842,0.049125
843,0.046437
844,0.048872
845,0.048496
846,0.048190
847,0.048896
848,0.048492
849,0.048077
850,0.048087
851,0.044463
852,0.038025
853,0.043341
854,0.044053
855,0.087331
856,0.043858
857,0.044213
858,0.045322
859,0.049050
860,0.047074
861,0.048720
862,0.049476
863,0.048055
864,0.049970
865,0.047908
866,0.047434
867,0.048537
868,0.048641
869,0.047045
870,0.048561
871,0.048701
872,0.050035
873,0.046657
874,0.045090
875,0.045466
876,0.047769
877,0.049610
878,0.049493
879,0.049556
880,0.048841
881,0.049144
882,0.048589
883,0.045618
884,0.147184
885,0.046469
886,0.050584
887,0.043824
888,0.044228
889,0.086682
890,0.044428
891,0.044069
892,0.044120
893,0.045197
894,0.044203
895,0.043705
896,0.044151
897,0.044908
898,0.073644
899,0.047241
900,0.046222
901,0.189620
902,0.046398
903,0.166162
904,0.166373
905,0.173600
906,0.174457
907,0.043319
908,0.116604
909,0.044957
910,0.044578
911,0.088442
912,0.090072
913,0.049322
914,0.049828
915,0.045160
916,0.089627
917,0.044699
918,0.045563
919,0.045373
920,0.043718
921,0.045000
922,0.089595
923,0.090044
924,0.044361
925,0.046261
926,0.045425
927,0.044468
928,0.044058
929,0.044384
930,0.043218
931,0.044474
932,0.044749
933,0.044775
934,0.044356
935,0.043904
936,0.043552
937,0.044373
938,0.131278
939,0.087311
940,0.044440
941,0.044193
942,0.045069
943,0.088086
944,0.044377
945,0.135272
946,0.145059
947,0.048972
948,0.049131
949,0.049204
950,0.143978
951,0.050074
952,0.144570
953,0.143935
954,0.145051
955,0.193418
956,0.199333
957,0.131194
958,0.130296
959,0.176650
960,0.174679
961,0.086488
962,0.168409
963,0.087539
964,0.044379
965,0.087882
966,0.087047
967,0.043024
968,0.085240
969,0.040198
970,0.083373
971,0.042339
972,0.043370
973,0.043880
974,0.085494
975,0.043586
976,0.043070
977,0.044084
978,0.043065
979,0.043739
980,0.047712
981,0.048285
982,0.048421
983,0.048787
984,0.048964
985,0.048639
986,0.048702
987,0.047596
988,0.049258
989,0.049141
990,0.048720
991,0.049010
992,0.049599
993,0.049113
994,0.049504
995,0.049888
996,0.054881
997,0.058908
998,0.042495
999,0.085768
1000,0.043277
1001,0.043677
1002,0.086495
1003,0.043469
1004,0.044045
1005,0.043748
1006,0.043950
1007,0.043297
1008,0.044348
1009,0.043986
1010,0.043589
1011,0.043672
1012,0.043895
1013,0.043965
1014,0.043580
1015,0.043075
1016,0.043939
1017,0.043685
1018,0.044457
1019,0.044045
1020,0.043296
1021,0.043122
1022,0.042560
1023,0.042416
1024,0.042819
1025,0.042805
1026,0.041128
1027,0.039963
1028,0.042500
1029,0.042299
1030,0.042439
1031,0.044240
1032,0.043643
1033,0.042339
1034,0.043177
1035,0.042334
1036,0.072095
1037,0.043650
1038,0.044596
1039,0.094534
1040,0.095859
1041,0.095269
1042,0.049314
1043,0.097441
1044,0.048517
1045,0.095547
1046,0.145352
1047,0.142744
1048,0.131475
1049,0.129951
1050,0.129495
1051,0.129226
1052,0.128805
1053,0.165756
1054,0.130585
1055,0.172276
1056,0.140837
1057,0.145542
1058,0.145651
1059,0.143317
1060,0.097038
1061,0.098837
1062,0.095163
1063,0.092541
1064,0.097179
1065,0.096085
1066,0.049358
1067,0.049612
1068,0.045561
1069,0.045417
1070,0.048561
1071,0.047338
1072,0.048053
1073,0.048150
1074,0.049001
1075,0.048613
1076,0.048287
1077,0.046653
1078,0.048835
1079,0.049038
1080,0.046144
1081,0.047209
1082,0.048832
1083,0.048223
1084,0.048707
1085,0.048033
1086,0.047875
1087,0.048291
1088,0.047884
1089,0.048216
1090,0.048894
1091,0.048369
1092,0.049385
1093,0.049312
1094,0.048881
1095,0.048954
1096,0.048275
1097,0.047518
1098,0.049339
1099,0.045688
1100,0.089204
1101,0.044413
1102,0.044198
1103,0.044549
1104,0.044461
1105,0.044730
1106,0.044149
1107,0.044472
1108,0.044465
1109,0.043936
1110,0.044060
1111,0.088256
1112,0.043869
1113,0.043842
1114,0.043353
1115,0.042499
1116,0.043478
1117,0.043414
1118,0.043574
1119,0.043267
1120,0.042811
1121,0.043949
1122,0.042272
1123,0.043995
1124,0.044283
1125,0.043770
1126,0.043793
1127,0.043607
1128,0.043384
1129,0.043686
1130,0.043845
1131,0.044148
1132,0.043841
1133,0.043746
1134,0.086490
1135,0.042919
1136,0.043249
1137,0.043015
1138,0.042860
1139,0.041716
1140,0.040069
1141,0.041904
1142,0.041781
1143,0.041984
1144,0.043319
1145,0.043358
1146,0.043313
1147,0.042781
1148,0.043262
1149,0.043591
1150,0.043575
1151,0.042987
1152,0.044015
1153,0.043604
1154,0.043469
1155,0.047415
1156,0.048954
1157,0.049013
1158,0.049204
1159,0.049297
1160,0.049092
1161,0.046006
1162,0.045024
1163,0.049143
1164,0.048139
1165,0.049148
1166,0.045556
1167,0.048684
1168,0.049102
1169,0.048575
1170,0.049455
1171,0.049095
1172,0.047798
1173,0.047697
1174,0.047642
1175,0.046249
1176,0.049244
1177,0.044847
1178,0.044905
1179,0.045125
1180,0.043614
1181,0.044689
1182,0.044434
1183,0.044420
1184,0.044128
1185,0.046551
1186,0.048345
1187,0.046514
1188,0.048354
1189,0.048809
1190,0.048119
1191,0.047506
1192,0.047245
1193,0.048780
1194,0.048895
1195,0.047342
1196,0.048574
1197,0.046638
1198,0.046848
1199,0.096245
1200,0.048262
1201,0.047046
1202,0.096754
1203,0.048532
1204,0.095843
1205,0.137099
1206,0.144385
1207,0.146306
1208,0.094587
1209,0.144309
1210,0.145322
1211,0.192314
1212,0.138652
1213,0.095568
1214,0.047507
1215,0.047584
1216,0.048531
1217,0.048331
1218,0.091146
1219,0.048331
1220,0.046037
1221,0.048388
1222,0.047999
1223,0.048795
1224,0.044987
1225,0.049035
1226,0.049203
1227,0.047847
1228,0.046922
1229,0.045432
1230,0.044580
1231,0.048275
1232,0.048030
1233,0.048424
1234,0.048465
1235,0.047968
1236,0.049129
1237,0.047384
1238,0.046760
1239,0.044740
1240,0.090473
1241,0.046675
1242,0.048691
1243,0.048867
1244,0.047698
1245,0.044697
1246,0.044968
1247,0.043865
1248,0.046092
1249,0.047191
1250,0.047497
1251,0.044518
1252,0.047562
1253,0.048837
1254,0.045632
1255,0.043661
1256,0.047893
1257,0.048306
1258,0.048995
1259,0.048552
1260,0.048388
1261,0.048860
1262,0.048465
1263,0.049115
1264,0.048701
1265,0.048939
1266,0.049096
1267,0.048883
1268,0.048923
1269,0.049454
1270,0.048099
1271,0.048258
1272,0.048765
1273,0.047789
1274,0.049735
1275,0.048580
1276,0.049484
1277,0.048721
1278,0.049032
1279,0.049498
1280,0.049729
1281,0.049126
1282,0.097323
1283,0.096729
1284,0.097251
1285,0.094987
1286,0.093823
1287,0.092150
1288,0.095406
1289,0.144708
1290,0.096744
1291,0.142845
1292,0.095674
1293,0.143332
1294,0.048959
1295,0.143548
1296,0.047299
1297,0.097317
1298,0.097530
1299,0.079833
1300,0.086824
1301,0.043032
1302,0.053296
1303,0.061953
1304,0.044419
1305,0.043769
1306,0.088125
1307,0.043938
1308,0.043872
1309,0.044141
1310,0.044045
1311,0.044322
1312,0.044475
1313,0.043871
1314,0.044255
1315,0.043854
1316,0.044308
1317,0.044235
1318,0.044196
1319,0.044295
1320,0.044093
1321,0.044132
1322,0.044176
1323,0.044293
1324,0.043661
1325,0.044470
1326,0.043846
1327,0.043631
1328,0.044021
1329,0.044389
1330,0.044003
1331,0.044297
1332,0.043962
1333,0.044300
1334,0.044910
1335,0.043379
1336,0.044107
1337,0.043943
1338,0.043375
1339,0.043851
1340,0.043811
1341,0.043957
1342,0.044620
1343,0.043806
1344,0.044033
1345,0.044225
1346,0.044210
1347,0.043977
1348,0.044237
1349,0.044264
1350,0.044124
1351,0.043930
1352,0.043907
1353,0.044106
1354,0.044151
1355,0.043822
1356,0.044158
1357,0.044543
1358,0.043579
1359,0.044344
1360,0.044175
1361,0.044326
1362,0.043906
1363,0.044263
1364,0.044063
1365,0.044187
1366,0.044101
1367,0.044076
1368,0.043572
1369,0.044393
1370,0.043822
1371,0.044564
1372,0.043733
1373,0.043885
1374,0.087691
1375,0.044122
1376,0.044137
1377,0.044232
1378,0.045226
1379,0.044371
1380,0.044381
1381,0.043884
1382,0.043180
1383,0.043861
1384,0.045438
1385,0.044137
1386,0.044090
1387,0.087567
1388,0.088072
1389,0.043836
1390,0.088125
1391,0.043896
1392,0.043907
1393,0.087071
1394,0.044378
1395,0.043806
1396,0.087166
1397,0.043241
1398,0.043488
1399,0.087473
1400,0.044150
1401,0.044409
1402,0.044329
1403,0.043807
1404,0.087649
1405,0.044224
1406,0.085532
1407,0.087545
1408,0.044628
1409,0.088746
1410,0.131696
1411,0.088638
1412,0.087465
1413,0.044633
1414,0.087045
1415,0.043907
1416,0.044093
1417,0.044544
1418,0.043003
1419,0.043906
1420,0.044060
1421,0.043937
1422,0.043843
1423,0.044113
1424,0.043976
1425,0.044146
1426,0.043906
1427,0.043917
1428,0.044221
1429,0.043900
1430,0.044435
1431,0.044059
1432,0.044593
1433,0.043809
1434,0.044001
1435,0.043158
1436,0.044044
1437,0.044240
1438,0.044116
1439,0.044650
1440,0.044243
1441,0.044122
1442,0.044671
1443,0.044255
1444,0.045555
1445,0.047292
1446,0.043573
1447,0.045378
1448,0.043976
1449,0.044619
1450,0.046338
1451,0.068219
1452,0.043447
1453,0.044183
1454,0.045385
1455,0.043435
1456,0.043587
1457,0.044874
1458,0.044175
1459,0.043385
1460,0.074141
1461,0.043070
1462,0.043603
1463,0.043764
1464,0.044144
1465,0.044572
1466,0.043867
1467,0.044045
1468,0.043973
1469,0.044065
1470,0.043205
1471,0.043427
1472,0.043680
1473,0.044032
1474,0.045072
1475,0.043641
1476,0.044661
1477,0.044555
1478,0.044144
1479,0.043911
1480,0.043713
1481,0.043569
1482,0.044437
1483,0.044392
1484,0.044372
1485,0.043782
1486,0.043922
1487,0.044365
1488,0.043702
1489,0.044407
1490,0.087024
1491,0.043746
1492,0.044016
1493,0.044455
1494,0.043743
1495,0.044177
1496,0.043448
1497,0.044486
1498,0.044785
1499,0.043689
1500,0.043366
1501,0.043878
1502,0.043780
1503,0.087156
1504,0.087541
1505,0.044325
1506,0.087549
1507,0.085359
1508,0.087827
1509,0.087930
1510,0.087799
1511,0.088174
1512,0.088059
1513,0.088244
1514,0.088037
1515,0.043872
1516,0.087677
1517,0.088114
1518,0.087922
1519,0.087683
1520,0.088268
1521,0.088707
1522,0.087311
1523,0.087636
1524,0.044522
1525,0.043857
1526,0.088109
1527,0.088115
1528,0.088668
1529,0.087788
1530,0.086764
1531,0.044033
1532,0.087751
1533,0.087649
1534,0.043823
1535,0.044368
1536,0.044034
1537,0.087691
1538,0.044225
1539,0.044277
1540,0.043786
1541,0.044325
1542,0.046859
1543,0.043992
1544,0.043545
1545,0.044518
1546,0.043808
1547,0.043907
1548,0.043556
1549,0.044084
1550,0.044335
1551,0.043042
1552,0.043315
1553,0.043700
1554,0.043496
1555,0.043975
1556,0.043940
1557,0.044279
1558,0.043474
1559,0.045386
1560,0.043279
1561,0.043154
1562,0.044218
1563,0.043471
1564,0.044072
1565,0.043764
1566,0.043749
1567,0.043949
1568,0.043662
1569,0.044112
1570,0.043178
1571,0.044034
1572,0.043603
1573,0.043970
1574,0.043724
1575,0.043439
1576,0.043891
1577,0.043546
1578,0.043727
1579,0.043762
1580,0.044605
1581,0.043584
1582,0.043909
1583,0.043399
1584,0.043873
1585,0.045094
1586,0.043618
1587,0.043347
1588,0.043553
1589,0.044135
1590,0.043523
1591,0.044150
1592,0.043707
1593,0.044195
1594,0.043565
1595,0.043947
1596,0.043694
1597,0.044113
1598,0.032544
1599,0.043958
1600,0.087718
1601,0.044481
1602,0.043793
1603,0.043315
1604,0.044283
1605,0.043805
1606,0.044005
1607,0.044629
1608,0.043327
1609,0.044279
1610,0.044484
1611,0.043276
1612,0.086905
1613,0.043470
1614,0.089900
1615,0.045032
1616,0.088871
1617,0.044047
1618,0.089313
1619,0.045036
1620,0.045200
1621,0.043575
1622,0.088071
1623,0.044808
1624,0.043902
1625,0.045517
1626,0.075483
1627,0.043432
1628,0.044836
1629,0.044521
1630,0.044080
1631,0.043863
1632,0.054834
1633,0.045083
1634,0.044845
1635,0.044393
1636,0.044419
1637,0.044341
1638,0.044292
1639,0.044424
1640,0.044534
1641,0.044842
1642,0.047274
1643,0.047950
1644,0.048434
1645,0.048266
1646,0.048210
1647,0.049133
1648,0.047007
1649,0.048919
1650,0.049033
1651,0.048883
1652,0.049326
1653,0.049311
1654,0.049951
1655,0.049165
1656,0.048312
1657,0.049167
1658,0.049186
1659,0.048160
1660,0.048313
1661,0.049365
1662,0.046743
1663,0.048068
1664,0.046960
1665,0.044278
1666,0.045790
1667,0.044322
1668,0.044101
1669,0.045747
1670,0.044649
1671,0.044010
1672,0.048105
1673,0.049358
1674,0.048294
1675,0.049612
1676,0.049222
1677,0.049240
1678,0.048821
1679,0.048847
1680,0.046986
1681,0.048886
1682,0.049386
1683,0.049668
1684,0.048486
1685,0.047847
1686,0.049375
1687,0.048346
1688,0.048769
1689,0.049125
1690,0.048612
1691,0.048861
1692,0.049371
1693,0.057493
1694,0.037776
1695,0.037615
1696,0.033782
1697,0.043970
1698,0.044577
1699,0.044764
1700,0.044657
1701,0.044496
1702,0.043678
1703,0.044513
1704,0.044616
1705,0.043877
1706,0.043706
1707,0.044706
1708,0.044407
1709,0.045015
1710,0.044588
1711,0.045243
1712,0.045923
1713,0.044886
1714,0.044759
1715,0.045012
1716,0.089985
1717,0.045550
1718,0.045145
1719,0.045272
1720,0.044672
1721,0.044738
1722,0.044569
1723,0.044593
1724,0.044616
1725,0.044471
1726,0.045227
1727,0.044808
1728,0.044796
1729,0.045725
1730,0.045018
1731,0.044893
1732,0.043959
1733,0.044390
1734,0.044338
1735,0.044154
1736,0.044632
1737,0.045089
1738,0.044729
1739,0.044640
1740,0.044662
1741,0.044347
1742,0.044484
1743,0.044384
1744,0.044131
1745,0.044426
1746,0.044442
1747,0.044269
1748,0.044307
1749,0.044749
1750,0.044721
1751,0.049906
1752,0.036207
1753,0.047715
1754,0.047667
1755,0.048094
1756,0.047334
1757,0.049546
1758,0.049917
1759,0.048586
1760,0.048823
1761,0.048394
1762,0.048887
1763,0.048095
1764,0.047928
1765,0.048768
1766,0.048305
1767,0.048261
1768,0.047705
1769,0.048502
1770,0.048502
1771,0.048380
1772,0.048998
1773,0.048709
1774,0.045683
1775,0.045755
1776,0.045099
1777,0.044905
1778,0.048523
1779,0.047822
1780,0.048107
1781,0.048386
1782,0.048227
1783,0.049412
1784,0.048637
1785,0.047963
1786,0.049428
1787,0.048954
1788,0.048398
1789,0.049300
1790,0.048808
1791,0.048851
1792,0.048373
1793,0.048664
1794,0.048476
1795,0.047459
1796,0.048038
1797,0.048933
1798,0.048740
1799,0.048316
1800,0.047968
1801,0.048339
1802,0.059380
1803,0.044856
1804,0.045585
1805,0.045007
1806,0.046024
1807,0.045877
1808,0.044711
1809,0.045600
1810,0.045544
1811,0.045398
1812,0.036602
1813,0.033189
1814,0.033726
1815,0.033588
1816,0.033241
1817,0.033986
1818,0.033802
1819,0.033685
1820,0.033427
1821,0.033444
1822,0.033242
1823,0.033345
1824,0.033567
1825,0.033782
1826,0.034315
1827,0.033731
1828,0.034142
1829,0.034189
1830,0.033178
1831,0.034040
1832,0.033779
1833,0.033259
1834,0.033364
1835,0.033371
1836,0.033868
1837,0.033526
1838,0.033724
1839,0.033226
1840,0.033795
1841,0.033404
1842,0.033367
1843,0.066508
1844,0.033125
1845,0.033471
1846,0.033856
1847,0.033479
1848,0.033013
1849,0.034168
1850,0.034034
1851,0.033353
1852,0.033443
1853,0.033539
1854,0.033899
1855,0.033380
1856,0.033797
1857,0.033366
1858,0.033521
1859,0.033388
1860,0.033465
1861,0.067086
1862,0.033288
1863,0.033711
1864,0.033712
1865,0.067027
1866,0.033611
1867,0.033363
1868,0.033843
1869,0.033884
1870,0.033307
1871,0.034045
1872,0.066567
1873,0.033559
1874,0.033859
1875,0.033270
1876,0.033934
1877,0.034184
1878,0.033347
1879,0.033086
1880,0.033063
1881,0.067297
1882,0.033238
1883,0.033390
1884,0.033229
1885,0.033759
# total_episodes=1885, avg_seconds=0.058192
