# episode_index, seconds
1,0.011526
2,0.010551
3,0.011623
4,0.015668
5,0.013707
6,0.013944
7,0.009811
8,0.017194
9,0.010090
10,0.017141
11,0.008677
12,0.011044
13,0.012619
14,0.014593
15,0.012677
16,0.011693
17,0.015401
18,0.007297
19,0.014892
20,0.109843
21,0.195597
22,0.243622
23,0.143228
24,0.194735
25,0.143843
26,0.146196
27,0.143355
28,0.094982
29,0.099379
30,0.096505
31,0.147048
32,0.094129
33,0.143862
34,0.099161
35,0.143544
36,0.146042
37,0.093659
38,0.143331
39,0.050917
40,0.143871
41,0.094548
42,0.098597
43,0.143239
44,0.047986
45,0.097790
46,0.047381
47,0.047042
48,0.098409
49,0.048212
50,0.146191
51,0.050962
52,0.047517
53,0.146446
54,0.097467
55,0.047941
56,0.098397
57,0.047256
58,0.144123
59,0.047508
60,0.193424
61,0.196616
62,0.215231
63,0.081141
64,0.046247
65,0.038546
66,0.044948
67,0.031011
68,0.036472
69,0.043881
70,0.077445
71,0.031255
72,0.049083
73,0.034605
74,0.108270
75,0.030963
76,0.031038
77,0.031014
78,0.032844
79,0.046735
80,0.096751
81,0.091099
82,0.037592
83,0.047668
84,0.043217
85,0.073633
86,0.084767
87,0.060306
88,0.062564
89,0.027505
90,0.033240
91,0.031293
92,0.032158
93,0.046671
94,0.047684
95,0.038699
96,0.042498
97,0.033225
98,0.036493
99,0.119209
100,0.032858
101,0.047146
102,0.030576
103,0.045602
104,0.091513
105,0.046188
106,0.075555
107,0.046638
108,0.046054
109,0.046107
110,0.046496
111,0.092328
112,0.045734
113,0.088869
114,0.058787
115,0.046215
116,0.046707
117,0.046527
118,0.046125
119,0.045822
120,0.045615
121,0.043757
122,0.033627
123,0.036142
124,0.035925
125,0.036501
126,0.036912
127,0.036202
128,0.035978
129,0.072563
130,0.037065
131,0.073136
132,0.036751
133,0.034813
134,0.031133
135,0.032246
136,0.047060
137,0.046688
138,0.039525
139,0.044259
140,0.033091
141,0.036398
142,0.043493
143,0.036166
144,0.044374
145,0.041033
146,0.038648
147,0.047724
148,0.035022
149,0.037867
150,0.037808
151,0.037930
152,0.038297
153,0.037925
154,0.033772
155,0.035233
156,0.028765
157,0.029126
158,0.028479
159,0.029201
160,0.028837
161,0.028567
162,0.028092
163,0.028530
164,0.028304
165,0.028492
166,0.028111
167,0.035237
168,0.029368
169,0.028834
170,0.028613
171,0.057572
172,0.027692
173,0.028239
174,0.028573
175,0.028461
176,0.029629
177,0.032714
178,0.031596
179,0.028193
180,0.029486
181,0.029106
182,0.029572
183,0.029439
184,0.029597
185,0.029474
186,0.029181
187,0.029621
188,0.041759
189,0.044750
190,0.045984
191,0.046595
192,0.044768
193,0.045568
194,0.046074
195,0.047789
196,0.048186
197,0.095779
198,0.044931
199,0.043864
200,0.044810
201,0.043900
202,0.045091
203,0.044545
204,0.044310
205,0.045509
206,0.044174
207,0.043952
208,0.089493
209,0.088040
210,0.088659
211,0.089571
212,0.087175
213,0.087461
214,0.087595
215,0.088204
216,0.087266
217,0.084364
218,0.122830
219,0.094566
220,0.141717
221,0.097483
222,0.096913
223,0.096905
224,0.145269
225,0.143495
226,0.138491
227,0.132636
228,0.135605
229,0.140501
230,0.096636
231,0.094962
232,0.049168
233,0.095667
234,0.096100
235,0.096009
236,0.049718
237,0.045125
238,0.091790
239,0.048620
240,0.047730
241,0.044889
242,0.048472
243,0.046595
244,0.048333
245,0.047207
246,0.047783
247,0.048786
248,0.048342
249,0.045390
250,0.047106
251,0.048441
252,0.048279
253,0.048086
254,0.048197
255,0.048315
256,0.048543
257,0.048820
258,0.045858
259,0.047839
260,0.047784
261,0.049262
262,0.045446
263,0.049511
264,0.048802
265,0.049113
266,0.047429
267,0.048415
268,0.048249
269,0.046900
270,0.048768
271,0.048060
272,0.047205
273,0.049000
274,0.047534
275,0.048993
276,0.044469
277,0.044598
278,0.047084
279,0.048904
280,0.048355
281,0.045966
282,0.053578
283,0.043748
284,0.044454
285,0.090188
286,0.044653
287,0.044482
288,0.045784
289,0.045148
290,0.044729
291,0.044389
292,0.044514
293,0.046728
294,0.044785
295,0.045099
296,0.046186
297,0.049107
298,0.047529
299,0.049135
300,0.048512
301,0.045645
302,0.048702
303,0.048288
304,0.048705
305,0.047727
306,0.048870
307,0.048035
308,0.046212
309,0.048279
310,0.049227
311,0.048804
312,0.048619
313,0.048364
314,0.049144
315,0.048732
316,0.048517
317,0.049004
318,0.048735
319,0.048311
320,0.047915
321,0.047581
322,0.048623
323,0.048417
324,0.048635
325,0.048576
326,0.047996
327,0.048708
328,0.048444
329,0.048681
330,0.049240
331,0.048128
332,0.049379
333,0.048831
334,0.049451
335,0.048977
336,0.048716
337,0.048570
338,0.049172
339,0.049181
340,0.047725
341,0.049137
342,0.046872
343,0.047105
344,0.048416
345,0.049143
346,0.048997
347,0.048491
348,0.047858
349,0.048383
350,0.049061
351,0.048787
352,0.048470
353,0.047769
354,0.048985
355,0.048887
356,0.049410
357,0.096674
358,0.048309
359,0.097372
360,0.097229
361,0.096781
362,0.146720
363,0.194199
364,0.144344
365,0.193771
366,0.143818
367,0.195319
368,0.192966
369,0.144572
370,0.144723
371,0.145603
372,0.142677
373,0.142248
374,0.144930
375,0.142932
376,0.144360
377,0.141880
378,0.147088
379,0.145841
380,0.147439
381,0.192602
382,0.145371
383,0.144513
384,0.143976
385,0.145119
386,0.145390
387,0.094927
388,0.097440
389,0.097396
390,0.048918
391,0.049319
392,0.048475
393,0.049061
394,0.094813
395,0.048781
396,0.048614
397,0.047818
398,0.049254
399,0.048332
400,0.046016
401,0.047583
402,0.049176
403,0.047495
404,0.046915
405,0.048085
406,0.048117
407,0.048928
408,0.049104
409,0.046953
410,0.046907
411,0.049633
412,0.048246
413,0.048673
414,0.047076
415,0.047779
416,0.097375
417,0.047613
418,0.047907
419,0.047573
420,0.048596
421,0.048253
422,0.047706
423,0.047890
424,0.047739
425,0.047439
426,0.048951
427,0.046844
428,0.048335
429,0.049325
430,0.049027
431,0.049292
432,0.049425
433,0.049833
434,0.049545
435,0.049561
436,0.047862
437,0.048619
438,0.049063
439,0.048619
440,0.049338
441,0.048237
442,0.047088
443,0.048024
444,0.049306
445,0.048675
446,0.048979
447,0.049173
448,0.048231
449,0.048796
450,0.048221
451,0.048831
452,0.049323
453,0.049215
454,0.049094
455,0.048622
456,0.048011
457,0.049437
458,0.046275
459,0.046397
460,0.048534
461,0.048722
462,0.048921
463,0.048964
464,0.048702
465,0.048442
466,0.048637
467,0.049517
468,0.048825
469,0.047532
470,0.047291
471,0.049452
472,0.049685
473,0.045467
474,0.044864
475,0.045134
476,0.133194
477,0.044994
478,0.045013
479,0.045151
480,0.133105
481,0.175981
482,0.132487
483,0.088560
484,0.044662
485,0.043877
486,0.044388
487,0.044295
488,0.130858
489,0.045464
490,0.130764
491,0.047207
492,0.089608
493,0.044987
494,0.044392
495,0.133900
496,0.090422
497,0.181388
498,0.048656
499,0.046464
500,0.049076
501,0.044996
502,0.048438
503,0.048732
504,0.048096
505,0.044855
506,0.044834
507,0.045022
508,0.044308
509,0.178384
510,0.045105
511,0.044459
512,0.044944
513,0.044867
514,0.045503
515,0.043988
516,0.044055
517,0.044761
518,0.044427
519,0.044290
520,0.044569
521,0.043079
522,0.043634
523,0.043284
524,0.043311
525,0.044066
526,0.043665
527,0.043497
528,0.047389
529,0.044265
530,0.045294
531,0.045519
532,0.045455
533,0.044662
534,0.046587
535,0.045011
536,0.044626
537,0.058492
538,0.044318
539,0.044894
540,0.044791
541,0.045680
542,0.044013
543,0.045492
544,0.044933
545,0.046257
546,0.045235
547,0.048404
548,0.047919
549,0.047535
550,0.047169
551,0.045956
552,0.049139
553,0.045939
554,0.044780
555,0.044126
556,0.044579
557,0.044698
558,0.044823
559,0.044337
560,0.045006
561,0.045061
562,0.044531
563,0.044648
564,0.044602
565,0.044233
566,0.044254
567,0.044452
568,0.044259
569,0.043845
570,0.042958
571,0.043508
572,0.044132
573,0.044075
574,0.044097
575,0.046331
576,0.044024
577,0.045240
578,0.045179
579,0.045612
580,0.045025
581,0.044853
582,0.045789
583,0.045060
584,0.045766
585,0.048313
586,0.047940
587,0.047918
588,0.049268
589,0.047634
590,0.048303
591,0.047828
592,0.048882
593,0.167948
594,0.048389
595,0.047222
596,0.047739
597,0.047207
598,0.195923
599,0.192978
600,0.193523
601,0.048372
602,0.048473
603,0.047457
604,0.049107
605,0.044553
606,0.047945
607,0.047885
608,0.049172
609,0.047843
610,0.048065
611,0.047950
612,0.048236
613,0.047426
614,0.048336
615,0.047331
616,0.096564
617,0.144418
618,0.046028
619,0.145321
620,0.139501
621,0.045061
622,0.088621
623,0.136347
624,0.095397
625,0.143917
626,0.144406
627,0.145006
628,0.192375
629,0.048796
630,0.047777
631,0.047560
632,0.048419
633,0.047011
634,0.049045
635,0.048357
636,0.049315
637,0.048666
638,0.048632
639,0.045792
640,0.047447
641,0.047252
642,0.049252
643,0.048940
644,0.048912
645,0.048442
646,0.049019
647,0.047918
648,0.048841
649,0.194218
650,0.047233
651,0.047968
652,0.048233
653,0.048498
654,0.048489
655,0.047669
656,0.047723
657,0.049080
658,0.048270
659,0.049466
660,0.030528
661,0.044708
662,0.075605
663,0.047595
664,0.044529
665,0.045162
666,0.113712
667,0.070127
668,0.066373
669,0.046012
670,0.046157
671,0.045873
672,0.044831
673,0.059990
674,0.044714
675,0.044815
676,0.044944
677,0.044524
678,0.046362
679,0.045143
680,0.045402
681,0.048655
682,0.048333
683,0.048849
684,0.048652
685,0.048438
686,0.047875
687,0.048901
688,0.046470
689,0.048256
690,0.048529
691,0.045874
692,0.047626
693,0.047308
694,0.047198
695,0.032174
696,0.037471
697,0.044982
698,0.044669
699,0.043840
700,0.046747
701,0.041050
702,0.044466
703,0.044632
704,0.044625
705,0.041947
706,0.044814
707,0.103861
708,0.135737
709,0.146525
710,0.199556
711,0.189285
712,0.093546
713,0.045524
714,0.093179
715,0.045356
716,0.092653
717,0.095832
718,0.089944
719,0.046275
720,0.040297
721,0.088653
722,0.044199
723,0.044960
724,0.044772
725,0.045461
726,0.045790
727,0.090133
728,0.045323
729,0.046376
730,0.044830
731,0.089896
732,0.044986
733,0.046385
734,0.045784
735,0.044833
736,0.094603
737,0.096757
738,0.048456
739,0.143508
740,0.094173
741,0.146094
742,0.143907
743,0.093515
744,0.048226
745,0.184780
746,0.186338
747,0.190482
748,0.187614
749,0.144244
750,0.143605
751,0.195377
752,0.192449
753,0.141622
754,0.144926
755,0.144531
756,0.145132
757,0.145497
758,0.146181
759,0.145224
760,0.144753
761,0.143978
762,0.143683
763,0.142647
764,0.143226
765,0.137555
766,0.144996
767,0.145535
768,0.145937
769,0.141605
770,0.145992
771,0.145633
772,0.141804
773,0.146241
774,0.145115
775,0.141943
776,0.146026
777,0.145670
778,0.143171
779,0.190888
780,0.190731
781,0.195595
782,0.195773
783,0.191041
784,0.194911
785,0.142426
786,0.193603
787,0.144909
788,0.141863
789,0.188514
790,0.144011
791,0.144897
792,0.142455
793,0.143488
794,0.143574
795,0.143515
796,0.098545
797,0.145935
798,0.097402
799,0.095736
800,0.095326
801,0.088993
802,0.088772
803,0.089927
804,0.088074
805,0.044173
806,0.045217
807,0.089102
808,0.043633
809,0.044960
810,0.085055
811,0.044566
812,0.043335
813,0.044758
814,0.044008
815,0.043154
816,0.044167
817,0.044995
818,0.043133
819,0.044166
820,0.044171
821,0.044536
822,0.044338
823,0.044412
824,0.059868
825,0.044993
826,0.045291
827,0.045771
828,0.046058
829,0.045444
830,0.045322
831,0.045603
832,0.045283
833,0.044766
834,0.046179
835,0.045275
836,0.046070
837,0.046640
838,0.044945
839,0.045798
840,0.045333
841,0.048143
842,0.048875
843,0.047774
844,0.048878
845,0.047916
846,0.048903
847,0.046756
848,0.048364
849,0.046861
850,0.046624
851,0.048852
852,0.048833
853,0.049440
854,0.049267
855,0.049226
856,0.048530
857,0.047663
858,0.045759
859,0.048520
860,0.047631
861,0.049066
862,0.048254
863,0.048789
864,0.049015
865,0.048620
866,0.049133
867,0.049855
868,0.046582
869,0.046445
870,0.045391
871,0.044967
872,0.045998
873,0.048056
874,0.048844
875,0.048024
876,0.048989
877,0.047918
878,0.049081
879,0.048450
880,0.040231
881,0.043891
882,0.044464
883,0.045417
884,0.044235
885,0.044498
886,0.045287
887,0.044628
888,0.088963
889,0.063299
890,0.048492
891,0.078121
892,0.040294
893,0.089189
894,0.059160
895,0.048016
896,0.047903
897,0.095379
898,0.047793
899,0.049233
900,0.048795
901,0.048649
902,0.048358
903,0.046935
904,0.048908
905,0.045593
906,0.046011
907,0.046983
908,0.051752
909,0.045423
910,0.045445
911,0.046351
912,0.045757
913,0.045892
914,0.046204
915,0.046508
916,0.047828
917,0.043898
918,0.045089
919,0.044803
920,0.045202
921,0.045195
922,0.045064
923,0.047262
924,0.045242
925,0.049325
926,0.047448
927,0.048385
928,0.049249
929,0.047856
930,0.047994
931,0.048933
932,0.047520
933,0.049124
934,0.042657
935,0.035179
936,0.048235
937,0.048433
938,0.045316
939,0.048249
940,0.049243
941,0.046550
942,0.049831
943,0.049839
944,0.047200
945,0.047577
946,0.047642
947,0.048428
948,0.048962
949,0.047650
950,0.047572
951,0.048381
952,0.047066
953,0.048625
954,0.048924
955,0.046871
956,0.035004
957,0.044885
958,0.044513
959,0.044618
960,0.045412
961,0.045139
962,0.044920
963,0.044282
964,0.088782
965,0.136019
966,0.089107
967,0.088267
968,0.131857
969,0.089697
970,0.087980
971,0.081442
972,0.089382
973,0.045107
974,0.045919
975,0.045155
976,0.046015
977,0.045880
978,0.080839
979,0.044574
980,0.044956
981,0.043515
982,0.044323
983,0.044287
984,0.044442
985,0.045420
986,0.044069
987,0.043552
988,0.044041
989,0.044915
990,0.042663
991,0.044048
992,0.045071
993,0.046912
994,0.044272
995,0.045086
996,0.044098
997,0.045000
998,0.045620
999,0.045009
1000,0.044583
1001,0.049521
1002,0.044813
1003,0.048220
1004,0.047016
1005,0.045152
1006,0.044955
1007,0.045190
1008,0.044330
1009,0.044831
1010,0.045088
1011,0.046297
1012,0.044656
1013,0.044990
1014,0.044531
1015,0.044579
1016,0.044449
1017,0.045020
1018,0.043589
1019,0.044316
1020,0.044502
1021,0.045258
1022,0.044950
1023,0.044666
1024,0.044880
1025,0.045096
1026,0.044654
1027,0.044785
1028,0.045127
1029,0.045664
1030,0.045754
1031,0.041032
1032,0.044648
1033,0.043860
1034,0.044199
1035,0.044661
1036,0.043749
1037,0.044352
1038,0.044889
1039,0.043858
1040,0.043909
1041,0.044784
1042,0.033022
1043,0.040637
1044,0.044726
1045,0.047352
1046,0.047399
1047,0.047619
1048,0.047914
1049,0.047559
1050,0.047535
1051,0.048509
1052,0.048826
1053,0.049406
1054,0.048512
1055,0.048375
1056,0.049063
1057,0.048226
1058,0.049668
1059,0.047974
1060,0.047416
1061,0.048478
1062,0.048553
1063,0.048224
1064,0.042326
1065,0.046461
1066,0.044704
1067,0.045785
1068,0.050779
1069,0.048999
1070,0.048969
1071,0.047954
1072,0.048172
1073,0.049089
1074,0.047320
1075,0.047985
1076,0.048729
1077,0.049263
1078,0.048834
1079,0.048063
1080,0.047305
1081,0.048680
1082,0.048730
1083,0.048129
1084,0.048535
1085,0.048354
1086,0.053163
1087,0.049804
1088,0.044651
1089,0.046668
1090,0.046995
1091,0.048137
1092,0.048467
1093,0.048796
1094,0.048330
1095,0.048466
1096,0.048493
1097,0.048293
1098,0.049137
1099,0.048114
1100,0.047273
1101,0.048857
1102,0.048814
1103,0.049031
1104,0.047969
1105,0.048850
1106,0.048451
1107,0.049172
1108,0.047403
1109,0.046968
1110,0.048513
1111,0.047628
1112,0.048789
1113,0.048914
1114,0.047340
1115,0.048360
1116,0.048365
1117,0.048868
1118,0.049194
1119,0.048993
1120,0.048809
1121,0.048291
1122,0.049254
1123,0.048045
1124,0.049346
1125,0.049114
1126,0.094829
1127,0.049444
1128,0.046241
1129,0.049285
1130,0.049292
1131,0.047260
1132,0.048825
1133,0.047683
1134,0.048515
1135,0.048549
1136,0.047709
1137,0.048513
1138,0.049084
1139,0.049618
1140,0.048917
1141,0.048660
1142,0.048267
1143,0.047745
1144,0.047874
1145,0.047828
1146,0.048483
1147,0.049175
1148,0.048463
1149,0.048530
1150,0.047285
1151,0.046975
1152,0.048858
1153,0.047666
1154,0.048556
1155,0.048509
1156,0.048211
1157,0.048928
1158,0.048514
1159,0.049763
1160,0.049574
1161,0.048973
1162,0.048899
1163,0.047907
1164,0.048031
1165,0.048550
1166,0.048964
1167,0.047712
1168,0.047987
1169,0.048458
1170,0.048151
1171,0.048494
1172,0.047872
1173,0.049108
1174,0.047734
1175,0.048461
1176,0.047991
1177,0.046233
1178,0.048828
1179,0.048775
1180,0.049071
1181,0.046238
1182,0.048636
1183,0.048711
1184,0.048302
1185,0.095516
1186,0.048637
1187,0.048929
1188,0.048763
1189,0.047152
1190,0.049073
1191,0.048954
1192,0.048534
1193,0.048756
1194,0.049075
1195,0.047529
1196,0.048548
1197,0.048244
1198,0.048433
1199,0.048019
1200,0.048606
1201,0.048388
1202,0.046795
1203,0.048995
1204,0.048063
1205,0.046980
1206,0.044710
1207,0.047150
1208,0.046122
1209,0.047319
1210,0.044783
1211,0.047379
1212,0.048524
1213,0.047568
1214,0.047656
1215,0.047285
1216,0.044271
1217,0.044981
1218,0.043747
1219,0.045694
1220,0.043859
1221,0.044832
1222,0.046930
1223,0.041880
1224,0.041685
1225,0.045145
1226,0.040245
1227,0.041122
1228,0.044332
1229,0.044650
1230,0.043975
1231,0.044400
1232,0.044097
1233,0.043048
1234,0.047658
1235,0.043700
1236,0.044297
1237,0.045078
1238,0.046165
1239,0.045780
1240,0.046022
1241,0.032236
1242,0.044226
1243,0.044589
1244,0.044109
1245,0.043407
1246,0.043954
1247,0.043357
1248,0.044241
1249,0.046673
1250,0.044575
1251,0.044808
1252,0.043986
1253,0.045133
1254,0.045539
1255,0.045147
1256,0.046275
1257,0.045895
1258,0.045368
1259,0.047912
1260,0.049594
1261,0.048361
1262,0.048838
1263,0.046629
1264,0.048555
1265,0.048735
1266,0.048144
1267,0.049232
1268,0.046766
1269,0.048643
1270,0.048299
1271,0.049489
1272,0.048290
1273,0.049892
1274,0.048902
1275,0.048180
1276,0.048093
1277,0.047959
1278,0.047779
1279,0.049037
1280,0.046134
1281,0.049091
1282,0.047692
1283,0.048855
1284,0.047875
1285,0.049213
1286,0.047215
1287,0.049323
1288,0.046902
1289,0.048666
1290,0.048766
1291,0.049217
1292,0.047864
1293,0.049422
1294,0.047263
1295,0.047897
1296,0.047403
1297,0.048924
1298,0.047624
1299,0.048729
1300,0.048247
1301,0.048273
1302,0.048950
1303,0.049124
1304,0.048044
1305,0.049239
1306,0.047064
1307,0.049522
1308,0.046521
1309,0.046791
1310,0.048370
1311,0.049353
1312,0.048553
1313,0.047631
1314,0.047424
1315,0.049190
1316,0.047898
1317,0.048165
1318,0.047706
1319,0.049235
1320,0.047654
1321,0.049009
1322,0.047927
1323,0.049097
1324,0.046002
1325,0.048594
1326,0.046946
1327,0.048872
1328,0.048553
1329,0.049893
1330,0.048616
1331,0.049839
1332,0.048202
1333,0.048569
1334,0.047421
1335,0.046615
1336,0.046283
1337,0.049006
1338,0.048045
1339,0.049242
1340,0.048184
1341,0.049093
1342,0.047690
1343,0.047879
1344,0.047686
1345,0.049178
1346,0.047899
1347,0.048665
1348,0.048815
1349,0.048967
1350,0.048667
1351,0.048604
1352,0.049136
1353,0.049895
1354,0.048905
1355,0.049758
1356,0.047675
1357,0.048882
1358,0.047098
1359,0.048463
1360,0.048546
1361,0.049813
1362,0.048560
1363,0.046554
1364,0.044957
1365,0.044947
1366,0.044367
1367,0.044825
1368,0.044760
1369,0.045488
1370,0.044677
1371,0.045068
1372,0.044540
1373,0.045137
1374,0.044522
1375,0.045358
1376,0.045318
1377,0.045120
1378,0.044988
1379,0.044861
1380,0.044890
1381,0.044513
1382,0.044267
1383,0.044624
1384,0.044449
1385,0.044719
1386,0.044587
1387,0.043911
1388,0.044383
1389,0.044575
1390,0.043853
1391,0.044479
1392,0.044310
1393,0.044072
1394,0.043905
1395,0.044277
1396,0.045174
1397,0.044155
1398,0.044281
1399,0.044109
1400,0.044428
1401,0.043989
1402,0.044402
1403,0.043873
1404,0.044269
1405,0.044034
1406,0.044694
1407,0.044081
1408,0.044247
1409,0.044379
1410,0.044026
1411,0.044405
1412,0.044905
1413,0.043750
1414,0.043364
1415,0.043421
1416,0.043411
1417,0.043970
1418,0.043217
1419,0.043524
1420,0.043925
1421,0.043392
1422,0.043921
1423,0.044546
1424,0.046168
1425,0.044821
1426,0.045417
1427,0.044566
1428,0.045236
1429,0.045351
1430,0.044987
1431,0.046167
1432,0.044951
1433,0.045164
1434,0.048395
1435,0.048341
1436,0.048988
1437,0.048005
1438,0.048948
1439,0.048442
1440,0.048375
1441,0.048893
1442,0.049721
1443,0.048427
1444,0.046815
1445,0.044685
1446,0.044979
1447,0.048255
1448,0.048964
1449,0.049172
1450,0.048355
1451,0.048292
1452,0.045126
1453,0.049028
1454,0.047859
1455,0.046245
1456,0.048378
1457,0.046519
1458,0.047454
1459,0.049414
1460,0.049837
1461,0.046503
1462,0.044914
1463,0.095640
1464,0.048042
1465,0.045909
1466,0.039343
1467,0.044780
1468,0.044643
1469,0.044329
1470,0.046176
1471,0.045438
1472,0.045064
1473,0.046708
1474,0.045088
1475,0.048975
1476,0.049108
1477,0.044409
1478,0.048089
1479,0.047541
1480,0.048958
1481,0.048320
1482,0.049294
1483,0.047662
1484,0.048225
1485,0.044951
1486,0.048189
1487,0.047784
1488,0.048833
1489,0.049508
1490,0.048978
1491,0.048358
1492,0.050132
1493,0.049294
1494,0.048805
1495,0.049275
1496,0.047966
1497,0.048750
1498,0.048913
1499,0.049124
1500,0.048169
1501,0.049570
1502,0.048462
1503,0.046327
1504,0.048549
1505,0.050004
1506,0.049871
1507,0.048805
1508,0.049906
1509,0.049157
1510,0.049644
1511,0.048365
1512,0.048493
1513,0.048873
1514,0.049635
1515,0.049656
1516,0.048982
1517,0.048857
1518,0.048994
1519,0.048243
1520,0.048609
1521,0.048878
1522,0.049001
1523,0.049132
1524,0.048622
1525,0.049626
1526,0.048648
1527,0.048550
1528,0.048602
1529,0.049198
1530,0.049281
1531,0.048804
1532,0.049188
1533,0.049765
1534,0.049502
1535,0.047846
1536,0.048741
1537,0.048207
1538,0.048298
1539,0.048985
1540,0.049205
1541,0.048864
1542,0.048455
1543,0.049332
1544,0.049407
1545,0.049038
1546,0.048959
1547,0.048504
1548,0.048792
1549,0.049410
1550,0.049065
1551,0.048445
1552,0.048551
1553,0.048705
1554,0.097081
1555,0.048533
1556,0.096002
1557,0.096656
1558,0.098306
1559,0.097686
1560,0.096767
1561,0.091891
1562,0.089878
1563,0.092658
1564,0.089958
1565,0.048722
1566,0.096820
1567,0.098414
1568,0.097174
1569,0.097873
1570,0.097660
1571,0.094608
1572,0.048337
1573,0.096691
1574,0.098305
1575,0.049635
1576,0.048976
1577,0.048578
1578,0.048111
1579,0.048947
1580,0.047246
1581,0.048709
1582,0.049650
1583,0.047800
1584,0.049695
1585,0.048526
1586,0.049263
1587,0.048574
1588,0.049212
1589,0.048531
1590,0.049805
1591,0.048305
1592,0.048797
1593,0.047476
1594,0.096887
1595,0.048813
1596,0.096256
1597,0.097873
1598,0.145659
1599,0.096651
1600,0.137728
1601,0.139132
1602,0.100820
1603,0.139498
1604,0.136277
1605,0.135503
1606,0.143265
1607,0.145217
1608,0.144677
1609,0.094511
1610,0.139356
1611,0.145341
1612,0.145332
1613,0.095541
1614,0.049164
1615,0.048112
1616,0.049699
1617,0.048707
1618,0.049705
1619,0.045051
1620,0.048710
1621,0.048747
1622,0.048292
1623,0.047658
1624,0.048928
1625,0.046507
1626,0.048954
1627,0.048727
1628,0.046882
1629,0.049065
1630,0.048271
1631,0.049093
1632,0.049403
1633,0.048312
1634,0.046028
1635,0.048729
1636,0.049258
1637,0.048761
1638,0.047544
1639,0.047877
1640,0.048993
1641,0.048943
1642,0.049357
1643,0.048422
1644,0.049417
1645,0.048960
1646,0.048189
1647,0.048670
1648,0.065747
1649,0.044472
1650,0.043998
1651,0.044385
1652,0.044895
1653,0.045397
1654,0.045018
1655,0.044599
1656,0.044567
1657,0.044923
1658,0.045844
1659,0.045957
1660,0.046005
1661,0.046410
1662,0.047826
1663,0.049435
1664,0.048240
1665,0.049007
1666,0.048524
1667,0.048411
1668,0.046286
1669,0.047134
1670,0.048541
1671,0.048524
1672,0.048309
1673,0.047102
1674,0.045874
1675,0.048263
1676,0.047101
1677,0.047843
1678,0.045963
1679,0.045616
1680,0.046135
1681,0.048119
1682,0.047228
1683,0.048069
1684,0.047686
1685,0.047514
1686,0.048165
1687,0.048341
1688,0.048984
1689,0.048178
1690,0.048220
1691,0.047816
1692,0.048701
1693,0.047243
1694,0.046154
1695,0.044827
1696,0.044833
1697,0.044566
1698,0.044626
1699,0.044577
1700,0.044677
1701,0.044902
1702,0.044512
1703,0.044646
1704,0.044449
1705,0.044266
1706,0.045201
1707,0.045067
1708,0.044659
1709,0.044120
1710,0.044314
1711,0.044526
1712,0.045293
1713,0.047833
1714,0.048249
1715,0.048896
1716,0.048069
1717,0.049412
1718,0.048661
1719,0.047288
1720,0.047914
1721,0.047927
1722,0.049446
1723,0.048741
1724,0.048030
1725,0.045545
1726,0.045743
1727,0.046591
1728,0.044741
1729,0.045056
1730,0.043796
1731,0.044922
1732,0.044805
1733,0.046254
1734,0.044703
1735,0.044109
1736,0.046429
1737,0.045457
1738,0.044229
1739,0.044340
1740,0.044025
1741,0.044919
1742,0.044214
1743,0.043293
1744,0.043784
1745,0.046862
1746,0.044138
1747,0.044723
1748,0.044573
1749,0.043793
1750,0.043934
1751,0.044793
1752,0.044486
1753,0.045592
1754,0.043525
1755,0.044730
1756,0.044567
1757,0.046624
1758,0.044389
1759,0.045382
1760,0.047312
1761,0.048675
1762,0.048593
1763,0.046487
1764,0.047839
1765,0.046777
1766,0.048864
1767,0.049476
1768,0.048269
1769,0.048330
1770,0.048313
1771,0.048721
1772,0.048428
1773,0.049129
1774,0.048085
1775,0.047782
1776,0.048209
1777,0.048552
1778,0.048556
1779,0.047339
1780,0.048436
1781,0.048922
1782,0.048782
1783,0.049751
1784,0.048752
1785,0.097289
1786,0.049611
1787,0.047357
1788,0.047759
1789,0.049404
1790,0.096293
1791,0.097166
1792,0.048630
1793,0.096834
1794,0.097394
1795,0.094285
1796,0.096914
1797,0.095179
1798,0.096020
1799,0.096150
1800,0.095961
1801,0.048653
1802,0.049194
1803,0.048844
1804,0.049480
1805,0.048555
1806,0.048335
1807,0.048661
1808,0.048592
1809,0.049055
1810,0.047325
1811,0.044695
1812,0.045143
1813,0.046672
1814,0.047142
1815,0.048412
1816,0.048614
1817,0.048983
1818,0.047750
1819,0.048582
1820,0.047060
1821,0.048362
1822,0.048536
1823,0.047357
1824,0.045989
1825,0.049388
1826,0.126987
1827,0.044024
1828,0.044798
1829,0.043980
1830,0.044028
1831,0.043877
1832,0.043864
1833,0.044295
1834,0.044209
1835,0.044210
1836,0.044289
1837,0.044128
1838,0.043586
1839,0.043534
1840,0.043235
1841,0.043465
1842,0.043799
1843,0.043586
1844,0.045165
1845,0.046244
1846,0.044079
1847,0.043437
1848,0.045013
1849,0.044186
1850,0.044229
1851,0.043677
1852,0.045646
1853,0.044920
1854,0.044816
1855,0.044498
1856,0.046041
1857,0.045277
1858,0.045181
1859,0.048165
1860,0.048193
1861,0.044193
1862,0.047718
1863,0.048296
1864,0.048757
1865,0.049377
1866,0.049049
1867,0.048453
1868,0.047543
1869,0.081682
1870,0.044313
1871,0.043975
1872,0.043853
1873,0.044280
1874,0.044373
1875,0.043911
1876,0.044251
1877,0.043898
1878,0.044165
1879,0.044205
1880,0.043613
1881,0.044260
1882,0.044132
1883,0.043710
1884,0.044737
1885,0.043914
1886,0.044374
1887,0.044269
1888,0.044374
1889,0.043809
1890,0.044086
1891,0.043841
1892,0.044330
1893,0.044063
1894,0.043717
1895,0.043769
1896,0.044467
1897,0.044457
1898,0.044438
1899,0.044077
1900,0.044036
1901,0.044476
1902,0.043744
1903,0.044656
1904,0.043859
1905,0.041981
1906,0.032610
1907,0.042992
1908,0.042772
1909,0.043623
1910,0.044135
1911,0.046263
1912,0.045218
1913,0.044615
1914,0.044200
1915,0.043953
1916,0.044297
1917,0.045399
1918,0.044327
1919,0.045255
1920,0.036387
1921,0.046485
1922,0.044103
1923,0.044548
1924,0.044831
1925,0.044233
1926,0.045251
1927,0.045041
1928,0.045539
1929,0.046322
1930,0.044999
1931,0.045490
1932,0.045778
1933,0.048762
1934,0.049456
1935,0.048448
1936,0.049050
1937,0.049621
1938,0.048976
1939,0.048959
1940,0.047739
1941,0.049381
# total_episodes=1941, avg_seconds=0.057649
