# episode_index, seconds
1,0.009869
2,0.006406
3,0.007952
4,0.008204
5,0.003332
6,0.004978
7,0.004699
8,0.003264
9,0.001972
10,0.001598
11,0.009612
12,0.009498
13,0.004936
14,0.001583
15,0.001987
16,0.003232
17,0.001912
18,0.006489
19,0.001851
20,0.001618
21,0.002149
22,0.003303
23,0.008164
24,0.001835
25,0.003293
26,0.003384
27,0.009521
28,0.001828
29,0.003464
30,0.004898
31,0.001629
32,0.005171
33,0.001932
34,0.003511
35,0.003415
36,0.011268
37,0.006433
38,0.001843
39,0.001589
40,0.001984
41,0.003440
42,0.008029
43,0.003257
44,0.001910
45,0.009710
46,0.003269
47,0.098455
48,0.085400
49,0.086805
50,0.041611
51,0.174525
52,0.086540
53,0.043372
54,0.086802
55,0.042715
56,0.042991
57,0.042941
58,0.043662
59,0.042600
60,0.043498
61,0.043464
62,0.042623
63,0.043292
64,0.043780
65,0.042876
66,0.042507
67,0.042946
68,0.043854
69,0.043584
70,0.042403
71,0.087077
72,0.042909
73,0.042704
74,0.044565
75,0.042669
76,0.042827
77,0.043697
78,0.041705
79,0.042677
80,0.043408
81,0.043790
82,0.042596
83,0.042650
84,0.042821
85,0.043569
86,0.041995
87,0.042480
88,0.042451
89,0.043982
90,0.043435
91,0.042945
92,0.043613
93,0.042450
94,0.042653
95,0.042623
96,0.085501
97,0.043004
98,0.042777
99,0.043450
100,0.042017
101,0.042581
102,0.042793
103,0.043856
104,0.043302
105,0.043184
106,0.043529
107,0.042069
108,0.042653
109,0.042592
110,0.043814
111,0.084597
112,0.042681
113,0.043600
114,0.043309
115,0.086760
116,0.042703
117,0.043044
118,0.042371
119,0.043306
120,0.041646
121,0.085546
122,0.043091
123,0.128232
124,0.042351
125,0.043623
126,0.042688
127,0.042099
128,0.042076
129,0.041983
130,0.043818
131,0.042632
132,0.042193
133,0.044196
134,0.072172
135,0.043764
136,0.042769
137,0.035531
138,0.043124
139,0.036650
140,0.030116
141,0.031697
142,0.046046
143,0.045952
144,0.037727
145,0.042994
146,0.035883
147,0.030315
148,0.030224
149,0.031023
150,0.044707
151,0.046783
152,0.038163
153,0.043983
154,0.035188
155,0.037598
156,0.037610
157,0.038165
158,0.037778
159,0.037532
160,0.033667
161,0.030122
162,0.029532
163,0.033437
164,0.038717
165,0.038600
166,0.037571
167,0.037415
168,0.037526
169,0.038003
170,0.037129
171,0.037058
172,0.038008
173,0.038000
174,0.037475
175,0.038023
176,0.036708
177,0.037386
178,0.038616
179,0.032860
180,0.031656
181,0.028193
182,0.027837
183,0.027999
184,0.028943
185,0.028162
186,0.027665
187,0.056215
188,0.027603
189,0.027986
190,0.027673
191,0.027379
192,0.027742
193,0.027667
194,0.027676
195,0.027785
196,0.027985
197,0.027731
198,0.027712
199,0.027641
200,0.027642
201,0.027630
202,0.027667
203,0.027902
204,0.032233
205,0.029049
206,0.027879
207,0.027937
208,0.027953
209,0.028031
210,0.027777
211,0.028117
212,0.027327
213,0.027995
214,0.028240
215,0.028083
216,0.027811
217,0.027790
218,0.056167
219,0.027904
220,0.055801
221,0.028249
222,0.028103
223,0.030370
224,0.032016
225,0.030930
226,0.056700
227,0.029043
228,0.028810
229,0.057525
230,0.085296
231,0.031513
232,0.133115
233,0.136867
234,0.094255
235,0.095012
236,0.095994
237,0.094215
238,0.091324
239,0.097297
240,0.047777
241,0.047854
242,0.048301
243,0.048727
244,0.047711
245,0.048131
246,0.048020
247,0.048445
248,0.050022
249,0.045419
250,0.047498
251,0.048727
252,0.048167
253,0.047420
254,0.096278
255,0.046914
256,0.044244
257,0.043782
258,0.046766
259,0.048362
260,0.047804
261,0.047688
262,0.049102
263,0.049315
264,0.048889
265,0.047890
266,0.047808
267,0.048775
268,0.047661
269,0.047770
270,0.045906
271,0.048771
272,0.048702
273,0.048739
274,0.048851
275,0.048838
276,0.048783
277,0.048311
278,0.048929
279,0.048895
280,0.045904
281,0.048502
282,0.048856
283,0.048747
284,0.049548
285,0.048392
286,0.047494
287,0.048632
288,0.048206
289,0.047749
290,0.048201
291,0.047473
292,0.050194
293,0.044058
294,0.044070
295,0.043855
296,0.043545
297,0.044897
298,0.043573
299,0.044404
300,0.043478
301,0.043574
302,0.043420
303,0.043768
304,0.043665
305,0.043947
306,0.043091
307,0.043456
308,0.044139
309,0.042891
310,0.044517
311,0.044130
312,0.044729
313,0.045359
314,0.044415
315,0.044158
316,0.046259
317,0.045002
318,0.044357
319,0.048157
320,0.049057
321,0.048367
322,0.044883
323,0.047324
324,0.046614
325,0.048469
326,0.046779
327,0.048230
328,0.045007
329,0.043683
330,0.044132
331,0.045015
332,0.047745
333,0.046210
334,0.043810
335,0.044106
336,0.044406
337,0.044369
338,0.044677
339,0.043658
340,0.044147
341,0.044407
342,0.043230
343,0.047777
344,0.048721
345,0.047559
346,0.047747
347,0.048523
348,0.048133
349,0.048694
350,0.048180
351,0.048777
352,0.047863
353,0.048879
354,0.047261
355,0.047885
356,0.048930
357,0.048585
358,0.048153
359,0.048411
360,0.145715
361,0.048968
362,0.049035
363,0.095905
364,0.049151
365,0.048379
366,0.048991
367,0.048765
368,0.144332
369,0.048972
370,0.048814
371,0.049307
372,0.046266
373,0.048773
374,0.047647
375,0.047779
376,0.048239
377,0.048602
378,0.049115
379,0.048339
380,0.049030
381,0.047893
382,0.046840
383,0.048492
384,0.048725
385,0.048742
386,0.048585
387,0.048959
388,0.048265
389,0.048481
390,0.049194
391,0.049032
392,0.046994
393,0.049141
394,0.048777
395,0.048581
396,0.048897
397,0.047304
398,0.048226
399,0.048169
400,0.047913
401,0.047730
402,0.048310
403,0.049212
404,0.048117
405,0.048950
406,0.047258
407,0.046615
408,0.048218
409,0.047895
410,0.048386
411,0.047266
412,0.048271
413,0.048614
414,0.047413
415,0.049122
416,0.047707
417,0.045535
418,0.047310
419,0.048978
420,0.047989
421,0.047396
422,0.048355
423,0.048498
424,0.049107
425,0.048433
426,0.048416
427,0.047775
428,0.048469
429,0.049106
430,0.047881
431,0.047548
432,0.048116
433,0.048210
434,0.047197
435,0.048549
436,0.048428
437,0.049372
438,0.048022
439,0.047875
440,0.047673
441,0.047878
442,0.047471
443,0.048838
444,0.048182
445,0.048282
446,0.048167
447,0.048647
448,0.048945
449,0.048862
450,0.044059
451,0.044318
452,0.043444
453,0.043683
454,0.086771
455,0.044187
456,0.044020
457,0.043520
458,0.095392
459,0.048320
460,0.049338
461,0.048478
462,0.048629
463,0.049130
464,0.095219
465,0.047832
466,0.048135
467,0.049043
468,0.048222
469,0.048838
470,0.048311
471,0.049273
472,0.048789
473,0.048545
474,0.048270
475,0.047515
476,0.048816
477,0.048179
478,0.048034
479,0.048887
480,0.048561
481,0.048620
482,0.048637
483,0.048924
484,0.046948
485,0.049249
486,0.049105
487,0.047871
488,0.048312
489,0.047590
490,0.047502
491,0.048782
492,0.048951
493,0.048226
494,0.049510
495,0.049338
496,0.048628
497,0.097356
498,0.048680
499,0.144085
500,0.145087
501,0.144238
502,0.193730
503,0.144962
504,0.140822
505,0.144140
506,0.191993
507,0.191858
508,0.144010
509,0.096747
510,0.047922
511,0.048324
512,0.048397
513,0.096490
514,0.048042
515,0.048713
516,0.048710
517,0.048302
518,0.048854
519,0.097944
520,0.048462
521,0.049063
522,0.048650
523,0.047967
524,0.097535
525,0.048140
526,0.048051
527,0.048201
528,0.048661
529,0.048029
530,0.047968
531,0.048761
532,0.047218
533,0.047621
534,0.048097
535,0.048394
536,0.048515
537,0.046657
538,0.048413
539,0.046563
540,0.049346
541,0.048495
542,0.144042
543,0.143356
544,0.186725
545,0.142342
546,0.194265
547,0.191994
548,0.144684
549,0.146321
550,0.192125
551,0.094627
552,0.096192
553,0.095453
554,0.095636
555,0.049405
556,0.048697
557,0.096340
558,0.048555
559,0.049026
560,0.047722
561,0.047946
562,0.048559
563,0.048710
564,0.049181
565,0.046953
566,0.047979
567,0.048699
568,0.049503
569,0.048442
570,0.047742
571,0.048688
572,0.048802
573,0.048472
574,0.048380
575,0.048517
576,0.048299
577,0.048565
578,0.047401
579,0.048378
580,0.048895
581,0.048229
582,0.049337
583,0.048640
584,0.048717
585,0.047656
586,0.047787
587,0.047703
588,0.046040
589,0.048448
590,0.047552
591,0.048738
592,0.047197
593,0.048827
594,0.047789
595,0.048851
596,0.047744
597,0.048675
598,0.048113
599,0.048055
600,0.048379
601,0.048267
602,0.048416
603,0.043589
604,0.048672
605,0.047750
606,0.048162
607,0.047994
608,0.093407
609,0.048186
610,0.048213
611,0.048801
612,0.048191
613,0.048060
614,0.048380
615,0.048615
616,0.049057
617,0.045636
618,0.048766
619,0.049255
620,0.048057
621,0.048953
622,0.048081
623,0.047969
624,0.048529
625,0.047574
626,0.047945
627,0.047878
628,0.048824
629,0.048867
630,0.049184
631,0.049061
632,0.047421
633,0.092203
634,0.047914
635,0.048531
636,0.048652
637,0.049057
638,0.095646
639,0.048364
640,0.097124
641,0.049778
642,0.049273
643,0.048179
644,0.048891
645,0.047618
646,0.047973
647,0.047375
648,0.048126
649,0.047068
650,0.046662
651,0.048889
652,0.048715
653,0.047697
654,0.048547
655,0.047626
656,0.047752
657,0.048113
658,0.048762
659,0.048838
660,0.047078
661,0.049324
662,0.048228
663,0.048153
664,0.049083
665,0.047293
666,0.045814
667,0.048808
668,0.046539
669,0.044850
670,0.047738
671,0.048238
672,0.047741
673,0.048654
674,0.048318
675,0.043603
676,0.044620
677,0.047703
678,0.048660
679,0.046100
680,0.044889
681,0.044410
682,0.043802
683,0.048042
684,0.048330
685,0.047744
686,0.044886
687,0.044449
688,0.047602
689,0.048848
690,0.045132
691,0.044090
692,0.043549
693,0.044666
694,0.047527
695,0.048569
696,0.045912
697,0.049332
698,0.049269
699,0.048961
700,0.047800
701,0.048692
702,0.048157
703,0.049150
704,0.048088
705,0.049093
706,0.049086
707,0.048934
708,0.047343
709,0.048966
710,0.049029
711,0.049133
712,0.048435
713,0.048863
714,0.047953
715,0.145878
716,0.145026
717,0.048446
718,0.048370
719,0.095344
720,0.047044
721,0.191801
722,0.097141
723,0.189967
724,0.048153
725,0.191740
726,0.144640
727,0.047850
728,0.048677
729,0.047666
730,0.046679
731,0.094417
732,0.142389
733,0.144911
734,0.048055
735,0.048694
736,0.048244
737,0.048534
738,0.048786
739,0.048674
740,0.048447
741,0.048239
742,0.046670
743,0.048458
744,0.048509
745,0.048740
746,0.046721
747,0.048860
748,0.047394
749,0.048572
750,0.048981
751,0.048514
752,0.048212
753,0.046697
754,0.048491
755,0.048934
756,0.047665
757,0.048503
758,0.048528
759,0.048412
760,0.049186
761,0.047480
762,0.047982
763,0.048731
764,0.049051
765,0.048725
766,0.048611
767,0.047538
768,0.048122
769,0.048148
770,0.047645
771,0.048229
772,0.048144
773,0.049026
774,0.048449
775,0.047126
776,0.049143
777,0.049134
778,0.048394
779,0.048515
780,0.048541
781,0.047876
782,0.048408
783,0.048005
784,0.048625
785,0.047632
786,0.048522
787,0.047362
788,0.048793
789,0.048370
790,0.047965
791,0.048178
792,0.048710
793,0.047955
794,0.048921
795,0.048837
796,0.047650
797,0.048158
798,0.048142
799,0.048407
800,0.048565
801,0.047748
802,0.049087
803,0.048353
804,0.145501
805,0.047699
806,0.048626
807,0.049436
808,0.048104
809,0.045909
810,0.048739
811,0.048268
812,0.048633
813,0.049325
814,0.046297
815,0.048323
816,0.048806
817,0.047400
818,0.048016
819,0.048960
820,0.047586
821,0.141821
822,0.048002
823,0.047580
824,0.048763
825,0.048922
826,0.140270
827,0.044774
828,0.095696
829,0.043279
830,0.043702
831,0.048077
832,0.047908
833,0.049080
834,0.048059
835,0.048942
836,0.048950
837,0.047653
838,0.047205
839,0.047804
840,0.048328
841,0.048964
842,0.048941
843,0.048510
844,0.048439
845,0.145586
846,0.049119
847,0.048455
848,0.048178
849,0.048780
850,0.048196
851,0.045931
852,0.140304
853,0.048425
854,0.046338
855,0.094845
856,0.047517
857,0.043522
858,0.043476
859,0.087491
860,0.043613
861,0.044323
862,0.142458
863,0.047562
864,0.048101
865,0.047712
866,0.048340
867,0.049109
868,0.048877
869,0.145774
870,0.048462
871,0.049337
872,0.049110
873,0.049079
874,0.048385
875,0.049306
876,0.049110
877,0.047219
878,0.047810
879,0.142556
880,0.048294
881,0.048381
882,0.046838
883,0.046925
884,0.048917
885,0.048473
886,0.048849
887,0.048298
888,0.048915
889,0.049144
890,0.046785
891,0.048878
892,0.048135
893,0.048320
894,0.048098
895,0.048545
896,0.049232
897,0.047678
898,0.048779
899,0.048935
900,0.048208
901,0.048128
902,0.048586
903,0.048800
904,0.048697
905,0.046853
906,0.048620
907,0.048455
908,0.048108
909,0.047713
910,0.049747
911,0.049041
912,0.046905
913,0.048238
914,0.049308
915,0.145216
916,0.048087
917,0.049167
918,0.048385
919,0.047728
920,0.049146
921,0.047179
922,0.048819
923,0.048035
924,0.048251
925,0.049151
926,0.049004
927,0.046999
928,0.048897
929,0.048105
930,0.048261
931,0.048085
932,0.048541
933,0.048314
934,0.048539
935,0.048241
936,0.048611
937,0.048488
938,0.049208
939,0.048562
940,0.047614
941,0.047346
942,0.048263
943,0.048443
944,0.048832
945,0.048525
946,0.046747
947,0.048149
948,0.048262
949,0.048728
950,0.049456
951,0.048374
952,0.048536
953,0.047916
954,0.048454
955,0.049120
956,0.046808
957,0.048568
958,0.048660
959,0.048425
960,0.049021
961,0.046338
962,0.144695
963,0.045294
964,0.049220
965,0.048911
966,0.049361
967,0.049374
968,0.049462
969,0.049029
970,0.047903
971,0.144433
972,0.049477
973,0.047341
974,0.049201
975,0.146242
976,0.047337
977,0.048253
978,0.048857
979,0.193658
980,0.048901
981,0.048604
982,0.190176
983,0.049111
984,0.048339
985,0.047982
986,0.049616
987,0.049135
988,0.049177
989,0.047865
990,0.048477
991,0.048223
992,0.048683
993,0.048933
994,0.048542
995,0.049040
996,0.049065
997,0.048795
998,0.047455
999,0.048159
1000,0.048223
1001,0.049191
1002,0.047459
1003,0.048144
1004,0.049073
1005,0.048028
1006,0.048713
1007,0.048607
1008,0.047527
1009,0.047907
1010,0.048406
1011,0.049663
1012,0.047678
1013,0.047843
1014,0.048060
1015,0.048408
1016,0.048560
1017,0.095380
1018,0.048286
1019,0.048512
1020,0.048602
1021,0.048711
1022,0.048367
1023,0.048187
1024,0.049180
1025,0.049053
1026,0.047451
1027,0.048698
1028,0.048795
1029,0.049065
1030,0.048692
1031,0.048316
1032,0.043751
1033,0.044071
1034,0.046968
1035,0.045358
1036,0.048861
1037,0.047676
1038,0.047524
1039,0.046417
1040,0.046290
1041,0.048330
1042,0.046861
1043,0.045178
1044,0.047719
1045,0.088489
1046,0.043905
1047,0.045275
1048,0.047705
1049,0.047672
1050,0.037040
1051,0.037357
1052,0.048300
1053,0.047949
1054,0.048021
1055,0.048410
1056,0.048555
1057,0.048737
1058,0.048734
1059,0.047063
1060,0.048086
1061,0.047892
1062,0.048573
1063,0.048577
1064,0.048384
1065,0.048659
1066,0.048742
1067,0.048701
1068,0.047857
1069,0.048422
1070,0.047164
1071,0.047926
1072,0.047313
1073,0.046734
1074,0.047958
1075,0.048816
1076,0.049287
1077,0.047774
1078,0.048265
1079,0.048026
1080,0.048455
1081,0.047806
1082,0.049325
1083,0.048325
1084,0.047636
1085,0.047349
1086,0.048857
1087,0.046152
1088,0.048333
1089,0.048798
1090,0.048466
1091,0.048290
1092,0.048305
1093,0.049193
1094,0.048840
1095,0.049406
1096,0.048234
1097,0.049516
1098,0.049482
1099,0.049036
1100,0.097155
1101,0.048164
1102,0.047449
1103,0.095974
1104,0.049481
1105,0.048485
1106,0.049035
1107,0.048345
1108,0.048035
1109,0.048733
1110,0.096877
1111,0.048571
1112,0.094688
1113,0.048163
1114,0.047454
1115,0.048912
1116,0.047857
1117,0.047385
1118,0.048660
1119,0.048134
1120,0.048561
1121,0.049269
1122,0.049045
1123,0.048585
1124,0.047434
1125,0.049109
1126,0.049005
1127,0.048191
1128,0.049483
1129,0.047805
1130,0.048072
1131,0.048872
1132,0.048694
1133,0.048470
1134,0.048204
1135,0.048710
1136,0.049494
1137,0.048822
1138,0.048651
1139,0.047978
1140,0.048636
1141,0.047993
1142,0.048573
1143,0.047444
1144,0.048276
1145,0.047201
1146,0.047817
1147,0.047557
1148,0.049447
1149,0.047116
1150,0.047692
1151,0.048394
1152,0.049121
1153,0.047482
1154,0.048890
1155,0.049500
1156,0.049287
1157,0.048842
1158,0.048944
1159,0.048850
1160,0.048418
1161,0.049118
1162,0.048322
1163,0.049004
1164,0.047984
1165,0.048193
1166,0.049022
1167,0.049066
1168,0.049336
1169,0.049129
1170,0.048548
1171,0.035020
1172,0.041584
1173,0.044761
1174,0.047195
1175,0.049153
1176,0.048180
1177,0.047598
1178,0.047439
1179,0.047575
1180,0.049189
1181,0.048476
1182,0.048741
1183,0.048382
1184,0.047209
1185,0.048006
1186,0.048970
1187,0.048417
1188,0.048228
1189,0.092333
1190,0.095902
1191,0.049936
1192,0.044062
1193,0.044415
1194,0.044059
1195,0.044152
1196,0.043792
1197,0.043480
1198,0.091443
1199,0.048841
1200,0.048461
1201,0.049708
1202,0.046940
1203,0.045543
1204,0.048078
1205,0.048608
1206,0.048711
1207,0.047101
1208,0.048135
1209,0.049073
1210,0.048240
1211,0.048651
1212,0.049371
1213,0.049027
1214,0.048416
1215,0.048193
1216,0.048418
1217,0.048893
1218,0.048858
1219,0.047513
1220,0.048304
1221,0.048100
1222,0.049037
1223,0.049012
1224,0.097296
1225,0.048498
1226,0.049158
1227,0.047345
1228,0.048598
1229,0.049459
1230,0.048302
1231,0.048595
1232,0.047636
1233,0.048596
1234,0.048723
1235,0.048532
1236,0.047907
1237,0.048888
1238,0.048557
1239,0.048899
1240,0.049013
1241,0.047699
1242,0.049119
1243,0.047151
1244,0.049157
1245,0.048518
1246,0.047877
1247,0.048008
1248,0.047677
1249,0.048493
1250,0.048113
1251,0.048328
1252,0.047362
1253,0.048983
1254,0.048211
1255,0.049290
1256,0.048691
1257,0.048200
1258,0.048591
1259,0.048793
1260,0.048518
1261,0.048144
1262,0.048380
1263,0.049373
1264,0.048339
1265,0.048794
1266,0.049007
1267,0.047904
1268,0.045683
1269,0.047827
1270,0.047805
1271,0.048998
1272,0.048735
1273,0.048665
1274,0.065340
1275,0.043931
1276,0.044070
1277,0.043576
1278,0.043321
1279,0.043372
1280,0.043908
1281,0.043527
1282,0.043405
1283,0.044286
1284,0.044193
1285,0.042484
1286,0.043756
1287,0.043276
1288,0.044816
1289,0.043509
1290,0.044030
1291,0.045268
1292,0.044727
1293,0.043607
1294,0.043394
1295,0.043704
1296,0.044096
1297,0.044351
1298,0.048422
1299,0.048122
1300,0.048547
1301,0.047990
1302,0.047642
1303,0.048293
1304,0.048797
1305,0.048543
1306,0.048821
1307,0.048219
1308,0.048352
1309,0.047823
1310,0.049156
1311,0.047477
1312,0.047792
1313,0.048171
1314,0.048670
1315,0.048548
1316,0.047003
1317,0.048871
1318,0.049272
1319,0.049382
1320,0.047278
1321,0.048624
1322,0.048569
1323,0.048301
1324,0.047871
1325,0.047704
1326,0.047676
1327,0.048584
1328,0.049439
1329,0.048535
1330,0.048865
1331,0.048815
1332,0.046397
1333,0.043996
1334,0.048289
1335,0.049112
1336,0.048237
1337,0.048576
1338,0.049285
1339,0.048248
1340,0.048332
1341,0.048199
1342,0.048333
1343,0.048320
1344,0.049142
1345,0.096114
1346,0.048507
1347,0.045133
1348,0.047522
1349,0.049142
1350,0.047952
1351,0.048615
1352,0.046988
1353,0.047256
1354,0.049259
1355,0.048155
1356,0.049004
1357,0.048866
1358,0.048592
1359,0.048402
1360,0.048285
1361,0.048751
1362,0.048665
1363,0.049382
1364,0.048818
1365,0.047914
1366,0.049333
1367,0.051975
1368,0.068811
1369,0.044213
1370,0.044800
1371,0.044552
1372,0.044540
1373,0.087757
1374,0.044724
1375,0.048165
1376,0.049041
1377,0.049186
1378,0.048268
1379,0.049053
1380,0.046373
1381,0.048853
1382,0.049047
1383,0.049354
1384,0.048964
1385,0.048541
1386,0.048135
1387,0.049331
1388,0.049202
1389,0.046427
1390,0.047461
1391,0.048021
1392,0.047986
1393,0.048048
1394,0.049606
1395,0.048690
1396,0.049201
1397,0.048528
1398,0.049338
1399,0.049191
1400,0.048285
1401,0.047423
1402,0.048999
1403,0.048915
1404,0.048476
1405,0.048899
1406,0.047970
1407,0.048245
1408,0.048887
1409,0.047940
1410,0.048645
1411,0.047566
1412,0.048382
1413,0.045661
1414,0.047459
1415,0.048568
1416,0.048071
1417,0.049574
1418,0.048030
1419,0.046265
1420,0.049006
1421,0.048876
1422,0.048707
1423,0.048326
1424,0.049432
1425,0.048209
1426,0.049158
1427,0.047571
1428,0.048756
1429,0.048513
1430,0.048780
1431,0.049336
1432,0.047605
1433,0.048400
1434,0.048345
1435,0.048176
1436,0.048181
1437,0.048632
1438,0.048677
1439,0.044555
1440,0.045241
1441,0.045924
1442,0.044577
1443,0.045946
1444,0.046145
1445,0.048809
1446,0.046895
1447,0.045862
1448,0.047773
1449,0.047916
1450,0.045064
1451,0.046525
1452,0.044817
1453,0.047753
1454,0.044878
1455,0.046498
1456,0.048156
1457,0.048476
1458,0.048772
1459,0.045504
1460,0.047123
1461,0.047036
1462,0.049001
1463,0.048775
1464,0.048572
1465,0.048170
1466,0.095606
1467,0.048258
1468,0.048809
1469,0.049087
1470,0.048968
1471,0.047348
1472,0.049152
1473,0.049435
1474,0.048429
1475,0.047611
1476,0.047341
1477,0.047909
1478,0.048213
1479,0.048853
1480,0.049345
1481,0.048454
1482,0.048241
1483,0.049077
1484,0.048603
1485,0.049609
1486,0.048206
1487,0.047324
1488,0.048318
1489,0.048472
1490,0.048830
1491,0.048966
1492,0.048754
1493,0.049469
1494,0.049417
1495,0.047899
1496,0.048401
1497,0.049585
1498,0.048297
1499,0.048264
1500,0.048133
1501,0.048508
1502,0.048724
1503,0.048823
1504,0.049189
1505,0.049065
1506,0.049013
1507,0.048605
1508,0.048805
1509,0.048322
1510,0.048507
1511,0.049093
1512,0.049134
1513,0.048257
1514,0.048534
1515,0.049148
1516,0.046855
1517,0.048498
1518,0.048295
1519,0.047996
1520,0.048341
1521,0.048855
1522,0.048107
1523,0.047616
1524,0.049370
1525,0.048348
1526,0.048969
1527,0.048937
1528,0.047810
1529,0.049251
1530,0.048068
1531,0.047715
1532,0.048590
1533,0.048799
1534,0.048336
1535,0.047124
1536,0.048256
1537,0.049288
1538,0.048585
1539,0.047901
1540,0.049110
1541,0.049040
1542,0.048645
1543,0.048160
1544,0.049166
1545,0.047718
1546,0.048323
1547,0.049238
1548,0.044930
1549,0.048605
1550,0.047301
1551,0.048173
1552,0.049045
1553,0.048968
1554,0.047790
1555,0.049288
1556,0.048704
1557,0.047775
1558,0.052132
1559,0.048525
1560,0.048523
1561,0.047916
1562,0.048612
1563,0.047395
1564,0.048971
1565,0.048749
1566,0.048307
1567,0.047949
1568,0.048662
1569,0.048385
1570,0.048556
1571,0.049094
1572,0.049132
1573,0.048243
1574,0.048764
1575,0.048699
1576,0.048478
1577,0.048122
1578,0.046481
1579,0.047976
1580,0.049300
1581,0.049029
1582,0.049208
1583,0.048624
1584,0.048578
1585,0.048551
1586,0.047728
1587,0.048701
1588,0.048337
1589,0.048158
1590,0.048467
1591,0.048415
1592,0.049130
1593,0.048615
1594,0.047997
1595,0.048789
1596,0.048505
1597,0.049664
1598,0.048284
1599,0.047526
1600,0.047930
1601,0.048644
1602,0.048336
1603,0.048675
1604,0.048241
1605,0.048631
1606,0.048604
1607,0.048647
1608,0.048182
1609,0.047900
1610,0.048714
1611,0.048546
1612,0.048624
1613,0.048722
1614,0.048800
1615,0.048184
1616,0.049395
1617,0.048827
1618,0.049386
1619,0.048430
1620,0.047798
1621,0.047726
1622,0.049027
1623,0.048566
1624,0.048338
1625,0.047482
1626,0.047568
1627,0.048394
1628,0.047998
1629,0.048999
1630,0.049117
1631,0.047363
1632,0.048233
1633,0.048569
1634,0.048585
1635,0.048534
1636,0.047683
1637,0.048260
1638,0.097712
1639,0.048591
1640,0.048652
1641,0.048357
1642,0.047620
1643,0.048964
1644,0.049156
1645,0.048890
1646,0.048900
1647,0.049503
1648,0.048882
1649,0.048452
1650,0.047956
1651,0.049173
1652,0.048647
1653,0.048925
1654,0.046743
1655,0.048674
1656,0.047873
1657,0.048924
1658,0.048421
1659,0.048570
1660,0.089250
1661,0.085747
1662,0.043560
1663,0.044369
1664,0.044254
1665,0.043260
1666,0.043572
1667,0.043529
1668,0.043088
1669,0.043569
1670,0.043151
1671,0.043431
1672,0.043552
1673,0.043836
1674,0.044114
1675,0.043233
1676,0.043834
1677,0.044472
1678,0.043787
1679,0.043779
1680,0.044475
1681,0.043481
1682,0.043715
1683,0.043619
1684,0.043127
1685,0.044071
1686,0.043475
1687,0.043793
1688,0.043625
1689,0.043245
1690,0.043824
1691,0.042976
1692,0.043042
1693,0.043406
1694,0.043907
1695,0.043827
1696,0.043510
1697,0.043838
1698,0.043363
1699,0.042976
1700,0.043361
1701,0.043669
1702,0.043792
1703,0.043534
1704,0.043875
1705,0.043626
1706,0.043575
1707,0.043605
1708,0.043509
1709,0.044143
1710,0.043353
1711,0.043526
1712,0.043079
1713,0.043744
1714,0.043908
1715,0.043275
1716,0.043423
1717,0.043371
1718,0.044285
1719,0.043452
1720,0.043790
1721,0.043530
1722,0.044041
1723,0.043572
1724,0.043783
1725,0.043731
1726,0.043892
1727,0.043797
1728,0.043370
1729,0.043936
1730,0.043673
1731,0.043475
1732,0.043777
1733,0.043583
1734,0.043200
1735,0.043991
1736,0.043191
1737,0.043749
1738,0.043234
1739,0.043346
1740,0.043821
1741,0.043341
1742,0.043799
1743,0.043672
1744,0.044962
1745,0.042861
1746,0.042749
1747,0.042921
1748,0.043606
1749,0.043344
1750,0.043758
1751,0.043024
1752,0.043879
1753,0.087128
1754,0.044365
1755,0.043727
1756,0.043877
1757,0.043667
1758,0.044039
1759,0.043403
1760,0.044164
1761,0.043132
1762,0.043901
1763,0.043843
1764,0.043576
1765,0.043466
1766,0.043886
1767,0.044110
1768,0.043381
1769,0.044154
1770,0.043498
1771,0.043044
1772,0.044052
1773,0.043647
1774,0.043376
1775,0.043482
1776,0.043837
1777,0.043806
1778,0.043909
1779,0.043419
1780,0.043814
1781,0.043655
1782,0.043569
1783,0.043427
1784,0.043576
1785,0.043929
1786,0.043729
1787,0.043643
1788,0.044061
1789,0.043831
1790,0.042924
1791,0.043802
1792,0.043635
1793,0.043958
1794,0.043354
1795,0.043527
1796,0.043951
1797,0.043752
1798,0.043135
1799,0.044000
1800,0.043053
1801,0.043996
1802,0.043632
1803,0.043807
1804,0.043703
1805,0.043943
1806,0.043380
1807,0.043627
1808,0.044027
1809,0.043764
1810,0.043480
1811,0.043545
1812,0.044026
1813,0.043589
1814,0.044095
1815,0.043868
1816,0.043927
1817,0.043759
1818,0.044098
1819,0.043320
1820,0.044123
1821,0.043795
1822,0.043390
1823,0.043146
1824,0.043748
1825,0.043666
1826,0.044087
1827,0.043882
1828,0.043836
1829,0.043125
1830,0.043678
1831,0.043784
1832,0.043540
1833,0.043480
1834,0.043810
1835,0.043342
1836,0.043651
1837,0.043329
1838,0.043637
1839,0.043810
1840,0.043330
1841,0.043723
1842,0.043366
1843,0.043832
1844,0.043123
1845,0.044227
1846,0.033578
1847,0.045358
1848,0.044867
1849,0.044522
1850,0.044252
1851,0.044384
1852,0.044573
1853,0.044553
1854,0.044796
1855,0.044912
1856,0.044092
1857,0.044703
1858,0.045123
1859,0.044692
1860,0.045270
1861,0.044992
1862,0.044590
1863,0.044510
1864,0.044821
1865,0.044185
1866,0.045512
1867,0.043914
1868,0.044417
1869,0.045057
1870,0.045045
1871,0.045686
1872,0.045210
1873,0.045316
1874,0.046280
1875,0.045639
1876,0.044646
1877,0.045105
1878,0.045648
1879,0.045174
1880,0.044981
1881,0.045400
1882,0.045261
1883,0.044737
1884,0.045682
1885,0.045060
1886,0.045251
1887,0.045582
1888,0.045014
1889,0.045634
1890,0.045219
1891,0.045490
1892,0.046152
1893,0.046052
1894,0.045497
1895,0.045933
1896,0.048318
1897,0.046202
1898,0.045164
1899,0.046914
1900,0.051216
1901,0.051067
1902,0.051156
1903,0.050180
1904,0.049917
1905,0.051348
1906,0.051087
1907,0.051374
1908,0.051111
1909,0.050585
1910,0.051297
1911,0.051387
1912,0.050991
1913,0.050778
1914,0.051260
1915,0.051070
1916,0.052077
1917,0.052006
1918,0.052117
1919,0.050073
1920,0.051680
1921,0.048356
1922,0.049920
1923,0.051305
1924,0.049763
1925,0.051152
1926,0.051515
1927,0.050943
1928,0.051029
1929,0.051558
1930,0.051948
1931,0.050187
1932,0.050353
1933,0.049970
1934,0.051345
1935,0.051864
1936,0.050992
1937,0.050846
1938,0.050915
1939,0.051310
1940,0.052053
1941,0.051383
1942,0.051396
1943,0.051323
1944,0.050856
1945,0.050591
1946,0.049380
1947,0.050657
1948,0.050751
1949,0.052253
1950,0.051629
1951,0.051256
1952,0.051461
1953,0.052361
1954,0.051854
1955,0.051821
1956,0.051356
1957,0.051329
1958,0.049036
1959,0.050919
1960,0.050329
1961,0.050327
1962,0.050683
1963,0.050826
1964,0.049849
1965,0.050963
1966,0.051919
1967,0.051680
1968,0.051287
1969,0.050809
1970,0.050351
1971,0.051851
1972,0.051785
1973,0.050478
1974,0.050750
1975,0.051797
1976,0.050757
1977,0.050513
1978,0.050442
1979,0.050938
1980,0.051846
1981,0.050535
1982,0.051775
1983,0.051044
1984,0.050655
1985,0.050159
1986,0.102749
1987,0.051459
1988,0.051525
1989,0.051393
1990,0.052424
1991,0.051367
1992,0.049462
1993,0.050622
1994,0.100781
1995,0.051559
1996,0.051490
1997,0.051762
1998,0.051795
1999,0.051424
2000,0.049363
2001,0.051720
2002,0.050900
2003,0.051868
2004,0.051950
2005,0.050756
2006,0.050248
2007,0.050752
2008,0.050595
2009,0.049398
2010,0.050805
2011,0.050701
2012,0.051721
2013,0.050169
2014,0.052038
2015,0.051152
2016,0.052175
2017,0.051222
2018,0.051678
2019,0.051500
2020,0.051734
2021,0.051047
2022,0.050472
2023,0.051902
2024,0.051084
2025,0.051039
2026,0.051598
2027,0.051715
2028,0.050653
2029,0.051691
2030,0.049830
2031,0.051496
2032,0.051516
2033,0.050686
2034,0.051255
2035,0.050832
2036,0.050673
2037,0.051032
2038,0.050185
2039,0.051592
2040,0.052019
2041,0.049769
2042,0.050572
2043,0.050574
2044,0.051430
2045,0.051738
2046,0.071918
2047,0.045963
2048,0.045463
2049,0.045709
2050,0.046100
2051,0.046398
2052,0.047034
2053,0.046556
2054,0.046234
2055,0.045805
2056,0.050006
2057,0.051349
2058,0.051912
2059,0.049615
2060,0.051006
2061,0.049335
2062,0.050591
2063,0.050429
2064,0.051971
2065,0.051004
2066,0.050219
2067,0.050836
2068,0.046216
2069,0.046351
2070,0.045317
2071,0.046123
2072,0.045865
2073,0.045674
2074,0.045721
2075,0.045357
2076,0.045247
2077,0.046008
2078,0.045641
2079,0.046254
2080,0.045839
2081,0.045888
2082,0.045074
2083,0.045817
2084,0.045868
2085,0.046166
2086,0.057293
2087,0.045063
2088,0.044926
2089,0.045534
2090,0.045801
2091,0.045750
2092,0.044762
2093,0.046630
2094,0.045830
2095,0.045946
2096,0.045616
2097,0.046633
2098,0.046871
2099,0.046247
2100,0.044982
2101,0.046098
2102,0.051253
2103,0.052116
2104,0.050546
2105,0.051389
2106,0.050997
2107,0.051258
2108,0.051008
2109,0.050346
2110,0.051367
2111,0.050303
2112,0.050683
2113,0.051563
2114,0.051568
2115,0.050999
2116,0.050318
2117,0.049452
2118,0.051339
2119,0.050308
2120,0.051858
2121,0.050819
2122,0.052304
2123,0.051139
2124,0.050985
2125,0.050592
2126,0.051566
2127,0.051022
2128,0.050864
2129,0.051921
2130,0.051863
2131,0.051454
2132,0.050888
2133,0.051686
2134,0.051725
2135,0.049957
2136,0.051101
2137,0.050925
2138,0.051343
2139,0.051426
2140,0.050894
2141,0.051251
2142,0.050432
2143,0.050510
2144,0.050427
2145,0.050769
2146,0.051558
2147,0.051217
2148,0.051171
2149,0.051569
2150,0.051861
2151,0.051710
2152,0.051328
2153,0.051460
2154,0.051193
2155,0.051182
2156,0.049318
2157,0.049899
2158,0.050949
2159,0.050105
2160,0.050370
2161,0.052092
2162,0.050984
2163,0.051670
2164,0.051334
2165,0.051806
2166,0.051366
2167,0.049417
2168,0.050768
2169,0.050785
2170,0.051219
2171,0.050782
2172,0.051038
2173,0.051981
2174,0.051321
2175,0.050447
2176,0.050956
2177,0.051789
2178,0.050853
2179,0.051211
2180,0.051385
2181,0.051581
2182,0.050352
2183,0.051232
2184,0.048765
2185,0.051877
2186,0.051743
2187,0.051394
2188,0.051801
2189,0.050235
2190,0.050381
2191,0.050795
2192,0.051035
2193,0.050763
2194,0.051141
2195,0.050390
2196,0.051539
2197,0.051053
2198,0.051294
2199,0.051221
2200,0.051717
2201,0.051400
2202,0.050205
2203,0.051101
2204,0.051874
2205,0.051232
2206,0.050417
2207,0.050953
2208,0.050441
2209,0.049996
2210,0.050961
2211,0.051671
2212,0.051440
2213,0.050984
2214,0.051437
2215,0.051911
2216,0.050848
2217,0.050847
2218,0.051079
2219,0.051403
2220,0.051337
2221,0.050525
2222,0.050308
2223,0.051727
2224,0.051507
2225,0.051733
2226,0.051290
2227,0.051693
2228,0.050649
2229,0.051283
2230,0.051112
2231,0.051238
2232,0.050923
2233,0.051078
2234,0.051378
2235,0.051379
2236,0.050765
2237,0.050854
2238,0.049788
2239,0.049224
2240,0.050059
2241,0.049064
2242,0.050179
2243,0.051913
2244,0.050924
2245,0.051571
2246,0.050896
2247,0.051240
2248,0.051028
2249,0.051554
2250,0.051231
2251,0.050926
2252,0.051259
2253,0.051076
2254,0.051801
2255,0.050583
2256,0.050565
2257,0.050668
2258,0.050956
2259,0.050451
2260,0.051831
2261,0.051676
2262,0.051724
2263,0.052385
2264,0.051080
2265,0.050464
2266,0.049745
2267,0.048519
2268,0.045525
2269,0.046454
2270,0.045828
2271,0.045770
2272,0.045077
# total_episodes=2272, avg_seconds=0.049785
