# episode_index, seconds
1,0.009458
2,0.007219
3,0.008417
4,0.003047
5,0.007862
6,0.012601
7,0.008141
8,0.007387
9,0.004873
10,0.004853
11,0.007029
12,0.014027
13,0.007280
14,0.012169
15,0.002695
16,0.011936
17,0.001673
18,0.009692
19,0.012999
20,0.010314
21,0.002513
22,0.004223
23,0.006712
24,0.013746
25,0.009814
26,0.002395
27,0.012296
28,0.008224
29,0.008018
30,0.110027
31,0.187962
32,0.091681
33,0.138813
34,0.187707
35,0.092644
36,0.132138
37,0.049551
38,0.046940
39,0.136500
40,0.047691
41,0.045709
42,0.047177
43,0.046642
44,0.051061
45,0.046597
46,0.045672
47,0.045140
48,0.048171
49,0.045470
50,0.046377
51,0.095682
52,0.093552
53,0.054161
54,0.045394
55,0.046735
56,0.051195
57,0.046843
58,0.045831
59,0.044993
60,0.046992
61,0.048197
62,0.046678
63,0.046973
64,0.051071
65,0.046862
66,0.046755
67,0.045567
68,0.048196
69,0.046680
70,0.045962
71,0.097515
72,0.046574
73,0.092882
74,0.047616
75,0.047307
76,0.046447
77,0.053252
78,0.047228
79,0.046056
80,0.076068
81,0.127875
82,0.093790
83,0.046815
84,0.046938
85,0.050075
86,0.046671
87,0.045875
88,0.078107
89,0.031109
90,0.043320
91,0.046799
92,0.039494
93,0.044471
94,0.067264
95,0.046521
96,0.029479
97,0.043149
98,0.033971
99,0.030271
100,0.030418
101,0.030366
102,0.031581
103,0.041416
104,0.046424
105,0.046464
106,0.042418
107,0.038281
108,0.044539
109,0.035729
110,0.035173
111,0.055399
112,0.044171
113,0.028690
114,0.064341
115,0.028246
116,0.032827
117,0.034187
118,0.034378
119,0.043360
120,0.059699
121,0.089093
122,0.031116
123,0.037699
124,0.040352
125,0.074393
126,0.044370
127,0.044503
128,0.044272
129,0.045039
130,0.044493
131,0.044058
132,0.045141
133,0.044786
134,0.044604
135,0.078401
136,0.044650
137,0.044662
138,0.044756
139,0.044335
140,0.045475
141,0.045087
142,0.045325
143,0.044898
144,0.090133
145,0.044890
146,0.045202
147,0.045002
148,0.045226
149,0.044603
150,0.036644
151,0.035418
152,0.036414
153,0.036068
154,0.037067
155,0.036136
156,0.036137
157,0.036326
158,0.042129
159,0.035941
160,0.036492
161,0.035925
162,0.036353
163,0.035719
164,0.031826
165,0.030629
166,0.036742
167,0.045532
168,0.042986
169,0.039077
170,0.043131
171,0.030421
172,0.038176
173,0.039853
174,0.033521
175,0.044944
176,0.037442
177,0.037214
178,0.036415
179,0.037217
180,0.074001
181,0.034039
182,0.066953
183,0.027848
184,0.027993
185,0.028324
186,0.056215
187,0.055019
188,0.055429
189,0.083104
190,0.032649
191,0.030225
192,0.140025
193,0.092904
194,0.099909
195,0.064754
196,0.064692
197,0.066306
198,0.065774
199,0.092721
200,0.045924
201,0.045688
202,0.045926
203,0.044795
204,0.046043
205,0.046686
206,0.045832
207,0.046068
208,0.046247
209,0.045782
210,0.045809
211,0.044660
212,0.047569
213,0.046267
214,0.045717
215,0.045114
216,0.046500
217,0.046770
218,0.055780
219,0.043395
220,0.043604
221,0.044312
222,0.043166
223,0.044404
224,0.043375
225,0.043800
226,0.044351
227,0.044312
228,0.043904
229,0.043363
230,0.043477
231,0.043747
232,0.044314
233,0.044091
234,0.043463
235,0.043712
236,0.045850
237,0.044589
238,0.044123
239,0.043787
240,0.043620
241,0.072885
242,0.043753
243,0.044846
244,0.045427
245,0.045017
246,0.044475
247,0.044608
248,0.043843
249,0.044577
250,0.044658
251,0.043330
252,0.044224
253,0.044648
254,0.045056
255,0.044286
256,0.044048
257,0.044310
258,0.044634
259,0.044285
260,0.044465
261,0.044311
262,0.044291
263,0.044680
264,0.046831
265,0.044699
266,0.044198
267,0.044243
268,0.044565
269,0.044541
270,0.044993
271,0.044353
272,0.045694
273,0.045232
274,0.046065
275,0.048870
276,0.048558
277,0.047723
278,0.047951
279,0.048014
280,0.047868
281,0.047192
282,0.047964
283,0.048256
284,0.048726
285,0.048188
286,0.048318
287,0.047729
288,0.048660
289,0.047900
290,0.047843
291,0.048066
292,0.048476
293,0.048953
294,0.048236
295,0.048395
296,0.046824
297,0.048043
298,0.096282
299,0.048110
300,0.096379
301,0.095323
302,0.048235
303,0.047547
304,0.095425
305,0.143658
306,0.046295
307,0.143927
308,0.143895
309,0.143542
310,0.143909
311,0.142462
312,0.088458
313,0.044116
314,0.044526
315,0.044331
316,0.087276
317,0.043658
318,0.043715
319,0.043498
320,0.043657
321,0.043483
322,0.043897
323,0.043716
324,0.043396
325,0.043726
326,0.043668
327,0.043599
328,0.043651
329,0.043982
330,0.043679
331,0.043820
332,0.043572
333,0.043581
334,0.043615
335,0.043706
336,0.044138
337,0.043792
338,0.043643
339,0.044353
340,0.043558
341,0.043820
342,0.043416
343,0.043906
344,0.043889
345,0.043744
346,0.043505
347,0.043742
348,0.043808
349,0.043859
350,0.043767
351,0.043674
352,0.044192
353,0.044380
354,0.044720
355,0.044427
356,0.043563
357,0.043443
358,0.043613
359,0.043665
360,0.043805
361,0.043177
362,0.043905
363,0.042771
364,0.042569
365,0.043184
366,0.043383
367,0.043750
368,0.044027
369,0.044463
370,0.044294
371,0.043923
372,0.044654
373,0.044730
374,0.087444
375,0.043805
376,0.045039
377,0.044450
378,0.089014
379,0.044397
380,0.132905
381,0.044530
382,0.090084
383,0.047573
384,0.082765
385,0.048348
386,0.047746
387,0.048578
388,0.048774
389,0.094917
390,0.094506
391,0.047522
392,0.141183
393,0.144803
394,0.141116
395,0.095820
396,0.047972
397,0.142805
398,0.047227
399,0.095618
400,0.095889
401,0.094318
402,0.046541
403,0.048827
404,0.048298
405,0.047924
406,0.046798
407,0.048977
408,0.095516
409,0.048732
410,0.095264
411,0.047771
412,0.095070
413,0.047895
414,0.048694
415,0.048254
416,0.094867
417,0.048158
418,0.094674
419,0.094304
420,0.094559
421,0.048258
422,0.048462
423,0.047509
424,0.048053
425,0.095533
426,0.096024
427,0.048674
428,0.141287
429,0.045223
430,0.044663
431,0.089652
432,0.089252
433,0.089602
434,0.133321
435,0.177696
436,0.185213
437,0.185313
438,0.190183
439,0.188160
440,0.187540
441,0.045674
442,0.047068
443,0.177624
444,0.188524
445,0.139545
446,0.049261
447,0.095960
448,0.141366
449,0.048164
450,0.048433
451,0.048188
452,0.043814
453,0.045913
454,0.043645
455,0.045645
456,0.048760
457,0.045730
458,0.047686
459,0.045884
460,0.048889
461,0.048469
462,0.046945
463,0.046559
464,0.048088
465,0.096095
466,0.048492
467,0.048028
468,0.048125
469,0.047999
470,0.048422
471,0.048795
472,0.048628
473,0.049185
474,0.049049
475,0.048284
476,0.048438
477,0.047280
478,0.046765
479,0.093922
480,0.048437
481,0.093792
482,0.047623
483,0.047797
484,0.046019
485,0.049119
486,0.048813
487,0.048003
488,0.047895
489,0.048753
490,0.047167
491,0.047492
492,0.049012
493,0.049247
494,0.047943
495,0.048033
496,0.047147
497,0.046845
498,0.047624
499,0.095671
500,0.047240
501,0.048719
502,0.047809
503,0.049054
504,0.048318
505,0.048433
506,0.048135
507,0.047342
508,0.048137
509,0.048292
510,0.049475
511,0.045901
512,0.046159
513,0.044963
514,0.044515
515,0.045966
516,0.045346
517,0.048073
518,0.095386
519,0.048322
520,0.047357
521,0.047283
522,0.047652
523,0.048491
524,0.049458
525,0.047830
526,0.047913
527,0.048469
528,0.045290
529,0.048351
530,0.045251
531,0.047608
532,0.048386
533,0.049063
534,0.048631
535,0.096160
536,0.048510
537,0.056230
538,0.045205
539,0.044775
540,0.044730
541,0.044288
542,0.044736
543,0.044002
544,0.044370
545,0.044315
546,0.044614
547,0.087980
548,0.088722
549,0.044879
550,0.048652
551,0.049322
552,0.142295
553,0.047724
554,0.047625
555,0.079459
556,0.040763
557,0.040298
558,0.053975
559,0.136664
560,0.047405
561,0.048462
562,0.048153
563,0.047849
564,0.048346
565,0.134193
566,0.044731
567,0.044126
568,0.044487
569,0.048144
570,0.045002
571,0.044766
572,0.043240
573,0.049662
574,0.047057
575,0.030167
576,0.044450
577,0.048451
578,0.048470
579,0.046835
580,0.047906
581,0.046689
582,0.047964
583,0.047277
584,0.048114
585,0.048314
586,0.046988
587,0.047501
588,0.047142
589,0.049178
590,0.047372
591,0.049482
592,0.046347
593,0.135021
594,0.045028
595,0.045241
596,0.048533
597,0.045665
598,0.048997
599,0.087371
600,0.046894
601,0.048530
602,0.048402
603,0.046916
604,0.047832
605,0.096462
606,0.047685
607,0.047673
608,0.046137
609,0.047472
610,0.047675
611,0.047163
612,0.062947
613,0.029354
614,0.028715
615,0.040450
616,0.053635
617,0.034434
618,0.159830
619,0.042736
620,0.040509
621,0.028680
622,0.029714
623,0.043033
624,0.042779
625,0.043386
626,0.043508
627,0.043494
628,0.043998
629,0.044297
630,0.130451
631,0.043181
632,0.043732
633,0.044109
634,0.043522
635,0.044220
636,0.182919
637,0.044702
638,0.195018
639,0.045362
640,0.180375
641,0.124055
642,0.033288
643,0.053052
644,0.043466
645,0.043660
646,0.043279
647,0.043823
648,0.044598
649,0.044515
650,0.043600
651,0.044696
652,0.044105
653,0.044122
654,0.043833
655,0.131248
656,0.043507
657,0.086533
658,0.178281
659,0.043200
660,0.041313
661,0.043934
662,0.044045
663,0.043884
664,0.043472
665,0.043032
666,0.043286
667,0.043045
668,0.043699
669,0.043328
670,0.085491
671,0.092485
672,0.096103
673,0.048815
674,0.048757
675,0.047110
676,0.048208
677,0.048454
678,0.046059
679,0.049042
680,0.047998
681,0.048013
682,0.096646
683,0.045739
684,0.043863
685,0.047987
686,0.048857
687,0.048672
688,0.048952
689,0.047647
690,0.048472
691,0.048935
692,0.048967
693,0.048231
694,0.048411
695,0.048330
696,0.047390
697,0.048133
698,0.049140
699,0.048612
700,0.048027
701,0.047851
702,0.048552
703,0.048650
704,0.045482
705,0.046759
706,0.048676
707,0.048904
708,0.048583
709,0.046703
710,0.049307
711,0.047542
712,0.048435
713,0.047639
714,0.048277
715,0.048115
716,0.048948
717,0.048489
718,0.047212
719,0.044288
720,0.044367
721,0.044148
722,0.044061
723,0.043252
724,0.043456
725,0.042797
726,0.043411
727,0.043860
728,0.043069
729,0.044192
730,0.044423
731,0.043726
732,0.116931
733,0.045905
734,0.044673
735,0.043386
736,0.044133
737,0.044020
738,0.043513
739,0.043758
740,0.087097
741,0.086174
742,0.130095
743,0.087901
744,0.043743
745,0.087221
746,0.043592
747,0.044369
748,0.043610
749,0.044002
750,0.043922
751,0.044139
752,0.043620
753,0.044332
754,0.043780
755,0.044095
756,0.086553
757,0.042274
758,0.042651
759,0.042381
760,0.042397
761,0.040445
762,0.082938
763,0.084796
764,0.086690
765,0.086846
766,0.043795
767,0.134775
768,0.193138
769,0.093988
770,0.192144
771,0.189575
772,0.192975
773,0.186910
774,0.183220
775,0.176489
776,0.136990
777,0.172952
778,0.042296
779,0.043883
780,0.043157
781,0.088810
782,0.087858
783,0.043507
784,0.043476
785,0.044430
786,0.043295
787,0.043682
788,0.043364
789,0.043706
790,0.045206
791,0.043389
792,0.043549
793,0.043597
794,0.043888
795,0.043639
796,0.043720
797,0.046163
798,0.046193
799,0.044268
800,0.044673
801,0.046690
802,0.045422
803,0.048654
804,0.048951
805,0.046538
806,0.048064
807,0.046679
808,0.047984
809,0.049010
810,0.048847
811,0.049000
812,0.046677
813,0.045417
814,0.048052
815,0.048885
816,0.049307
817,0.048929
818,0.048460
819,0.048503
820,0.047044
821,0.049865
822,0.049585
823,0.049430
824,0.047068
825,0.044747
826,0.045750
827,0.044821
828,0.043733
829,0.043682
830,0.043916
831,0.043883
832,0.044112
833,0.043136
834,0.043202
835,0.043547
836,0.043412
837,0.045516
838,0.049046
839,0.049123
840,0.044243
841,0.043864
842,0.043570
843,0.043576
844,0.043322
845,0.043397
846,0.043334
847,0.043302
848,0.043348
849,0.044572
850,0.045142
851,0.045957
852,0.044093
853,0.044126
854,0.043645
855,0.043466
856,0.043102
857,0.043227
858,0.031740
859,0.044526
860,0.044253
861,0.044987
862,0.044354
863,0.044066
864,0.044691
865,0.052785
866,0.043651
867,0.044955
868,0.044751
869,0.045010
870,0.092195
871,0.044306
872,0.044321
873,0.088063
874,0.087959
875,0.116307
876,0.145387
877,0.088665
878,0.131845
879,0.087196
880,0.044040
881,0.088176
882,0.088345
883,0.089997
884,0.122118
885,0.089110
886,0.088028
887,0.087236
888,0.088189
889,0.091078
890,0.091017
891,0.046822
892,0.089645
893,0.045157
894,0.094746
895,0.048223
896,0.047878
897,0.076280
898,0.029813
899,0.028987
900,0.038810
901,0.104934
902,0.043265
903,0.046685
904,0.063079
905,0.048968
906,0.036161
907,0.042536
908,0.046375
909,0.045504
910,0.046012
911,0.096823
912,0.045705
913,0.047699
914,0.047539
915,0.048761
916,0.047628
917,0.044630
918,0.046286
919,0.043827
920,0.044291
921,0.043959
922,0.044635
923,0.045280
924,0.043876
925,0.043785
926,0.044936
927,0.043796
928,0.045460
929,0.045958
930,0.044156
931,0.044468
932,0.044557
933,0.044328
934,0.043932
935,0.047289
936,0.044250
937,0.044466
938,0.043512
939,0.046347
940,0.044919
941,0.044797
942,0.048942
943,0.048746
944,0.048324
945,0.048496
946,0.048974
947,0.046593
948,0.048413
949,0.049114
950,0.049165
951,0.047159
952,0.047493
953,0.046987
954,0.044743
955,0.044633
956,0.045470
957,0.212025
958,0.153954
959,0.071744
960,0.070747
961,0.135904
962,0.066558
963,0.117121
964,0.121111
965,0.047696
966,0.034279
967,0.053149
968,0.037228
969,0.037620
970,0.044284
971,0.038612
972,0.046400
973,0.045332
974,0.045146
975,0.090535
976,0.045811
977,0.093899
978,0.048179
979,0.046560
980,0.046435
981,0.040296
982,0.046759
983,0.100190
984,0.045687
985,0.045151
986,0.045637
987,0.045894
988,0.046290
989,0.046377
990,0.046817
991,0.046315
992,0.046035
993,0.049104
994,0.045212
995,0.043781
996,0.043408
997,0.044456
998,0.043642
999,0.044446
1000,0.043377
1001,0.043975
1002,0.044014
1003,0.043916
1004,0.043917
1005,0.044636
1006,0.044012
1007,0.043711
1008,0.043763
1009,0.044011
1010,0.043896
1011,0.043591
1012,0.043645
1013,0.068363
1014,0.043635
1015,0.045035
1016,0.047287
1017,0.062467
1018,0.044638
1019,0.044533
1020,0.044407
1021,0.045736
1022,0.045058
1023,0.044451
1024,0.043883
1025,0.044487
1026,0.043806
1027,0.044337
1028,0.045062
1029,0.044170
1030,0.043956
1031,0.045982
1032,0.045056
1033,0.044919
1034,0.045064
1035,0.052284
1036,0.044064
1037,0.043624
1038,0.042944
1039,0.044746
1040,0.043733
1041,0.044344
1042,0.044897
1043,0.043800
1044,0.043802
1045,0.043386
1046,0.043236
1047,0.044100
1048,0.043949
1049,0.088529
1050,0.043962
1051,0.087782
1052,0.044000
1053,0.044244
1054,0.044150
1055,0.043607
1056,0.043389
1057,0.043717
1058,0.043571
1059,0.044130
1060,0.043605
1061,0.043723
1062,0.043820
1063,0.043209
1064,0.044428
1065,0.043935
1066,0.043364
1067,0.043957
1068,0.043867
1069,0.044037
1070,0.043881
1071,0.043395
1072,0.043968
1073,0.043635
1074,0.043464
1075,0.044245
1076,0.043551
1077,0.043866
1078,0.043935
1079,0.087030
1080,0.043407
1081,0.042877
1082,0.029643
1083,0.043229
1084,0.041832
1085,0.044111
1086,0.043977
1087,0.044713
1088,0.047359
1089,0.048395
1090,0.049554
1091,0.048849
1092,0.048367
1093,0.049153
1094,0.049577
1095,0.048037
1096,0.048816
1097,0.049845
1098,0.048253
1099,0.066951
1100,0.055497
1101,0.044217
1102,0.044620
1103,0.044762
1104,0.048733
1105,0.049095
1106,0.048765
1107,0.180390
1108,0.058561
1109,0.037558
1110,0.059037
1111,0.033489
1112,0.042410
1113,0.062339
1114,0.064712
1115,0.065141
1116,0.037497
1117,0.035612
1118,0.137014
1119,0.053827
1120,0.052934
1121,0.034846
1122,0.033175
1123,0.051630
1124,0.039488
1125,0.035267
1126,0.049232
1127,0.041692
1128,0.034062
1129,0.053779
1130,0.037091
1131,0.045369
1132,0.053852
1133,0.052908
1134,0.092412
1135,0.045721
1136,0.088983
1137,0.043340
1138,0.043603
1139,0.043657
1140,0.043965
1141,0.044864
1142,0.044049
1143,0.043145
1144,0.044448
1145,0.047904
1146,0.047543
1147,0.048097
1148,0.048675
1149,0.048880
1150,0.057571
1151,0.030992
1152,0.041774
1153,0.046050
1154,0.066653
1155,0.051572
1156,0.044412
1157,0.033867
1158,0.045903
1159,0.045321
1160,0.070070
1161,0.063035
1162,0.043222
1163,0.047287
1164,0.044453
1165,0.044347
1166,0.044149
1167,0.044861
1168,0.043386
1169,0.044414
1170,0.046024
1171,0.043736
1172,0.043862
1173,0.043964
1174,0.044920
1175,0.044279
1176,0.044178
1177,0.044628
1178,0.045469
1179,0.045854
1180,0.044758
1181,0.048908
1182,0.047491
1183,0.047912
1184,0.048800
1185,0.048415
1186,0.047182
1187,0.045496
1188,0.045084
1189,0.048139
1190,0.048500
1191,0.048652
1192,0.047668
1193,0.046347
1194,0.044731
1195,0.047627
1196,0.046069
1197,0.047750
1198,0.045712
1199,0.045677
1200,0.031467
1201,0.051485
1202,0.051097
1203,0.050803
1204,0.050226
1205,0.051547
1206,0.050946
1207,0.051397
1208,0.050373
1209,0.048709
1210,0.050768
1211,0.050031
1212,0.050641
1213,0.052298
1214,0.051882
1215,0.051398
1216,0.052413
1217,0.050069
1218,0.052010
1219,0.051198
1220,0.052068
1221,0.027151
1222,0.043763
1223,0.044486
1224,0.058053
1225,0.043864
1226,0.043062
1227,0.043349
1228,0.043119
1229,0.043075
1230,0.043148
1231,0.086798
1232,0.046638
1233,0.048810
1234,0.047742
1235,0.048951
1236,0.049212
1237,0.094267
1238,0.048664
1239,0.096534
1240,0.048829
1241,0.047139
1242,0.046811
1243,0.048581
1244,0.049323
1245,0.048069
1246,0.048800
1247,0.048152
1248,0.048158
1249,0.048654
1250,0.048411
1251,0.048377
1252,0.047874
1253,0.047401
1254,0.048148
1255,0.048420
1256,0.047966
1257,0.047611
1258,0.048093
1259,0.047580
1260,0.047913
1261,0.048331
1262,0.048930
1263,0.048047
1264,0.048339
1265,0.048323
1266,0.048413
1267,0.048068
1268,0.048651
1269,0.045145
1270,0.045462
1271,0.044479
1272,0.044071
1273,0.038995
1274,0.043328
1275,0.042500
1276,0.042777
1277,0.042325
1278,0.039489
1279,0.082581
1280,0.043063
1281,0.042319
1282,0.085556
1283,0.086760
1284,0.087418
1285,0.046620
1286,0.048431
1287,0.096930
1288,0.096517
1289,0.048326
1290,0.047888
1291,0.095742
1292,0.141408
1293,0.144557
1294,0.047539
1295,0.096403
1296,0.043894
1297,0.046996
1298,0.045726
1299,0.095210
1300,0.089369
1301,0.095466
1302,0.048155
1303,0.048803
1304,0.048468
1305,0.046172
1306,0.047141
1307,0.047913
1308,0.048272
1309,0.048780
1310,0.048790
1311,0.049242
1312,0.047430
1313,0.047459
1314,0.047777
1315,0.048757
1316,0.047604
1317,0.047834
1318,0.047820
1319,0.048670
1320,0.048277
1321,0.047897
1322,0.048310
1323,0.048133
1324,0.045008
1325,0.048212
1326,0.047061
1327,0.048627
1328,0.048979
1329,0.048418
1330,0.049248
1331,0.048858
1332,0.048279
1333,0.047872
1334,0.048099
1335,0.048573
1336,0.047565
1337,0.048149
1338,0.048461
1339,0.047528
1340,0.048466
1341,0.047922
1342,0.046945
1343,0.048171
1344,0.048408
1345,0.048552
1346,0.046805
1347,0.047715
1348,0.047661
1349,0.048796
1350,0.046830
1351,0.048864
1352,0.047811
1353,0.048255
1354,0.046988
1355,0.048101
1356,0.048574
1357,0.047880
1358,0.048103
1359,0.046768
1360,0.048777
1361,0.048667
1362,0.094983
1363,0.048111
1364,0.095526
1365,0.048004
1366,0.047631
1367,0.047996
1368,0.048509
1369,0.047829
1370,0.096602
1371,0.048922
1372,0.095514
1373,0.047437
1374,0.049168
1375,0.048803
1376,0.047375
1377,0.049558
1378,0.047856
1379,0.048257
1380,0.046153
1381,0.048396
1382,0.047945
1383,0.096868
1384,0.049406
1385,0.096178
1386,0.047663
1387,0.047538
1388,0.047849
1389,0.048124
1390,0.048226
1391,0.048796
1392,0.049097
1393,0.049287
1394,0.049174
1395,0.049140
1396,0.048725
1397,0.048114
1398,0.047381
1399,0.047588
1400,0.049129
1401,0.048122
1402,0.046679
1403,0.047966
1404,0.047940
1405,0.048528
1406,0.047794
1407,0.048910
1408,0.047797
1409,0.047932
1410,0.048649
1411,0.048088
1412,0.048231
1413,0.048015
1414,0.048093
1415,0.048554
1416,0.048610
1417,0.047343
1418,0.047484
1419,0.048993
1420,0.047557
1421,0.047847
1422,0.045124
1423,0.047394
1424,0.046198
1425,0.048709
1426,0.047442
1427,0.048939
1428,0.049383
1429,0.048759
1430,0.047672
1431,0.048417
1432,0.047948
1433,0.048649
1434,0.047787
1435,0.048770
1436,0.047592
1437,0.048685
1438,0.049489
1439,0.048437
1440,0.048314
1441,0.048562
1442,0.048178
1443,0.047521
1444,0.045388
1445,0.047565
1446,0.046745
1447,0.048116
1448,0.048085
1449,0.045172
1450,0.048284
1451,0.047404
1452,0.048361
1453,0.048244
1454,0.048210
1455,0.047042
1456,0.048374
1457,0.048451
1458,0.048968
1459,0.046048
1460,0.046420
1461,0.047158
1462,0.048181
1463,0.047541
1464,0.047147
1465,0.044095
1466,0.043538
1467,0.043794
1468,0.043434
1469,0.043772
1470,0.041929
1471,0.043023
1472,0.043178
1473,0.043661
1474,0.044075
1475,0.086261
1476,0.043250
1477,0.043652
1478,0.042682
1479,0.086049
1480,0.042780
1481,0.042605
1482,0.039798
1483,0.082294
1484,0.044134
1485,0.085424
1486,0.043521
1487,0.042961
1488,0.043009
1489,0.043353
1490,0.095328
1491,0.047874
1492,0.094282
1493,0.049322
1494,0.049251
1495,0.049118
1496,0.048778
1497,0.049025
1498,0.092828
1499,0.095611
1500,0.097692
1501,0.097176
1502,0.092979
1503,0.044693
1504,0.097514
1505,0.095459
1506,0.096750
1507,0.092259
1508,0.093524
1509,0.043936
1510,0.044632
1511,0.045971
1512,0.048136
1513,0.049184
1514,0.048520
1515,0.096438
1516,0.048444
1517,0.046530
1518,0.047697
1519,0.047259
1520,0.048395
1521,0.047793
1522,0.047887
1523,0.048639
1524,0.048566
1525,0.049342
1526,0.048335
1527,0.049417
1528,0.048385
1529,0.047933
1530,0.047665
1531,0.047458
1532,0.047444
1533,0.047632
1534,0.049169
1535,0.046994
1536,0.049101
1537,0.048509
1538,0.048546
1539,0.048537
1540,0.047137
1541,0.048259
1542,0.048782
1543,0.047080
1544,0.047045
1545,0.043827
1546,0.043321
1547,0.042560
1548,0.043499
1549,0.043747
1550,0.042775
1551,0.042929
1552,0.043239
1553,0.043777
1554,0.043412
1555,0.042551
1556,0.042583
1557,0.043355
1558,0.043872
1559,0.043763
1560,0.043597
1561,0.044078
1562,0.043483
1563,0.043819
1564,0.043342
1565,0.043251
1566,0.043314
1567,0.043257
1568,0.043637
1569,0.041881
1570,0.042171
1571,0.038590
1572,0.041763
1573,0.126811
1574,0.132038
1575,0.162491
1576,0.173203
1577,0.133121
1578,0.088202
1579,0.086477
1580,0.085752
1581,0.042903
1582,0.084588
1583,0.085615
1584,0.042292
1585,0.079175
1586,0.042314
1587,0.043889
1588,0.042718
1589,0.042690
1590,0.043417
1591,0.043229
1592,0.043117
1593,0.043812
1594,0.042994
1595,0.043758
1596,0.047334
1597,0.048411
1598,0.048135
1599,0.049169
1600,0.047137
1601,0.046340
1602,0.048447
1603,0.047580
1604,0.047394
1605,0.048647
1606,0.045878
1607,0.048326
1608,0.048368
1609,0.048696
1610,0.048830
1611,0.047192
1612,0.048420
1613,0.049011
1614,0.047867
1615,0.049452
1616,0.048862
1617,0.048054
1618,0.048419
1619,0.047984
1620,0.047635
1621,0.047170
1622,0.048252
1623,0.048698
1624,0.048652
1625,0.047839
1626,0.048736
1627,0.049311
1628,0.049420
1629,0.049429
1630,0.050100
1631,0.122127
1632,0.054353
1633,0.048075
1634,0.049070
1635,0.048332
1636,0.048825
1637,0.047152
1638,0.049158
1639,0.047686
1640,0.046242
1641,0.045306
1642,0.045289
1643,0.048491
1644,0.048518
1645,0.048579
1646,0.049005
1647,0.048884
1648,0.048026
1649,0.046098
1650,0.044872
1651,0.044703
1652,0.048042
1653,0.045608
1654,0.044828
1655,0.045070
1656,0.048278
1657,0.047728
1658,0.046455
1659,0.045045
1660,0.045330
1661,0.045705
1662,0.044602
1663,0.045218
1664,0.045194
1665,0.045224
1666,0.044828
1667,0.045226
1668,0.044525
1669,0.045089
1670,0.058221
1671,0.049423
1672,0.048031
1673,0.045915
1674,0.044955
1675,0.046546
1676,0.048545
1677,0.047862
1678,0.045552
1679,0.047573
1680,0.046924
1681,0.048177
1682,0.048431
1683,0.048418
1684,0.048005
1685,0.048700
1686,0.047930
1687,0.048556
1688,0.048183
1689,0.047905
1690,0.047888
1691,0.048628
1692,0.048659
1693,0.048317
1694,0.047824
1695,0.048204
1696,0.047845
1697,0.048669
1698,0.046674
1699,0.045243
1700,0.044906
1701,0.044764
1702,0.044806
1703,0.047294
1704,0.048498
1705,0.047827
1706,0.046309
1707,0.045845
1708,0.047786
1709,0.047824
1710,0.048854
1711,0.048202
1712,0.048120
1713,0.047170
1714,0.045236
1715,0.046990
1716,0.047302
1717,0.048834
1718,0.048709
1719,0.047301
1720,0.045150
1721,0.048173
1722,0.049193
1723,0.048124
1724,0.048176
1725,0.048867
1726,0.047983
1727,0.048149
1728,0.047585
1729,0.047285
1730,0.048167
1731,0.048701
1732,0.048382
1733,0.048847
1734,0.047716
1735,0.048640
1736,0.047070
1737,0.048367
1738,0.048015
1739,0.048224
1740,0.047337
1741,0.048918
1742,0.048859
1743,0.048341
1744,0.048791
1745,0.048804
1746,0.049369
1747,0.048308
1748,0.048139
1749,0.047681
1750,0.048552
1751,0.094371
1752,0.094785
1753,0.093508
1754,0.090636
1755,0.047600
1756,0.093178
1757,0.089411
1758,0.087199
1759,0.044422
1760,0.087862
1761,0.044580
1762,0.088070
1763,0.088739
1764,0.088633
1765,0.084650
1766,0.103585
1767,0.089323
1768,0.088969
1769,0.089948
1770,0.044973
1771,0.044857
1772,0.044727
1773,0.044754
1774,0.088934
1775,0.089462
1776,0.088577
1777,0.044346
1778,0.043519
1779,0.087905
1780,0.042500
1781,0.042055
1782,0.043824
1783,0.044879
1784,0.089596
1785,0.087909
1786,0.087826
1787,0.088399
1788,0.044200
1789,0.045128
1790,0.048414
1791,0.049082
1792,0.047593
1793,0.048273
1794,0.047951
1795,0.048105
1796,0.047873
1797,0.048925
1798,0.048981
1799,0.049065
1800,0.048554
1801,0.048546
1802,0.048826
1803,0.047963
1804,0.049169
1805,0.048446
1806,0.049137
1807,0.048307
1808,0.048484
1809,0.046368
1810,0.049137
1811,0.048443
1812,0.048602
1813,0.047962
1814,0.047802
1815,0.048854
1816,0.048204
1817,0.048763
1818,0.048975
1819,0.046646
1820,0.048534
1821,0.048696
1822,0.049319
1823,0.048641
1824,0.046291
1825,0.048802
1826,0.049163
1827,0.049101
1828,0.048804
1829,0.047845
1830,0.048650
1831,0.045633
1832,0.048063
1833,0.048775
1834,0.049101
1835,0.048695
1836,0.049081
1837,0.048619
1838,0.048395
1839,0.048254
1840,0.048637
1841,0.048207
1842,0.048780
1843,0.048619
1844,0.048075
1845,0.048097
1846,0.048669
1847,0.048701
1848,0.048606
1849,0.049113
1850,0.048997
1851,0.047963
1852,0.048147
1853,0.048356
1854,0.049051
1855,0.048829
1856,0.049105
1857,0.049244
1858,0.048729
1859,0.049350
1860,0.055500
1861,0.041515
1862,0.042990
1863,0.043867
1864,0.043942
1865,0.044995
1866,0.044363
1867,0.044521
1868,0.044836
1869,0.043955
1870,0.043842
1871,0.044193
1872,0.044109
1873,0.044482
1874,0.047047
1875,0.048717
1876,0.048615
1877,0.048722
1878,0.048517
1879,0.048521
1880,0.045958
1881,0.092570
1882,0.048091
1883,0.048346
1884,0.048352
1885,0.048680
1886,0.137429
1887,0.048951
1888,0.095559
1889,0.049265
1890,0.048915
1891,0.048230
1892,0.048668
1893,0.049027
1894,0.095895
1895,0.048105
1896,0.048980
1897,0.048650
1898,0.048768
1899,0.048836
1900,0.048368
1901,0.049065
1902,0.048286
1903,0.047259
1904,0.048061
1905,0.048694
1906,0.047579
1907,0.048757
1908,0.047934
1909,0.048645
1910,0.049372
1911,0.047867
1912,0.048240
1913,0.049397
1914,0.047016
1915,0.049054
1916,0.048598
1917,0.048785
1918,0.048335
1919,0.048496
1920,0.049118
1921,0.048699
1922,0.048674
1923,0.048609
1924,0.045296
1925,0.048332
1926,0.048101
1927,0.048029
1928,0.048680
1929,0.048820
1930,0.048275
1931,0.048592
1932,0.048614
1933,0.048270
1934,0.048344
1935,0.048610
1936,0.048762
1937,0.048386
1938,0.047856
1939,0.048316
1940,0.045702
1941,0.048335
1942,0.048501
1943,0.046552
1944,0.048812
1945,0.048707
1946,0.046417
1947,0.048822
1948,0.048787
1949,0.047445
1950,0.045992
1951,0.047890
1952,0.047391
1953,0.047784
1954,0.048396
1955,0.046871
1956,0.047515
1957,0.047654
1958,0.048703
1959,0.047739
1960,0.049737
1961,0.044489
1962,0.045375
1963,0.045490
1964,0.045284
1965,0.048396
1966,0.048545
1967,0.046694
1968,0.048293
1969,0.047409
1970,0.047466
1971,0.047796
1972,0.048338
1973,0.048354
1974,0.048139
1975,0.048895
1976,0.048112
1977,0.048465
1978,0.048742
1979,0.048261
1980,0.048461
1981,0.048766
1982,0.048153
1983,0.049184
1984,0.048626
1985,0.048567
1986,0.048476
1987,0.048093
1988,0.048110
1989,0.045590
1990,0.045491
1991,0.049943
1992,0.048514
1993,0.048785
1994,0.049438
1995,0.048019
1996,0.049369
1997,0.047825
1998,0.048528
1999,0.048566
2000,0.048793
2001,0.047930
2002,0.049198
2003,0.049281
2004,0.049015
2005,0.049364
2006,0.049335
2007,0.047462
2008,0.049111
2009,0.048150
2010,0.048928
2011,0.049096
2012,0.048603
2013,0.048828
2014,0.048970
2015,0.048718
2016,0.048173
2017,0.049433
2018,0.048921
2019,0.048770
2020,0.048830
2021,0.049028
2022,0.048417
2023,0.048522
2024,0.049329
2025,0.048502
2026,0.048943
2027,0.048579
2028,0.048702
2029,0.048776
2030,0.048474
2031,0.048897
2032,0.048691
2033,0.049038
2034,0.049215
2035,0.049524
2036,0.041591
2037,0.043067
2038,0.043779
2039,0.043071
2040,0.043777
2041,0.043151
2042,0.042825
2043,0.044107
2044,0.043146
2045,0.043432
2046,0.043736
2047,0.043723
2048,0.043779
2049,0.045184
2050,0.044489
2051,0.043629
2052,0.043826
2053,0.043668
2054,0.043825
2055,0.043611
2056,0.043360
2057,0.044457
2058,0.043949
2059,0.043233
2060,0.043855
2061,0.043964
2062,0.043790
2063,0.043880
2064,0.043476
2065,0.044228
2066,0.043857
2067,0.064205
2068,0.049536
2069,0.048972
2070,0.047596
2071,0.048229
2072,0.048386
2073,0.049085
2074,0.046128
2075,0.049483
2076,0.049967
2077,0.050037
2078,0.049620
2079,0.049315
2080,0.049495
2081,0.049433
2082,0.048762
2083,0.049168
2084,0.048727
2085,0.049378
2086,0.048553
2087,0.048258
2088,0.048759
2089,0.048911
2090,0.048961
2091,0.049039
2092,0.047712
# total_episodes=2092, avg_seconds=0.053247
