# episode_index, seconds
1,0.010644
2,0.015121
3,0.014940
4,0.008866
5,0.015007
6,0.015035
7,0.014548
8,0.015082
9,0.012405
10,0.010392
11,0.015552
12,0.014134
13,0.015560
14,0.012288
15,0.016897
16,0.014866
17,0.016231
18,0.002131
19,0.070590
20,0.290285
21,0.051173
22,0.047681
23,0.247590
24,0.251965
25,0.197273
26,0.199021
27,0.203594
28,0.146436
29,0.156420
30,0.048727
31,0.199636
32,0.195102
33,0.201387
34,0.197463
35,0.198229
36,0.097282
37,0.151189
38,0.197180
39,0.198354
40,0.049407
41,0.199543
42,0.200663
43,0.148948
44,0.149797
45,0.196778
46,0.199383
47,0.200797
48,0.145167
49,0.098824
50,0.152187
51,0.147506
52,0.196444
53,0.172717
54,0.196361
55,0.149992
56,0.152721
57,0.096434
58,0.195234
59,0.203075
60,0.151540
61,0.146797
62,0.147381
63,0.101243
64,0.048658
65,0.247063
66,0.196071
67,0.151814
68,0.143321
69,0.149438
70,0.101338
71,0.096534
72,0.052691
73,0.146902
74,0.147811
75,0.200420
76,0.151368
77,0.097235
78,0.149163
79,0.101120
80,0.048925
81,0.049513
82,0.153009
83,0.049394
84,0.048894
85,0.149220
86,0.151167
87,0.048513
88,0.099332
89,0.051832
90,0.049253
91,0.048630
92,0.051254
93,0.049091
94,0.048643
95,0.053900
96,0.097857
97,0.048258
98,0.051996
99,0.148104
100,0.098324
101,0.147953
102,0.051977
103,0.047877
104,0.048629
105,0.047865
106,0.051736
107,0.048749
108,0.048702
109,0.049668
110,0.051458
111,0.050932
112,0.048693
113,0.048584
114,0.051348
115,0.051179
116,0.097106
117,0.148984
118,0.098349
119,0.051211
120,0.051427
121,0.049077
122,0.053124
123,0.050064
124,0.047479
125,0.051506
126,0.097730
127,0.053173
128,0.099006
129,0.048509
130,0.051358
131,0.101214
132,0.096328
133,0.051152
134,0.049451
135,0.047905
136,0.102090
137,0.048232
138,0.048156
139,0.051777
140,0.049677
141,0.049062
142,0.053045
143,0.100177
144,0.048484
145,0.052921
146,0.098190
147,0.048364
148,0.052093
149,0.049381
150,0.048904
151,0.052301
152,0.097935
153,0.052384
154,0.050935
155,0.100941
156,0.048063
157,0.051089
158,0.049418
159,0.056382
160,0.048907
161,0.095578
162,0.051567
163,0.048395
164,0.049292
165,0.050430
166,0.050043
167,0.050494
168,0.049445
169,0.055981
170,0.049335
171,0.049173
172,0.049793
173,0.050869
174,0.051253
175,0.053547
176,0.049800
177,0.048792
178,0.053050
179,0.054933
180,0.048888
181,0.048727
182,0.049400
183,0.151972
184,0.051866
185,0.048887
186,0.049046
187,0.051225
188,0.050055
189,0.049472
190,0.051019
191,0.050152
192,0.050104
193,0.049775
194,0.050410
195,0.051528
196,0.049246
197,0.049752
198,0.099568
199,0.049712
200,0.053249
201,0.049239
202,0.053182
203,0.059050
204,0.048984
205,0.051488
206,0.050645
207,0.101074
208,0.050702
209,0.048939
210,0.048606
211,0.051538
212,0.050082
213,0.049721
214,0.104145
215,0.049806
216,0.101198
217,0.049420
218,0.048566
219,0.048028
220,0.052065
221,0.049183
222,0.048663
223,0.052687
224,0.049973
225,0.048908
226,0.051426
227,0.050436
228,0.051844
229,0.049099
230,0.095855
231,0.051549
232,0.149185
233,0.147476
234,0.103779
235,0.197011
236,0.150831
237,0.145391
238,0.200312
239,0.252958
240,0.194726
241,0.051014
242,0.098299
243,0.051789
244,0.050792
245,0.097794
246,0.051458
247,0.051325
248,0.048740
249,0.047996
250,0.051606
251,0.048536
252,0.047550
253,0.100643
254,0.099965
255,0.101174
256,0.096859
257,0.097044
258,0.098521
259,0.122300
260,0.144711
261,0.095097
262,0.087775
263,0.105908
264,0.147029
265,0.150021
266,0.144517
267,0.144612
268,0.147519
269,0.114962
270,0.097360
271,0.146225
272,0.048833
273,0.049290
274,0.102108
275,0.047309
276,0.052931
277,0.053105
278,0.097343
279,0.048338
280,0.051634
281,0.098038
282,0.101313
283,0.048513
284,0.048521
285,0.049178
286,0.050417
287,0.053591
288,0.095962
289,0.101265
290,0.049278
291,0.051538
292,0.052395
293,0.048634
294,0.048264
295,0.051844
296,0.049186
297,0.049378
298,0.052831
299,0.050472
300,0.048855
301,0.049075
302,0.053176
303,0.049369
304,0.047806
305,0.048983
306,0.051892
307,0.049121
308,0.048555
309,0.053111
310,0.049695
311,0.048830
312,0.054797
313,0.051790
314,0.049639
315,0.048837
316,0.050113
317,0.049667
318,0.048271
319,0.048537
320,0.049577
321,0.100157
322,0.049120
323,0.049587
324,0.050129
325,0.053478
326,0.048661
327,0.048736
328,0.049908
329,0.050415
330,0.048828
331,0.048755
332,0.049464
333,0.051362
334,0.048108
335,0.048355
336,0.050407
337,0.050330
338,0.049323
339,0.051094
340,0.100406
341,0.048983
342,0.049457
343,0.050799
344,0.049628
345,0.050954
346,0.052195
347,0.049047
348,0.048553
349,0.099306
350,0.052870
351,0.049535
352,0.049623
353,0.050608
354,0.049878
355,0.053389
356,0.063241
357,0.049049
358,0.053623
359,0.048796
360,0.048639
361,0.049610
362,0.049908
363,0.052724
364,0.048809
365,0.048584
366,0.049066
367,0.049445
368,0.097251
369,0.052957
370,0.049936
371,0.048684
372,0.048387
373,0.052527
374,0.049643
375,0.048743
376,0.051455
377,0.049314
378,0.050822
379,0.048806
380,0.048549
381,0.053329
382,0.049601
383,0.048136
384,0.048109
385,0.052059
386,0.048932
387,0.048443
388,0.053616
389,0.049958
390,0.051072
391,0.048997
392,0.053905
393,0.047165
394,0.048485
395,0.049076
396,0.050148
397,0.049280
398,0.050719
399,0.052313
400,0.049263
401,0.048289
402,0.052229
403,0.053138
404,0.049284
405,0.048841
406,0.049251
407,0.050678
408,0.049797
409,0.049349
410,0.053208
411,0.049284
412,0.049558
413,0.049390
414,0.050484
415,0.049569
416,0.099998
417,0.050483
418,0.050446
419,0.049218
420,0.049178
421,0.040956
422,0.036338
423,0.049726
424,0.053127
425,0.049342
426,0.048729
427,0.049362
428,0.050483
429,0.049376
430,0.048573
431,0.052099
432,0.049503
433,0.050999
434,0.049646
435,0.051825
436,0.049913
437,0.048940
438,0.050420
439,0.050109
440,0.049054
441,0.049685
442,0.054154
443,0.049797
444,0.052964
445,0.049494
446,0.052650
447,0.049787
448,0.050993
449,0.052098
450,0.048694
451,0.048859
452,0.052678
453,0.049422
454,0.062839
455,0.052700
456,0.048801
457,0.100304
458,0.053350
459,0.049607
460,0.048467
461,0.048332
462,0.051723
463,0.048591
464,0.048403
465,0.052598
466,0.049535
467,0.048111
468,0.047528
469,0.050086
470,0.055593
471,0.049695
472,0.048931
473,0.047864
474,0.049987
475,0.049700
476,0.049808
477,0.052454
478,0.048936
479,0.048558
480,0.050117
481,0.049569
482,0.048765
483,0.049533
484,0.050731
485,0.049410
486,0.049601
487,0.048666
488,0.048777
489,0.052895
490,0.049507
491,0.048154
492,0.048339
493,0.051928
494,0.049027
495,0.048454
496,0.053044
497,0.049744
498,0.051963
499,0.048790
500,0.054349
501,0.049087
502,0.049337
503,0.050591
504,0.050088
505,0.050541
506,0.053586
507,0.049476
508,0.049932
509,0.051575
510,0.050368
511,0.052493
512,0.049040
513,0.052846
514,0.048906
515,0.049033
516,0.052172
517,0.049786
518,0.049245
519,0.051603
520,0.049271
521,0.050761
522,0.051909
523,0.049008
524,0.052919
525,0.049451
526,0.054177
527,0.048955
528,0.048718
529,0.049078
530,0.050713
531,0.049798
532,0.049295
533,0.053466
534,0.048938
535,0.049232
536,0.049504
537,0.050657
538,0.052874
539,0.048256
540,0.048681
541,0.050405
542,0.050501
543,0.048893
544,0.051644
545,0.051962
546,0.048710
547,0.048242
548,0.050890
549,0.050500
550,0.049619
551,0.052620
552,0.049095
553,0.064493
554,0.048229
555,0.048731
556,0.101094
557,0.048612
558,0.102360
559,0.097713
560,0.050183
561,0.149034
562,0.099113
563,0.049904
564,0.102305
565,0.146493
566,0.050786
567,0.098756
568,0.104113
569,0.049491
570,0.100936
571,0.098921
572,0.099989
573,0.097576
574,0.102834
575,0.100039
576,0.101489
577,0.049441
578,0.048972
579,0.099245
580,0.048820
581,0.048870
582,0.102530
583,0.049050
584,0.097351
585,0.102098
586,0.048258
587,0.052111
588,0.097736
589,0.050581
590,0.052763
591,0.048662
592,0.048449
593,0.050646
594,0.050566
595,0.049442
596,0.052831
597,0.049206
598,0.148921
599,0.152018
600,0.049834
601,0.050928
602,0.049385
603,0.050330
604,0.053545
605,0.048840
606,0.051521
607,0.049003
608,0.052600
609,0.049671
610,0.049512
611,0.049126
612,0.050373
613,0.050436
614,0.054543
615,0.049573
616,0.048298
617,0.048080
618,0.053108
619,0.050820
620,0.052532
621,0.035273
622,0.038577
623,0.048489
624,0.046032
625,0.042041
626,0.044714
627,0.064308
628,0.037995
629,0.038900
630,0.043735
631,0.040825
632,0.046882
633,0.043299
634,0.038521
635,0.044194
636,0.039447
637,0.042427
638,0.042219
639,0.041930
640,0.043812
641,0.038334
642,0.038438
643,0.036562
644,0.036109
645,0.039452
646,0.050102
647,0.044999
648,0.045770
649,0.045589
650,0.045110
651,0.045814
652,0.040006
653,0.035067
654,0.040800
655,0.040938
656,0.044148
657,0.045167
658,0.037970
659,0.039681
660,0.083891
661,0.034186
662,0.034152
663,0.063075
664,0.094427
665,0.098581
666,0.129891
667,0.153530
668,0.157607
669,0.153930
670,0.106795
671,0.126688
672,0.137963
673,0.184530
674,0.139549
675,0.137278
676,0.175841
677,0.171635
678,0.144588
679,0.145342
680,0.101982
681,0.163723
682,0.156014
683,0.117428
684,0.153413
685,0.151188
686,0.120361
687,0.113014
688,0.101202
689,0.071444
690,0.055340
691,0.057257
692,0.065884
693,0.057165
694,0.057210
695,0.056579
696,0.056195
697,0.056025
698,0.056851
699,0.062300
700,0.057431
701,0.058245
702,0.028981
703,0.057937
704,0.028796
705,0.071257
706,0.091722
707,0.090182
708,0.094853
709,0.094168
710,0.094820
711,0.133589
712,0.044364
713,0.134317
714,0.177273
715,0.175625
716,0.178798
717,0.178892
718,0.198273
719,0.176367
720,0.179827
721,0.185141
722,0.190093
723,0.191386
724,0.176512
725,0.125627
726,0.045639
727,0.045401
728,0.091183
729,0.047477
730,0.047529
731,0.047662
732,0.045879
733,0.046506
734,0.045241
735,0.045210
736,0.044208
737,0.044815
738,0.044619
739,0.043973
740,0.044608
741,0.044266
742,0.044890
743,0.044247
744,0.044215
745,0.044177
746,0.042973
747,0.044948
748,0.045620
749,0.043759
750,0.044723
751,0.046397
752,0.045227
753,0.046966
754,0.044858
755,0.045757
756,0.047038
757,0.047263
758,0.047722
759,0.047979
760,0.046469
761,0.045155
762,0.047989
763,0.047884
764,0.046859
765,0.045345
766,0.044102
767,0.044529
768,0.044445
769,0.044922
770,0.044648
771,0.044217
772,0.044166
773,0.044330
774,0.044352
775,0.043811
776,0.043485
777,0.043680
778,0.043661
779,0.044027
780,0.044011
781,0.045560
782,0.047434
783,0.088567
784,0.091202
785,0.046425
786,0.090378
787,0.141042
788,0.095249
789,0.125666
790,0.132464
791,0.130425
792,0.132161
793,0.132869
794,0.087427
795,0.131335
796,0.088813
797,0.132961
798,0.087897
799,0.045217
800,0.045644
801,0.046252
802,0.090066
803,0.095033
804,0.096007
805,0.046487
806,0.090782
807,0.095752
808,0.093840
809,0.096412
810,0.048370
811,0.046479
812,0.047940
813,0.047334
814,0.095684
815,0.048226
816,0.046599
817,0.047606
818,0.047488
819,0.047633
820,0.047467
821,0.048237
822,0.047218
823,0.047847
824,0.046221
825,0.048236
826,0.047230
827,0.048232
828,0.048459
829,0.048586
830,0.047745
831,0.048117
832,0.048064
833,0.047960
834,0.044730
835,0.044145
836,0.044653
837,0.044704
838,0.044640
839,0.044622
840,0.044884
841,0.044661
842,0.044544
843,0.045387
844,0.044405
845,0.044604
846,0.045259
847,0.045453
848,0.043746
849,0.045211
850,0.045794
851,0.045057
852,0.046097
853,0.045995
854,0.047745
855,0.096464
856,0.047621
857,0.095332
858,0.046659
859,0.047625
860,0.048267
861,0.044557
862,0.045027
863,0.045496
864,0.045643
865,0.044272
866,0.088553
867,0.045148
868,0.044899
869,0.045768
870,0.046724
871,0.045271
872,0.046553
873,0.093329
874,0.044764
875,0.088581
876,0.045072
877,0.092019
878,0.046607
879,0.046455
880,0.045863
881,0.092578
882,0.094861
883,0.044085
884,0.044148
885,0.089989
886,0.044842
887,0.088334
888,0.089757
889,0.091192
890,0.044726
891,0.090831
892,0.091385
893,0.092842
894,0.044872
895,0.089687
896,0.044501
897,0.088636
898,0.089063
899,0.088237
900,0.046472
901,0.089133
902,0.046175
903,0.092136
904,0.091119
905,0.089151
906,0.089896
907,0.088385
908,0.089403
909,0.088856
910,0.091019
911,0.089301
912,0.090863
913,0.091702
914,0.095430
915,0.088596
916,0.089076
917,0.091477
918,0.089385
919,0.093498
920,0.093301
921,0.095950
922,0.094765
923,0.096018
924,0.095097
925,0.089473
926,0.089925
927,0.088987
928,0.088932
929,0.047725
930,0.044334
931,0.045051
932,0.045650
933,0.091816
934,0.045376
935,0.046543
936,0.045652
937,0.044271
938,0.045065
939,0.103191
940,0.045685
941,0.045211
942,0.046487
943,0.138191
944,0.044648
945,0.045145
946,0.044536
947,0.044818
948,0.044987
949,0.044381
950,0.045749
951,0.091227
952,0.045005
953,0.046101
954,0.047158
955,0.044882
956,0.047389
957,0.133755
958,0.045200
959,0.044672
960,0.044592
961,0.134087
962,0.044861
963,0.044794
964,0.135249
965,0.134698
966,0.181727
967,0.046225
968,0.190381
969,0.047017
970,0.044895
971,0.044686
972,0.089805
973,0.044478
974,0.044931
975,0.044920
976,0.044660
977,0.044792
978,0.043329
979,0.044872
980,0.043055
981,0.088728
982,0.044151
983,0.044927
984,0.043416
985,0.044196
986,0.045249
987,0.089165
988,0.044604
989,0.046325
990,0.045020
991,0.045225
992,0.045139
993,0.046958
994,0.048560
995,0.048182
996,0.048533
997,0.048302
998,0.144392
999,0.096333
1000,0.190472
1001,0.143814
1002,0.096459
1003,0.096020
1004,0.143690
1005,0.144737
1006,0.145299
1007,0.144806
1008,0.143295
1009,0.143491
1010,0.142811
1011,0.143993
1012,0.144320
1013,0.144254
1014,0.145588
1015,0.144402
1016,0.145099
1017,0.144466
1018,0.144348
1019,0.144086
1020,0.144784
1021,0.144293
1022,0.144330
1023,0.143947
1024,0.144557
1025,0.095701
1026,0.096294
1027,0.096479
1028,0.096671
1029,0.096991
1030,0.048851
1031,0.048755
1032,0.096732
1033,0.091147
1034,0.046807
1035,0.046448
1036,0.140514
1037,0.088874
1038,0.089587
1039,0.088720
1040,0.087781
1041,0.045380
1042,0.088060
1043,0.133374
1044,0.088105
1045,0.088414
1046,0.131825
1047,0.090034
1048,0.088702
1049,0.134611
1050,0.132139
1051,0.092379
1052,0.091430
1053,0.047449
1054,0.059245
1055,0.051612
1056,0.093227
1057,0.092744
1058,0.144281
1059,0.159784
1060,0.143206
1061,0.189881
1062,0.179266
1063,0.133881
1064,0.133842
1065,0.180173
1066,0.177164
1067,0.133332
1068,0.053518
1069,0.133543
1070,0.046454
1071,0.046465
1072,0.092891
1073,0.046924
1074,0.092444
1075,0.135035
1076,0.090464
1077,0.090536
1078,0.090463
1079,0.044508
1080,0.045121
1081,0.134869
1082,0.138752
1083,0.044775
1084,0.137886
1085,0.137548
1086,0.045988
1087,0.141077
1088,0.046092
1089,0.090333
1090,0.089510
1091,0.134488
1092,0.135953
1093,0.136565
1094,0.090355
1095,0.090658
1096,0.045327
1097,0.045699
1098,0.046943
1099,0.092973
1100,0.046022
1101,0.095801
1102,0.045156
1103,0.089810
1104,0.045498
1105,0.045776
1106,0.045364
1107,0.045138
1108,0.045235
1109,0.044416
1110,0.045733
1111,0.045738
1112,0.046355
1113,0.045969
1114,0.045488
1115,0.045807
1116,0.045515
1117,0.045954
1118,0.045832
1119,0.046265
1120,0.046017
1121,0.046254
1122,0.048005
1123,0.047067
1124,0.045551
1125,0.045899
1126,0.045380
1127,0.045177
1128,0.044682
1129,0.045690
1130,0.045346
1131,0.044873
1132,0.045032
1133,0.044916
1134,0.045691
1135,0.046785
1136,0.089814
1137,0.047653
1138,0.045813
1139,0.048029
1140,0.092916
1141,0.045473
1142,0.045167
1143,0.045019
1144,0.045379
1145,0.045599
1146,0.089983
1147,0.045128
1148,0.045215
1149,0.090395
1150,0.046617
1151,0.046151
1152,0.044686
1153,0.092493
1154,0.091666
1155,0.091673
1156,0.047110
1157,0.091911
1158,0.045568
1159,0.045564
1160,0.045758
1161,0.045194
1162,0.089830
1163,0.090478
1164,0.044790
1165,0.044705
1166,0.044990
1167,0.045615
1168,0.044426
1169,0.046955
1170,0.043039
1171,0.088429
1172,0.041539
1173,0.044649
1174,0.045002
1175,0.044852
1176,0.044695
1177,0.044539
1178,0.089076
1179,0.044599
1180,0.044582
1181,0.044652
1182,0.088848
1183,0.044787
1184,0.046260
1185,0.045294
1186,0.045198
1187,0.045141
1188,0.045015
1189,0.044722
1190,0.044630
1191,0.089151
1192,0.043916
1193,0.060732
1194,0.045260
1195,0.091041
1196,0.045483
1197,0.045402
1198,0.046886
1199,0.045264
1200,0.044933
1201,0.048487
1202,0.045179
1203,0.048728
1204,0.046530
1205,0.044665
1206,0.045559
1207,0.045188
1208,0.045047
1209,0.045205
1210,0.045208
1211,0.044722
1212,0.045349
1213,0.045170
1214,0.045397
1215,0.044864
1216,0.044602
1217,0.044740
1218,0.044824
1219,0.045075
1220,0.044219
1221,0.044753
1222,0.044596
1223,0.044387
1224,0.090349
1225,0.044882
1226,0.087443
1227,0.044715
1228,0.047656
1229,0.044771
1230,0.044534
1231,0.044742
1232,0.045169
1233,0.092342
1234,0.106915
1235,0.089366
1236,0.046774
1237,0.088774
1238,0.087322
1239,0.045505
1240,0.045054
1241,0.091553
1242,0.133783
1243,0.143513
1244,0.143630
1245,0.144289
1246,0.144252
1247,0.048036
1248,0.144652
1249,0.143731
1250,0.144160
1251,0.048737
1252,0.143275
1253,0.096663
1254,0.096229
1255,0.048793
1256,0.144337
1257,0.048522
1258,0.090871
1259,0.089013
1260,0.044305
1261,0.044540
1262,0.044780
1263,0.043835
1264,0.043761
1265,0.044711
1266,0.044191
1267,0.044378
1268,0.044142
1269,0.044583
1270,0.044214
1271,0.043593
1272,0.043665
1273,0.044555
1274,0.043926
1275,0.043979
1276,0.043661
1277,0.044086
1278,0.087071
1279,0.058968
1280,0.044334
1281,0.047697
1282,0.048380
1283,0.048548
1284,0.043980
1285,0.047797
1286,0.048237
1287,0.048712
1288,0.048791
1289,0.045462
1290,0.046772
1291,0.048383
1292,0.045504
1293,0.048050
1294,0.047965
1295,0.049106
1296,0.045118
1297,0.040253
1298,0.040392
1299,0.043552
1300,0.043980
1301,0.043948
1302,0.045473
1303,0.052921
1304,0.045615
1305,0.045717
1306,0.044824
1307,0.087232
1308,0.044406
1309,0.044271
1310,0.044126
1311,0.044121
1312,0.043953
1313,0.044086
1314,0.087416
1315,0.044767
1316,0.044139
1317,0.044854
1318,0.044633
1319,0.049507
1320,0.045192
1321,0.045357
1322,0.047314
1323,0.049095
1324,0.046045
1325,0.048537
1326,0.047783
1327,0.049644
1328,0.046545
1329,0.048475
1330,0.048957
1331,0.049610
1332,0.049132
1333,0.048891
1334,0.049317
1335,0.048912
1336,0.048663
1337,0.048307
1338,0.048536
1339,0.049124
1340,0.048818
1341,0.049043
1342,0.048656
1343,0.048993
1344,0.049650
1345,0.049589
1346,0.049222
1347,0.049513
1348,0.049294
1349,0.049170
1350,0.048315
1351,0.049033
1352,0.049170
1353,0.048919
1354,0.048063
1355,0.048842
1356,0.048475
1357,0.049212
1358,0.048703
1359,0.049286
1360,0.049791
1361,0.048964
1362,0.049102
1363,0.048555
1364,0.048488
1365,0.049035
1366,0.049007
1367,0.048512
1368,0.049121
1369,0.046214
1370,0.047919
1371,0.048528
1372,0.049426
1373,0.047485
1374,0.048404
1375,0.048004
1376,0.048989
1377,0.044765
1378,0.044918
1379,0.044591
1380,0.045876
1381,0.045299
1382,0.044653
1383,0.058795
1384,0.044559
1385,0.045203
1386,0.047318
1387,0.045001
1388,0.048431
1389,0.049041
1390,0.047008
1391,0.046015
1392,0.044828
1393,0.044858
1394,0.044603
1395,0.044784
1396,0.045055
1397,0.044784
1398,0.044551
1399,0.044339
1400,0.088202
1401,0.048231
1402,0.098380
1403,0.096165
1404,0.096114
1405,0.145821
1406,0.146116
1407,0.146701
1408,0.146041
1409,0.145912
1410,0.145864
1411,0.146420
1412,0.096933
1413,0.096959
1414,0.096383
1415,0.098035
1416,0.075598
1417,0.088580
1418,0.088532
1419,0.088419
1420,0.088417
1421,0.087979
1422,0.088399
1423,0.087943
1424,0.087604
1425,0.087764
1426,0.087728
1427,0.088571
1428,0.088562
1429,0.088152
1430,0.089176
1431,0.088986
1432,0.088276
1433,0.073561
1434,0.087560
1435,0.088625
1436,0.088701
1437,0.088790
1438,0.088365
1439,0.088356
1440,0.092209
1441,0.088592
1442,0.087366
1443,0.077563
1444,0.088433
1445,0.090667
1446,0.087582
1447,0.088071
1448,0.088150
1449,0.044164
1450,0.043876
1451,0.044260
1452,0.044901
1453,0.044554
1454,0.045865
1455,0.044162
1456,0.044001
1457,0.044673
1458,0.044336
1459,0.044366
1460,0.043867
1461,0.044305
1462,0.095218
1463,0.089931
1464,0.044542
1465,0.044438
1466,0.044569
1467,0.086881
1468,0.086860
1469,0.044484
1470,0.043533
1471,0.045923
1472,0.044724
1473,0.044060
1474,0.044468
1475,0.043986
1476,0.044402
1477,0.044644
1478,0.043857
1479,0.045511
1480,0.044687
1481,0.046516
1482,0.045086
1483,0.045039
1484,0.048901
1485,0.045266
1486,0.049155
1487,0.049347
1488,0.136177
1489,0.047127
1490,0.047920
1491,0.048238
1492,0.047666
1493,0.044982
1494,0.044062
1495,0.044656
1496,0.092569
1497,0.047619
1498,0.048427
1499,0.048882
1500,0.047466
1501,0.048607
1502,0.046177
1503,0.044051
1504,0.048770
1505,0.046964
1506,0.048766
1507,0.046696
1508,0.048238
1509,0.047327
1510,0.048170
1511,0.048241
1512,0.047687
1513,0.047619
1514,0.045746
1515,0.042966
1516,0.044109
1517,0.045183
1518,0.044994
1519,0.043779
1520,0.044362
1521,0.046322
1522,0.044638
1523,0.044795
1524,0.044471
1525,0.048782
1526,0.047532
1527,0.047906
1528,0.048863
1529,0.048951
1530,0.048988
1531,0.048278
1532,0.049099
1533,0.044170
1534,0.044276
1535,0.044315
1536,0.044332
1537,0.044257
1538,0.044323
1539,0.044280
1540,0.057500
1541,0.048316
1542,0.048770
1543,0.096094
1544,0.145226
1545,0.145143
1546,0.219076
1547,0.133113
1548,0.131592
1549,0.183249
1550,0.142715
1551,0.145023
1552,0.143055
1553,0.143221
1554,0.144901
1555,0.142983
1556,0.097732
1557,0.049058
1558,0.097370
1559,0.097496
1560,0.048251
1561,0.048611
1562,0.097480
1563,0.048621
1564,0.047868
1565,0.048577
1566,0.049289
1567,0.048296
1568,0.048834
1569,0.049094
1570,0.048905
1571,0.048810
1572,0.048659
1573,0.048843
1574,0.048733
1575,0.048352
1576,0.048080
1577,0.049276
1578,0.048497
1579,0.048835
1580,0.048724
1581,0.049024
1582,0.048497
1583,0.049340
1584,0.048964
1585,0.048948
1586,0.048317
1587,0.048919
1588,0.048372
1589,0.048704
1590,0.048803
1591,0.048914
1592,0.048553
1593,0.048858
1594,0.048515
1595,0.049155
1596,0.048993
1597,0.048471
1598,0.048822
1599,0.048834
1600,0.049088
1601,0.047501
1602,0.048843
1603,0.048342
1604,0.048865
1605,0.048559
1606,0.048803
1607,0.048655
1608,0.047736
1609,0.048533
1610,0.048830
1611,0.048746
1612,0.047778
1613,0.048510
1614,0.048698
1615,0.049234
1616,0.048629
1617,0.047943
1618,0.048387
1619,0.048323
1620,0.047207
1621,0.048416
1622,0.048161
1623,0.048506
1624,0.048109
1625,0.049122
1626,0.048339
1627,0.048128
1628,0.048791
1629,0.048805
1630,0.048641
1631,0.049333
1632,0.048501
1633,0.049090
1634,0.048070
1635,0.048601
1636,0.048886
1637,0.048813
1638,0.048161
1639,0.049039
1640,0.047460
1641,0.048905
1642,0.048132
1643,0.048981
1644,0.048517
1645,0.047743
1646,0.047918
1647,0.048247
1648,0.048785
1649,0.048773
1650,0.048230
1651,0.049207
1652,0.049113
1653,0.048887
1654,0.048461
1655,0.048535
1656,0.048867
1657,0.047908
1658,0.048530
1659,0.048830
1660,0.048614
1661,0.048629
# total_episodes=1661, avg_seconds=0.068144
