# episode_index, seconds
1,0.003537
2,0.013911
3,0.001778
4,0.007114
5,0.004136
6,0.004804
7,0.016226
8,0.007898
9,0.005047
10,0.002159
11,0.005614
12,0.001808
13,0.005498
14,0.001943
15,0.017260
16,0.004204
17,0.005591
18,0.003978
19,0.007718
20,0.010623
21,0.002068
22,0.002187
23,0.005653
24,0.002740
25,0.002749
26,0.011144
27,0.002238
28,0.002066
29,0.004282
30,0.003155
31,0.002887
32,0.014117
33,0.010577
34,0.011149
35,0.012560
36,0.004837
37,0.002672
38,0.012130
39,0.008310
40,0.008065
41,0.100558
42,0.048833
43,0.142117
44,0.048476
45,0.046872
46,0.140345
47,0.126872
48,0.087821
49,0.049984
50,0.047706
51,0.054577
52,0.061949
53,0.054778
54,0.067096
55,0.050446
56,0.054491
57,0.115187
58,0.081902
59,0.050871
60,0.049054
61,0.052386
62,0.051127
63,0.047093
64,0.049542
65,0.050395
66,0.048417
67,0.046749
68,0.052344
69,0.047719
70,0.046834
71,0.053052
72,0.051732
73,0.048564
74,0.049966
75,0.047344
76,0.049581
77,0.049162
78,0.049751
79,0.046920
80,0.047862
81,0.053003
82,0.046750
83,0.051633
84,0.046975
85,0.049911
86,0.048396
87,0.051256
88,0.048130
89,0.047185
90,0.099054
91,0.046929
92,0.048016
93,0.051184
94,0.047641
95,0.049440
96,0.095510
97,0.048612
98,0.051586
99,0.048405
100,0.046460
101,0.048532
102,0.051865
103,0.062318
104,0.052994
105,0.105653
106,0.147035
107,0.035108
108,0.095296
109,0.046196
110,0.097660
111,0.046491
112,0.046654
113,0.049648
114,0.093630
115,0.046637
116,0.097316
117,0.093676
118,0.094227
119,0.046313
120,0.048079
121,0.095229
122,0.097726
123,0.145266
124,0.091915
125,0.098274
126,0.087207
127,0.086134
128,0.117591
129,0.123389
130,0.048909
131,0.098723
132,0.096685
133,0.048816
134,0.097942
135,0.048450
136,0.048882
137,0.048738
138,0.052327
139,0.048125
140,0.046450
141,0.052034
142,0.054091
143,0.057186
144,0.047627
145,0.032038
146,0.031431
147,0.043753
148,0.047273
149,0.040214
150,0.044112
151,0.034807
152,0.033215
153,0.046749
154,0.030358
155,0.030880
156,0.030558
157,0.034641
158,0.047427
159,0.046772
160,0.043266
161,0.039625
162,0.043614
163,0.035347
164,0.027763
165,0.028464
166,0.028626
167,0.028395
168,0.031448
169,0.063674
170,0.030529
171,0.034124
172,0.031142
173,0.030831
174,0.034433
175,0.041254
176,0.046688
177,0.039607
178,0.045776
179,0.035652
180,0.032170
181,0.033745
182,0.043314
183,0.042580
184,0.044434
185,0.043637
186,0.084943
187,0.043610
188,0.120160
189,0.044551
190,0.039376
191,0.037013
192,0.038681
193,0.036604
194,0.037526
195,0.037007
196,0.073847
197,0.036637
198,0.028542
199,0.029898
200,0.029566
201,0.029285
202,0.028603
203,0.028543
204,0.028049
205,0.032157
206,0.036943
207,0.037451
208,0.034943
209,0.029966
210,0.035234
211,0.036964
212,0.036190
213,0.033010
214,0.030723
215,0.032138
216,0.041249
217,0.047390
218,0.040212
219,0.044363
220,0.036787
221,0.033027
222,0.046129
223,0.034628
224,0.037852
225,0.037639
226,0.037196
227,0.037508
228,0.037257
229,0.038536
230,0.036453
231,0.034268
232,0.029157
233,0.028004
234,0.028239
235,0.028331
236,0.028684
237,0.028693
238,0.030043
239,0.031436
240,0.032261
241,0.031282
242,0.031407
243,0.031176
244,0.031164
245,0.030798
246,0.032418
247,0.038928
248,0.028527
249,0.028698
250,0.028437
251,0.028617
252,0.027204
253,0.027849
254,0.027983
255,0.029485
256,0.032503
257,0.031670
258,0.028861
259,0.029207
260,0.028487
261,0.028785
262,0.029136
263,0.029242
264,0.028551
265,0.029238
266,0.029241
267,0.031371
268,0.044623
269,0.043663
270,0.043985
271,0.043912
272,0.044304
273,0.043492
274,0.043786
275,0.043724
276,0.043523
277,0.043964
278,0.043407
279,0.043556
280,0.043874
281,0.043223
282,0.044293
283,0.043917
284,0.043791
285,0.044226
286,0.044058
287,0.043971
288,0.044349
289,0.044165
290,0.043485
291,0.043680
292,0.043870
293,0.044071
294,0.043758
295,0.043907
296,0.044364
297,0.044544
298,0.043686
299,0.043932
300,0.043777
301,0.045853
302,0.042635
303,0.033846
304,0.029127
305,0.029825
306,0.030907
307,0.046820
308,0.058493
309,0.045601
310,0.045409
311,0.046413
312,0.045108
313,0.046063
314,0.045342
315,0.046367
316,0.045401
317,0.044697
318,0.046266
319,0.046658
320,0.069067
321,0.092468
322,0.048009
323,0.046214
324,0.045060
325,0.045920
326,0.045657
327,0.045657
328,0.045467
329,0.045963
330,0.045735
331,0.045090
332,0.046386
333,0.044966
334,0.047635
335,0.045998
336,0.045804
337,0.046727
338,0.047020
339,0.048513
340,0.045940
341,0.049598
342,0.045681
343,0.046018
344,0.046418
345,0.045051
346,0.045863
347,0.046790
348,0.047341
349,0.045558
350,0.046288
351,0.046863
352,0.045272
353,0.047181
354,0.046644
355,0.045654
356,0.045357
357,0.044765
358,0.045382
359,0.045796
360,0.046517
361,0.046579
362,0.046012
363,0.046510
364,0.047090
365,0.045667
366,0.046070
367,0.046385
368,0.046370
369,0.047264
370,0.046423
371,0.047633
372,0.046661
373,0.045444
374,0.045798
375,0.045222
376,0.045512
377,0.046318
378,0.045571
379,0.045898
380,0.045121
381,0.045243
382,0.046907
383,0.047662
384,0.046129
385,0.045832
386,0.046374
387,0.047443
388,0.047733
389,0.046725
390,0.046288
391,0.046449
392,0.045642
393,0.045895
394,0.045873
395,0.046421
396,0.044906
397,0.046179
398,0.045425
399,0.048418
400,0.046180
401,0.044794
402,0.045943
403,0.046892
404,0.047362
405,0.047437
406,0.046844
407,0.047839
408,0.048710
409,0.046080
410,0.045480
411,0.045436
412,0.045320
413,0.046432
414,0.046201
415,0.045145
416,0.044990
417,0.046423
418,0.046606
419,0.046862
420,0.045566
421,0.046512
422,0.046095
423,0.046606
424,0.047421
425,0.046310
426,0.048776
427,0.045977
428,0.045673
429,0.045684
430,0.090690
431,0.045355
432,0.045190
433,0.045701
434,0.045615
435,0.046051
436,0.045984
437,0.047079
438,0.044922
439,0.044735
440,0.045632
441,0.046728
442,0.046953
443,0.093027
444,0.045887
445,0.046165
446,0.090954
447,0.136429
448,0.183059
449,0.047828
450,0.091851
451,0.046355
452,0.045628
453,0.092631
454,0.093881
455,0.095819
456,0.091887
457,0.045682
458,0.090826
459,0.136994
460,0.138737
461,0.091188
462,0.137809
463,0.185152
464,0.046135
465,0.091090
466,0.090982
467,0.045713
468,0.045652
469,0.045504
470,0.047070
471,0.048166
472,0.090744
473,0.046735
474,0.047299
475,0.047801
476,0.046487
477,0.045369
478,0.045609
479,0.045082
480,0.045332
481,0.046249
482,0.045246
483,0.090477
484,0.045707
485,0.046123
486,0.046125
487,0.047665
488,0.045992
489,0.045795
490,0.047764
491,0.047545
492,0.046232
493,0.046519
494,0.046129
495,0.046599
496,0.046801
497,0.046284
498,0.046980
499,0.048034
500,0.046322
501,0.047162
502,0.046202
503,0.047233
504,0.047537
505,0.045907
506,0.046604
507,0.046676
508,0.045561
509,0.046220
510,0.046371
511,0.045580
512,0.045366
513,0.045912
514,0.045793
515,0.049097
516,0.045548
517,0.045248
518,0.045742
519,0.047165
520,0.047333
521,0.046466
522,0.046584
523,0.047961
524,0.048415
525,0.048428
526,0.047948
527,0.046667
528,0.045172
529,0.045524
530,0.045220
531,0.045755
532,0.045303
533,0.045469
534,0.082871
535,0.048458
536,0.045389
537,0.044899
538,0.045412
539,0.046371
540,0.046835
541,0.045449
542,0.047904
543,0.046750
544,0.046381
545,0.046509
546,0.044797
547,0.056569
548,0.041097
549,0.034708
550,0.046052
551,0.046393
552,0.045649
553,0.044739
554,0.046327
555,0.046185
556,0.046974
557,0.046057
558,0.045431
559,0.046179
560,0.139819
561,0.139371
562,0.135610
563,0.045267
564,0.045245
565,0.045956
566,0.045759
567,0.044979
568,0.045866
569,0.046432
570,0.047684
571,0.044747
572,0.044822
573,0.046774
574,0.045636
575,0.047487
576,0.046848
577,0.046630
578,0.047945
579,0.045930
580,0.046417
581,0.045680
582,0.045665
583,0.045628
584,0.045708
585,0.045655
586,0.045699
587,0.046044
588,0.047871
589,0.046137
590,0.045520
591,0.046449
592,0.045952
593,0.046734
594,0.047534
595,0.046039
596,0.048531
597,0.046652
598,0.046223
599,0.045476
600,0.046505
601,0.045272
602,0.045416
603,0.045640
604,0.045424
605,0.045792
606,0.045593
607,0.045604
608,0.046354
609,0.046724
610,0.048645
611,0.045541
612,0.046225
613,0.046111
614,0.046758
615,0.047744
616,0.047266
617,0.047116
618,0.047405
619,0.045968
620,0.046332
621,0.045268
622,0.045828
623,0.045787
624,0.045219
625,0.045626
626,0.045192
627,0.045396
628,0.046730
629,0.047471
630,0.045895
631,0.045578
632,0.071094
633,0.045172
634,0.046666
635,0.046593
636,0.047444
637,0.045538
638,0.045729
639,0.045796
640,0.047255
641,0.046560
642,0.046620
643,0.046565
644,0.046900
645,0.045176
646,0.045279
647,0.046130
648,0.044921
649,0.045416
650,0.059932
651,0.046133
652,0.046601
653,0.045519
654,0.048575
655,0.047206
656,0.047221
657,0.046703
658,0.044690
659,0.045483
660,0.045150
661,0.045447
662,0.045123
663,0.046067
664,0.045680
665,0.090969
666,0.045198
667,0.046541
668,0.047729
669,0.046783
670,0.044818
671,0.046279
672,0.045926
673,0.046793
674,0.047409
675,0.045854
676,0.046684
677,0.045565
678,0.045379
679,0.046546
680,0.046224
681,0.046398
682,0.045878
683,0.045350
684,0.045726
685,0.046516
686,0.047104
687,0.046458
688,0.045182
689,0.045733
690,0.046151
691,0.046192
692,0.045943
693,0.047674
694,0.045655
695,0.047110
696,0.047737
697,0.047810
698,0.045805
699,0.045185
700,0.045437
701,0.045913
702,0.045629
703,0.135615
704,0.045779
705,0.045789
706,0.090723
707,0.045489
708,0.045069
709,0.138340
710,0.137050
711,0.138353
712,0.142177
713,0.140606
714,0.045850
715,0.044714
716,0.045689
717,0.045346
718,0.045242
719,0.045438
720,0.045204
721,0.046413
722,0.046036
723,0.045266
724,0.044461
725,0.045047
726,0.046682
727,0.064620
728,0.048500
729,0.048277
730,0.048446
731,0.047656
732,0.045656
733,0.045709
734,0.045273
735,0.045800
736,0.045977
737,0.046038
738,0.045909
739,0.046037
740,0.046778
741,0.047492
742,0.045840
743,0.046416
744,0.047185
745,0.047990
746,0.046788
747,0.047009
748,0.046252
749,0.045905
750,0.045210
751,0.046023
752,0.045197
753,0.046041
754,0.046168
755,0.045854
756,0.046720
757,0.045699
758,0.047131
759,0.047196
760,0.045722
761,0.045233
762,0.045879
763,0.046006
764,0.046477
765,0.047724
766,0.046192
767,0.047308
768,0.045260
769,0.046295
770,0.045422
771,0.045270
772,0.045511
773,0.045741
774,0.046145
775,0.045330
776,0.046157
777,0.046107
778,0.046947
779,0.045356
780,0.045445
781,0.045541
782,0.045540
783,0.047151
784,0.045412
785,0.047449
786,0.046343
787,0.048278
788,0.144516
789,0.044452
790,0.044826
791,0.044914
792,0.047742
793,0.048128
794,0.047035
795,0.047127
796,0.049214
797,0.048731
798,0.047328
799,0.048358
800,0.048398
801,0.049157
802,0.048586
803,0.048198
804,0.049166
805,0.049055
806,0.048920
807,0.048308
808,0.048755
809,0.048281
810,0.048554
811,0.048935
812,0.141333
813,0.047360
814,0.048153
815,0.049112
816,0.048607
817,0.048407
818,0.046357
819,0.048670
820,0.049832
821,0.044470
822,0.061889
823,0.134649
824,0.137520
825,0.137050
826,0.137411
827,0.148195
828,0.044781
829,0.045522
830,0.135789
831,0.135427
832,0.134644
833,0.133407
834,0.133801
835,0.136183
836,0.140642
837,0.186228
838,0.089308
839,0.140219
840,0.144870
841,0.143126
842,0.095466
843,0.047612
844,0.143420
845,0.193038
846,0.144192
847,0.143649
848,0.096363
849,0.138848
850,0.048768
851,0.138748
852,0.091960
853,0.049019
854,0.094025
855,0.045623
856,0.090362
857,0.045507
858,0.090332
859,0.045131
860,0.093118
861,0.143005
862,0.096109
863,0.143091
864,0.145584
865,0.049079
866,0.144751
867,0.048976
868,0.047415
869,0.141175
870,0.097991
871,0.144626
872,0.095035
873,0.048449
874,0.142910
875,0.140494
876,0.048298
877,0.047165
878,0.141922
879,0.096963
880,0.096483
881,0.096198
882,0.095006
883,0.095998
884,0.097272
885,0.095518
886,0.049088
887,0.047919
888,0.048324
889,0.048062
890,0.094974
891,0.048582
892,0.096220
893,0.046956
894,0.095311
895,0.097130
896,0.096895
897,0.096288
898,0.094212
899,0.097173
900,0.094304
901,0.094347
902,0.096857
903,0.048444
904,0.097126
905,0.094201
906,0.141895
907,0.048573
908,0.049031
909,0.145224
910,0.096484
911,0.096007
912,0.096444
913,0.049102
914,0.094590
915,0.096342
916,0.096357
917,0.048983
918,0.096344
919,0.096896
920,0.096411
921,0.095789
922,0.096057
923,0.097035
924,0.145607
925,0.095384
926,0.095666
927,0.145912
928,0.047983
929,0.048178
930,0.048928
931,0.048063
932,0.047697
933,0.049294
934,0.094769
935,0.047954
936,0.047374
937,0.142990
938,0.048935
939,0.048971
940,0.049167
941,0.048585
942,0.049310
943,0.096803
944,0.188948
945,0.193259
946,0.048868
947,0.049099
948,0.048702
949,0.048123
950,0.047027
951,0.046076
952,0.048481
953,0.049096
954,0.048490
955,0.047872
956,0.048399
957,0.097164
958,0.046842
959,0.049169
960,0.145146
961,0.047719
962,0.094525
963,0.049095
964,0.144142
965,0.048731
966,0.095209
967,0.048778
968,0.049232
969,0.047974
970,0.048584
971,0.049143
972,0.048679
973,0.049064
974,0.049114
975,0.049028
976,0.049113
977,0.048662
978,0.096634
979,0.048035
980,0.048053
981,0.049267
982,0.047933
983,0.048105
984,0.048059
985,0.049066
986,0.048187
987,0.048065
988,0.047901
989,0.048184
990,0.049156
991,0.048611
992,0.048404
993,0.048276
994,0.049220
995,0.048718
996,0.048936
997,0.048934
998,0.145498
999,0.143360
1000,0.048179
1001,0.048053
1002,0.142975
1003,0.142300
1004,0.048582
1005,0.142089
1006,0.048680
1007,0.144853
1008,0.146229
1009,0.048832
1010,0.140679
1011,0.145306
1012,0.146154
1013,0.095763
1014,0.092457
1015,0.091025
1016,0.047938
1017,0.049077
1018,0.048084
1019,0.048931
1020,0.048640
1021,0.049155
1022,0.048219
1023,0.047622
1024,0.047174
1025,0.048416
1026,0.047644
1027,0.049027
1028,0.048764
1029,0.048959
1030,0.048297
1031,0.049333
1032,0.049621
1033,0.048469
1034,0.049211
1035,0.049033
1036,0.046359
1037,0.049165
1038,0.048931
1039,0.049423
1040,0.047352
1041,0.048813
1042,0.048482
1043,0.048704
1044,0.048279
1045,0.047118
1046,0.049055
1047,0.046887
1048,0.048860
1049,0.048079
1050,0.047838
1051,0.049191
1052,0.048765
1053,0.047928
1054,0.048150
1055,0.048084
1056,0.049152
1057,0.048798
1058,0.047654
1059,0.047855
1060,0.048287
1061,0.048716
1062,0.048464
1063,0.048941
1064,0.048586
1065,0.047765
1066,0.046285
1067,0.048773
1068,0.047434
1069,0.047907
1070,0.047897
1071,0.048752
1072,0.048352
1073,0.048946
1074,0.048156
1075,0.047245
1076,0.048413
1077,0.048494
1078,0.048397
1079,0.048683
1080,0.048088
1081,0.047681
1082,0.048548
1083,0.047750
1084,0.048608
1085,0.047996
1086,0.048038
1087,0.046824
1088,0.048473
1089,0.048952
1090,0.047949
1091,0.048859
1092,0.046474
1093,0.047186
1094,0.048676
1095,0.048057
1096,0.048440
1097,0.047715
1098,0.047679
1099,0.048793
1100,0.047750
1101,0.048232
1102,0.048587
1103,0.048152
1104,0.047881
1105,0.048804
1106,0.048336
1107,0.045707
1108,0.047267
1109,0.047644
1110,0.048454
1111,0.048154
1112,0.048835
1113,0.048533
1114,0.048145
1115,0.048203
1116,0.048148
1117,0.048635
1118,0.048643
1119,0.094969
1120,0.048252
1121,0.048697
1122,0.049061
1123,0.048495
1124,0.049254
1125,0.047212
1126,0.048957
1127,0.047945
1128,0.096676
1129,0.048434
1130,0.048509
1131,0.048144
1132,0.046128
1133,0.048683
1134,0.048218
1135,0.047297
1136,0.047015
1137,0.048828
1138,0.048255
1139,0.049182
1140,0.049093
1141,0.049314
1142,0.048885
1143,0.048778
1144,0.048257
1145,0.047938
1146,0.047980
1147,0.048108
1148,0.048950
1149,0.047584
1150,0.047553
1151,0.048609
1152,0.047450
1153,0.046823
1154,0.047127
1155,0.047418
1156,0.047074
1157,0.048811
1158,0.048286
1159,0.048700
1160,0.048229
1161,0.048427
1162,0.048358
1163,0.047145
1164,0.048959
1165,0.049019
1166,0.045651
1167,0.047810
1168,0.048540
1169,0.048459
1170,0.046244
1171,0.048369
1172,0.048073
1173,0.047696
1174,0.048919
1175,0.048535
1176,0.047554
1177,0.048550
1178,0.048677
1179,0.048213
1180,0.048069
1181,0.048934
1182,0.049165
1183,0.049451
1184,0.048763
1185,0.048131
1186,0.048520
1187,0.048751
1188,0.047963
1189,0.048992
1190,0.049281
1191,0.046337
1192,0.049027
1193,0.048567
1194,0.046450
1195,0.048241
1196,0.048701
1197,0.048879
1198,0.049685
1199,0.049235
1200,0.048982
1201,0.093542
1202,0.095347
1203,0.095991
1204,0.049235
1205,0.048644
1206,0.094714
1207,0.048845
1208,0.096549
1209,0.048372
1210,0.048453
1211,0.048679
1212,0.048902
1213,0.048444
1214,0.046066
1215,0.048545
1216,0.048855
1217,0.049651
1218,0.049552
1219,0.048248
1220,0.048409
1221,0.048180
1222,0.048796
1223,0.048602
1224,0.048522
1225,0.048424
1226,0.048936
1227,0.047718
1228,0.048845
1229,0.048303
1230,0.047747
1231,0.048503
1232,0.049089
1233,0.048524
1234,0.049432
1235,0.048919
1236,0.048655
1237,0.047844
1238,0.048097
1239,0.048888
1240,0.049340
1241,0.047732
1242,0.048594
1243,0.048720
1244,0.048659
1245,0.048045
1246,0.049180
1247,0.048390
1248,0.046451
1249,0.048155
1250,0.049455
1251,0.048816
1252,0.049237
1253,0.046767
1254,0.049126
1255,0.048505
1256,0.048986
1257,0.048315
1258,0.048261
1259,0.046726
1260,0.048280
1261,0.047402
1262,0.048067
1263,0.048821
1264,0.049354
1265,0.048436
1266,0.047258
1267,0.048793
1268,0.048460
1269,0.048775
1270,0.048962
1271,0.046243
1272,0.048648
1273,0.048751
1274,0.048764
1275,0.042693
1276,0.037586
1277,0.045106
1278,0.045560
1279,0.044704
1280,0.048284
1281,0.048026
1282,0.047516
1283,0.048905
1284,0.047708
1285,0.048170
1286,0.048738
1287,0.045242
1288,0.048549
1289,0.048190
1290,0.048580
1291,0.047379
1292,0.048372
1293,0.048217
1294,0.047839
1295,0.048266
1296,0.048857
1297,0.047863
1298,0.047596
1299,0.046756
1300,0.048985
1301,0.048566
1302,0.048828
1303,0.048611
1304,0.047983
1305,0.048094
1306,0.048643
1307,0.048604
1308,0.048728
1309,0.048057
1310,0.047190
1311,0.048031
1312,0.048098
1313,0.047828
1314,0.048772
1315,0.048957
1316,0.049229
1317,0.048881
1318,0.047943
1319,0.048682
1320,0.047724
1321,0.047899
1322,0.047866
1323,0.048164
1324,0.049004
1325,0.048106
1326,0.048901
1327,0.048132
1328,0.047721
1329,0.047839
1330,0.048214
1331,0.047962
1332,0.048083
1333,0.048344
1334,0.048703
1335,0.047765
1336,0.048871
1337,0.047857
1338,0.046036
1339,0.045669
1340,0.048701
1341,0.049480
1342,0.048599
1343,0.048953
1344,0.048433
1345,0.047396
1346,0.048740
1347,0.048128
1348,0.047301
1349,0.047904
1350,0.048563
1351,0.048468
1352,0.048811
1353,0.049044
1354,0.044439
1355,0.049220
1356,0.048374
1357,0.049900
1358,0.049069
1359,0.048797
1360,0.048017
1361,0.048325
1362,0.049049
1363,0.048822
1364,0.048226
1365,0.045298
1366,0.045028
1367,0.045026
1368,0.045687
1369,0.048805
1370,0.046597
1371,0.046774
1372,0.048134
1373,0.049117
1374,0.048521
1375,0.048854
1376,0.048096
1377,0.048926
1378,0.048207
1379,0.048681
1380,0.047525
1381,0.048631
1382,0.048668
1383,0.048044
1384,0.048521
1385,0.048953
1386,0.049067
1387,0.048122
1388,0.048535
1389,0.049040
1390,0.048016
1391,0.048021
1392,0.048461
1393,0.047986
1394,0.048265
1395,0.047968
1396,0.048871
1397,0.048042
1398,0.049499
1399,0.049006
1400,0.049195
1401,0.048653
1402,0.048010
1403,0.048198
1404,0.049217
1405,0.046915
1406,0.049022
1407,0.049173
1408,0.047358
1409,0.047372
1410,0.048427
1411,0.048369
1412,0.048806
1413,0.049130
1414,0.047741
1415,0.048571
1416,0.048357
1417,0.049199
1418,0.049024
1419,0.047796
1420,0.046379
1421,0.048290
1422,0.048494
1423,0.048502
1424,0.048658
1425,0.048378
1426,0.048936
1427,0.048769
1428,0.047321
1429,0.049278
1430,0.048422
1431,0.048430
1432,0.047753
1433,0.049116
1434,0.048135
1435,0.049348
1436,0.048514
1437,0.046135
1438,0.048706
1439,0.049174
1440,0.047820
1441,0.046866
1442,0.048543
1443,0.048722
1444,0.048405
1445,0.048935
1446,0.048116
1447,0.048586
1448,0.049190
1449,0.049214
1450,0.048718
1451,0.048939
1452,0.046952
1453,0.048070
1454,0.049435
1455,0.048945
1456,0.048290
1457,0.047971
1458,0.048333
1459,0.048801
1460,0.048603
1461,0.048468
1462,0.048883
1463,0.049151
1464,0.048460
1465,0.049194
1466,0.048709
1467,0.047621
1468,0.047483
1469,0.048874
1470,0.048513
1471,0.049040
1472,0.048777
1473,0.047505
1474,0.047678
1475,0.049028
1476,0.049162
1477,0.049045
1478,0.048136
1479,0.048795
1480,0.047926
1481,0.048779
1482,0.048400
1483,0.049072
1484,0.048592
1485,0.048699
1486,0.048042
1487,0.048566
1488,0.049055
1489,0.049054
1490,0.047462
1491,0.048278
1492,0.048790
1493,0.048944
1494,0.047460
1495,0.048045
1496,0.048636
1497,0.048167
1498,0.048914
1499,0.049073
1500,0.049088
1501,0.048129
1502,0.048819
1503,0.047933
1504,0.049059
1505,0.049089
1506,0.048359
1507,0.047221
1508,0.048803
1509,0.048471
1510,0.049172
1511,0.048218
1512,0.048462
1513,0.048078
1514,0.049046
1515,0.048154
1516,0.049110
1517,0.048720
1518,0.046911
1519,0.047975
1520,0.048813
1521,0.048837
1522,0.049749
1523,0.047893
1524,0.048731
1525,0.048744
1526,0.048999
1527,0.049023
1528,0.048867
1529,0.048589
1530,0.048539
1531,0.047051
1532,0.048397
1533,0.048315
1534,0.047675
1535,0.047993
1536,0.047658
1537,0.049442
1538,0.048829
1539,0.048615
1540,0.048230
1541,0.048029
1542,0.048942
1543,0.048068
1544,0.047775
1545,0.048658
1546,0.048669
1547,0.048461
1548,0.048927
1549,0.048930
1550,0.049245
1551,0.048273
1552,0.048705
1553,0.048135
1554,0.048777
1555,0.048690
1556,0.049350
1557,0.048214
1558,0.048838
1559,0.048261
1560,0.046782
1561,0.047995
1562,0.048344
1563,0.048472
1564,0.047196
1565,0.047252
1566,0.047890
1567,0.046380
1568,0.048574
1569,0.048604
1570,0.048371
1571,0.047371
1572,0.046793
1573,0.048444
1574,0.047543
1575,0.045884
1576,0.047059
1577,0.046073
1578,0.045331
1579,0.048798
1580,0.048419
1581,0.048627
1582,0.046750
1583,0.048422
1584,0.049021
1585,0.048359
1586,0.047782
1587,0.047918
1588,0.048416
1589,0.048679
1590,0.048745
1591,0.048389
1592,0.048869
1593,0.049104
1594,0.047285
1595,0.046221
1596,0.049553
1597,0.048902
1598,0.047044
1599,0.048674
1600,0.048471
1601,0.047860
1602,0.047206
1603,0.047917
1604,0.044571
1605,0.044860
1606,0.043504
1607,0.044222
1608,0.048447
1609,0.047792
1610,0.048276
1611,0.048041
1612,0.047797
1613,0.049046
1614,0.044631
1615,0.048765
1616,0.048916
1617,0.048084
1618,0.048051
1619,0.047499
1620,0.049048
1621,0.048942
1622,0.048666
1623,0.048258
1624,0.047517
1625,0.048409
1626,0.048335
1627,0.049041
1628,0.047949
1629,0.048565
1630,0.048365
1631,0.049273
1632,0.049035
1633,0.048285
1634,0.048652
1635,0.048467
1636,0.049023
1637,0.048711
1638,0.048601
1639,0.048284
1640,0.045630
1641,0.048956
1642,0.046149
1643,0.048037
1644,0.048629
1645,0.048857
1646,0.048883
1647,0.048762
1648,0.048570
1649,0.041641
1650,0.044211
1651,0.044877
1652,0.043980
1653,0.044756
1654,0.044781
1655,0.044275
1656,0.044605
1657,0.044488
1658,0.044449
1659,0.044358
1660,0.044131
1661,0.043947
1662,0.046087
1663,0.044145
1664,0.043872
1665,0.054677
1666,0.044459
1667,0.044264
1668,0.045141
1669,0.044496
1670,0.044065
1671,0.048084
1672,0.043880
1673,0.048196
1674,0.044036
1675,0.052220
1676,0.044122
1677,0.043497
1678,0.043570
1679,0.044246
1680,0.043632
1681,0.045084
1682,0.044228
1683,0.043328
1684,0.044305
1685,0.044979
1686,0.043079
1687,0.043808
1688,0.043925
1689,0.044085
1690,0.044361
1691,0.043923
1692,0.043927
1693,0.043752
1694,0.043825
1695,0.043623
1696,0.044040
1697,0.043634
1698,0.044079
1699,0.043953
1700,0.043742
1701,0.044142
1702,0.043924
1703,0.042761
1704,0.044522
1705,0.044343
1706,0.042696
1707,0.044075
1708,0.043152
1709,0.068034
1710,0.044439
1711,0.043861
1712,0.043453
1713,0.043640
1714,0.043096
1715,0.043148
1716,0.044515
1717,0.043326
1718,0.044185
1719,0.044052
1720,0.043213
1721,0.044597
1722,0.060846
1723,0.043889
1724,0.044110
1725,0.043235
1726,0.043791
1727,0.043199
1728,0.043282
1729,0.044162
1730,0.043580
1731,0.045027
1732,0.048505
1733,0.043929
1734,0.045534
1735,0.044965
1736,0.045093
1737,0.044514
1738,0.047183
1739,0.048010
1740,0.049659
1741,0.049346
1742,0.048511
1743,0.047943
1744,0.048831
1745,0.048897
1746,0.047703
1747,0.046115
1748,0.047479
1749,0.048769
1750,0.048049
1751,0.048718
1752,0.047299
1753,0.044034
1754,0.043582
1755,0.092642
1756,0.047645
1757,0.045217
1758,0.045808
1759,0.061424
1760,0.043579
1761,0.043408
1762,0.044098
1763,0.043733
1764,0.047685
1765,0.049333
1766,0.044641
1767,0.044526
1768,0.045146
1769,0.048499
1770,0.046213
1771,0.051434
1772,0.033911
1773,0.043554
1774,0.054171
1775,0.045328
1776,0.043345
1777,0.044008
1778,0.043541
1779,0.043733
1780,0.044023
1781,0.044530
1782,0.046556
1783,0.045693
1784,0.049257
1785,0.044879
1786,0.044548
1787,0.044904
1788,0.043842
1789,0.043882
1790,0.043991
1791,0.044298
1792,0.044248
1793,0.043396
1794,0.043865
1795,0.043476
1796,0.043898
1797,0.043848
1798,0.044622
1799,0.043734
1800,0.044351
1801,0.056367
1802,0.046009
1803,0.044509
1804,0.045413
1805,0.047043
1806,0.045633
1807,0.047531
1808,0.045128
1809,0.046021
1810,0.045566
1811,0.046545
1812,0.046453
1813,0.046124
1814,0.049152
1815,0.046359
1816,0.043255
1817,0.104557
1818,0.047953
1819,0.046814
1820,0.046263
1821,0.051021
1822,0.051052
1823,0.051416
1824,0.051533
1825,0.050717
1826,0.050053
1827,0.046073
1828,0.045580
1829,0.046144
1830,0.046886
1831,0.046829
1832,0.045973
1833,0.045786
1834,0.047010
1835,0.045996
1836,0.046406
1837,0.050177
1838,0.068260
1839,0.049845
1840,0.052322
1841,0.050704
1842,0.050979
1843,0.050181
1844,0.051576
1845,0.050368
1846,0.046116
1847,0.047196
1848,0.046303
1849,0.046751
1850,0.046141
1851,0.046454
1852,0.047390
1853,0.045627
1854,0.045727
1855,0.045893
1856,0.044912
1857,0.045436
1858,0.044531
1859,0.045590
1860,0.043818
1861,0.043586
1862,0.045702
1863,0.046264
1864,0.046355
1865,0.048044
1866,0.046006
1867,0.045243
1868,0.046114
1869,0.046034
1870,0.046450
1871,0.047437
1872,0.139826
1873,0.046669
1874,0.048470
1875,0.047062
1876,0.046087
1877,0.057459
1878,0.105434
1879,0.045182
1880,0.045072
1881,0.045444
1882,0.136020
1883,0.092375
1884,0.092700
1885,0.045870
1886,0.045165
1887,0.045673
1888,0.045148
1889,0.044835
1890,0.045547
1891,0.044939
1892,0.045322
1893,0.044958
1894,0.045143
1895,0.045073
1896,0.044884
1897,0.044657
1898,0.044572
1899,0.046081
1900,0.044251
1901,0.045124
1902,0.047073
1903,0.044670
1904,0.044842
1905,0.045608
1906,0.045557
1907,0.068401
1908,0.045061
1909,0.045720
1910,0.045122
1911,0.045297
1912,0.047317
1913,0.046210
1914,0.045073
1915,0.045194
1916,0.045292
1917,0.046996
1918,0.045569
1919,0.045914
1920,0.045888
1921,0.046178
1922,0.045428
1923,0.044455
1924,0.047609
1925,0.045680
1926,0.047683
1927,0.048095
1928,0.047386
1929,0.048226
1930,0.046190
1931,0.045053
1932,0.044800
1933,0.045887
1934,0.044912
1935,0.045192
1936,0.045391
1937,0.045299
1938,0.045040
1939,0.044918
1940,0.044264
1941,0.046343
1942,0.045706
1943,0.043610
1944,0.045854
1945,0.046129
1946,0.044617
1947,0.044527
1948,0.045230
1949,0.045913
1950,0.045708
1951,0.045361
1952,0.046421
1953,0.046775
1954,0.046586
1955,0.047315
1956,0.048114
1957,0.045790
1958,0.046683
1959,0.046182
1960,0.044952
1961,0.045605
1962,0.045073
1963,0.044608
1964,0.045202
1965,0.044692
1966,0.044434
1967,0.044803
1968,0.045339
1969,0.045095
1970,0.046120
1971,0.045254
1972,0.045072
1973,0.044673
1974,0.044553
1975,0.044736
1976,0.044459
1977,0.045944
1978,0.045173
1979,0.045147
1980,0.044531
1981,0.045687
1982,0.059451
1983,0.045569
1984,0.045871
1985,0.046583
1986,0.047521
1987,0.046162
1988,0.046487
1989,0.045495
1990,0.045392
1991,0.047920
1992,0.046030
1993,0.046241
1994,0.045909
1995,0.044739
1996,0.046624
1997,0.046985
1998,0.046509
1999,0.047892
2000,0.047114
2001,0.046663
2002,0.048250
2003,0.048820
2004,0.047642
2005,0.044643
2006,0.045480
2007,0.045040
2008,0.045375
2009,0.045977
2010,0.044305
2011,0.045021
2012,0.045421
2013,0.045227
2014,0.045640
2015,0.044953
2016,0.045009
2017,0.044743
2018,0.044970
2019,0.044537
2020,0.044810
2021,0.044900
2022,0.044568
2023,0.045149
2024,0.045255
2025,0.045139
2026,0.045505
2027,0.045505
2028,0.045046
2029,0.045352
2030,0.045274
2031,0.045250
2032,0.045585
2033,0.046224
2034,0.044425
2035,0.047710
2036,0.045780
2037,0.046061
2038,0.045633
2039,0.047362
2040,0.045214
2041,0.044801
2042,0.045790
2043,0.044874
2044,0.044563
2045,0.044692
2046,0.044852
2047,0.045121
2048,0.044934
2049,0.045361
2050,0.044875
2051,0.045194
2052,0.044434
2053,0.044389
2054,0.044783
2055,0.044901
2056,0.044133
2057,0.045253
2058,0.045349
2059,0.045046
2060,0.044804
2061,0.045334
2062,0.047125
2063,0.044834
2064,0.044460
2065,0.044314
2066,0.044729
2067,0.045521
2068,0.045588
2069,0.044949
2070,0.045113
2071,0.045293
2072,0.045865
2073,0.044928
2074,0.045091
2075,0.047002
2076,0.046087
2077,0.045555
2078,0.047850
2079,0.044610
2080,0.045622
2081,0.044774
2082,0.044164
2083,0.044788
2084,0.044828
2085,0.044887
2086,0.045656
2087,0.044523
2088,0.045135
2089,0.045154
2090,0.044467
2091,0.054492
2092,0.046563
2093,0.045723
2094,0.045740
2095,0.045791
2096,0.045037
2097,0.045998
2098,0.045553
2099,0.045533
2100,0.045484
2101,0.045189
2102,0.044950
2103,0.045381
2104,0.044838
2105,0.046154
2106,0.046397
2107,0.045780
2108,0.046559
2109,0.045985
2110,0.045313
2111,0.046615
2112,0.046157
2113,0.046640
2114,0.046673
2115,0.047810
2116,0.045738
2117,0.045862
2118,0.045372
2119,0.046257
2120,0.045623
2121,0.090784
2122,0.092131
2123,0.046565
2124,0.047585
2125,0.045721
2126,0.093673
2127,0.047202
2128,0.046432
2129,0.046367
2130,0.093080
2131,0.045250
2132,0.045708
2133,0.046325
2134,0.045757
2135,0.045309
2136,0.045740
2137,0.046418
2138,0.045978
2139,0.047203
2140,0.045642
2141,0.046801
2142,0.046832
2143,0.046843
2144,0.047370
2145,0.045651
2146,0.048860
2147,0.046194
2148,0.046088
2149,0.045267
2150,0.045971
2151,0.045849
2152,0.045825
2153,0.045828
2154,0.045212
2155,0.046475
2156,0.048404
2157,0.045835
2158,0.045441
2159,0.046103
2160,0.046533
2161,0.045327
2162,0.047205
2163,0.047738
2164,0.047815
2165,0.045458
2166,0.045732
2167,0.045751
2168,0.046341
2169,0.045959
2170,0.045431
2171,0.045310
2172,0.046303
2173,0.045512
2174,0.047417
2175,0.045678
2176,0.046159
2177,0.046316
# total_episodes=2177, avg_seconds=0.051519
