# episode_index, seconds
1,0.001504
2,0.004918
3,0.001864
4,0.004684
5,0.003871
6,0.005355
7,0.005384
8,0.002306
9,0.002716
10,0.006022
11,0.004340
12,0.006417
13,0.005584
14,0.002843
15,0.185316
16,0.129606
17,0.104116
18,0.104176
19,0.077407
20,0.103228
21,0.077973
22,0.077826
23,0.077772
24,0.104161
25,0.103129
26,0.051843
27,0.077216
28,0.077540
29,0.103280
30,0.077362
31,0.025929
32,0.051833
33,0.103330
34,0.077171
35,0.077273
36,0.025914
37,0.128878
38,0.102938
39,0.051584
40,0.051890
41,0.103073
42,0.051572
43,0.102979
44,0.025915
45,0.077373
46,0.025913
47,0.026271
48,0.051517
49,0.077530
50,0.051507
51,0.077345
52,0.025888
53,0.051912
54,0.077378
55,0.080454
56,0.051946
57,0.025969
58,0.077493
59,0.051460
60,0.026124
61,0.026077
62,0.103325
63,0.025860
64,0.025930
65,0.051642
66,0.077508
67,0.077332
68,0.051831
69,0.025926
70,0.051731
71,0.103037
72,0.103004
73,0.078806
74,0.051840
75,0.025868
76,0.051775
77,0.026030
78,0.025892
79,0.025959
80,0.026139
81,0.051650
82,0.025940
83,0.051745
84,0.051611
85,0.026220
86,0.077525
87,0.077493
88,0.051837
89,0.026054
90,0.051624
91,0.051776
92,0.025890
93,0.026072
94,0.026134
95,0.051680
96,0.026022
97,0.026200
98,0.025986
99,0.025887
100,0.051764
101,0.026109
102,0.077515
103,0.025964
104,0.025835
105,0.025993
106,0.026151
107,0.025985
108,0.025835
109,0.026186
110,0.026110
111,0.025929
112,0.025932
113,0.026004
114,0.071722
115,0.025829
116,0.077256
117,0.051725
118,0.051686
119,0.025890
120,0.025851
121,0.051743
122,0.025915
123,0.025933
124,0.026084
125,0.026061
126,0.025924
127,0.026259
128,0.026073
129,0.026291
130,0.026046
131,0.026341
132,0.026188
133,0.026017
134,0.025984
135,0.051946
136,0.052008
137,0.026043
138,0.026528
139,0.026180
140,0.026380
141,0.026503
142,0.026825
143,0.026204
144,0.052980
145,0.026834
146,0.026163
147,0.026089
148,0.025981
149,0.026206
150,0.026077
151,0.025936
152,0.051902
153,0.026153
154,0.026034
155,0.025962
156,0.026069
157,0.051701
158,0.026055
159,0.026123
160,0.026037
161,0.026235
162,0.025909
163,0.026100
164,0.026043
165,0.025996
166,0.026053
167,0.026138
168,0.026031
169,0.025993
170,0.025988
171,0.026259
172,0.026126
173,0.025978
174,0.026012
175,0.026199
176,0.026161
177,0.026072
178,0.051909
179,0.026060
180,0.025964
181,0.026069
182,0.026206
183,0.026030
184,0.051777
185,0.026231
186,0.051655
187,0.025978
188,0.026204
189,0.077623
190,0.026173
191,0.051780
192,0.051999
193,0.026137
194,0.051588
195,0.051893
196,0.051708
197,0.077657
198,0.051962
199,0.026036
200,0.051650
201,0.051959
202,0.077463
203,0.077307
204,0.077537
205,0.077627
206,0.077575
207,0.051654
208,0.077712
209,0.077859
210,0.052169
211,0.026319
212,0.052011
213,0.026139
214,0.026307
215,0.026407
216,0.026277
217,0.026457
218,0.026232
219,0.026581
220,0.026253
221,0.026002
222,0.026389
223,0.026196
224,0.026307
225,0.026136
226,0.052182
227,0.026240
228,0.078617
229,0.052231
230,0.026201
231,0.026309
232,0.026588
233,0.026109
234,0.026401
235,0.026312
236,0.026436
237,0.026197
238,0.026519
239,0.026541
240,0.026114
241,0.026370
242,0.026200
243,0.026356
244,0.026301
245,0.026216
246,0.026400
247,0.026370
248,0.026193
249,0.026198
250,0.026045
251,0.026606
252,0.026313
253,0.026435
254,0.026277
255,0.052399
256,0.026093
257,0.026643
258,0.026332
259,0.026186
260,0.026012
261,0.026555
262,0.026424
263,0.026167
264,0.026109
265,0.026045
266,0.026310
267,0.026031
268,0.026037
269,0.026035
270,0.026422
271,0.026312
272,0.025967
273,0.026250
274,0.026232
275,0.026040
276,0.026229
277,0.026184
278,0.026552
279,0.026116
280,0.026469
281,0.026372
282,0.026546
283,0.026340
284,0.025944
285,0.026285
286,0.026185
287,0.026156
288,0.026139
289,0.026112
290,0.026495
291,0.026116
292,0.026112
293,0.026084
294,0.026296
295,0.026228
296,0.026081
297,0.026431
298,0.026210
299,0.026313
300,0.026252
301,0.026459
302,0.026385
303,0.026192
304,0.026337
305,0.026277
306,0.026499
307,0.026147
308,0.026297
309,0.026063
310,0.026270
311,0.026407
312,0.025948
313,0.026355
314,0.026198
315,0.026277
316,0.026282
317,0.026168
318,0.026267
319,0.026021
320,0.026351
321,0.026029
322,0.026329
323,0.026368
324,0.025965
325,0.026499
326,0.026288
327,0.026364
328,0.026107
329,0.026319
330,0.026742
331,0.026172
332,0.052320
333,0.052624
334,0.026199
335,0.026309
336,0.026415
337,0.026466
338,0.026253
339,0.026220
340,0.026116
341,0.026302
342,0.052153
343,0.026559
344,0.026070
345,0.052104
346,0.026313
347,0.078419
348,0.026274
349,0.052213
350,0.078222
351,0.026309
352,0.052470
353,0.052107
354,0.026279
355,0.026304
356,0.026386
357,0.026148
358,0.026366
359,0.026269
360,0.026284
361,0.026420
362,0.052186
363,0.026105
364,0.026185
365,0.026106
366,0.026315
367,0.026398
368,0.025990
369,0.026274
370,0.026238
371,0.026231
372,0.026149
373,0.026204
374,0.052303
375,0.026041
376,0.026192
377,0.052304
378,0.026106
379,0.026329
380,0.026390
381,0.026331
382,0.025996
383,0.026210
384,0.026146
385,0.026270
386,0.026187
387,0.025986
388,0.026111
389,0.026017
390,0.025997
391,0.026019
392,0.051831
393,0.025976
394,0.026033
395,0.052122
396,0.026038
397,0.026150
398,0.026290
399,0.026083
400,0.026010
401,0.052206
402,0.026140
403,0.026244
404,0.026156
405,0.026348
406,0.026374
407,0.026064
408,0.052121
409,0.052283
410,0.026228
411,0.026564
412,0.026045
413,0.026446
414,0.078115
415,0.026100
416,0.078589
417,0.026202
418,0.026358
419,0.052214
420,0.052311
421,0.078595
422,0.052225
423,0.052261
424,0.026426
425,0.026287
426,0.052276
427,0.052506
428,0.052144
429,0.052453
430,0.026091
431,0.052096
432,0.026276
433,0.052349
434,0.026338
435,0.052294
436,0.026208
437,0.026267
438,0.026620
439,0.026095
440,0.026289
441,0.026087
442,0.026400
443,0.026478
444,0.025975
445,0.026232
446,0.026267
447,0.026269
448,0.026325
449,0.026217
450,0.026511
451,0.026155
452,0.026315
453,0.026252
454,0.026369
455,0.026318
456,0.026010
457,0.026270
458,0.026213
459,0.026139
460,0.026125
461,0.026164
462,0.026426
463,0.026061
464,0.026183
465,0.026123
466,0.026357
467,0.026235
468,0.025953
469,0.026479
470,0.026160
471,0.026259
472,0.026165
473,0.026488
474,0.026462
475,0.026335
476,0.026389
477,0.026239
478,0.026479
479,0.026155
480,0.052089
481,0.026475
482,0.026293
483,0.078254
484,0.026363
485,0.026019
486,0.130290
487,0.078224
488,0.078549
489,0.130206
490,0.129982
491,0.104275
492,0.104268
493,0.078347
494,0.052209
495,0.026210
496,0.026407
497,0.026336
498,0.026395
499,0.026535
500,0.026154
501,0.026510
502,0.026252
503,0.026506
504,0.026149
505,0.026310
506,0.026653
507,0.026202
508,0.026446
509,0.026266
510,0.052483
511,0.026091
512,0.026702
513,0.026236
514,0.026220
515,0.026262
516,0.026323
517,0.052643
518,0.026375
519,0.026302
520,0.026686
521,0.026463
522,0.026090
523,0.026273
524,0.052153
525,0.078252
526,0.078293
527,0.026619
528,0.104526
529,0.026412
530,0.130236
531,0.104339
532,0.026042
533,0.026317
534,0.026317
535,0.078300
536,0.052281
537,0.026239
538,0.078312
539,0.026195
540,0.026512
541,0.026183
542,0.026110
543,0.026135
544,0.052420
545,0.026198
546,0.026349
547,0.026206
548,0.026208
549,0.026215
550,0.026169
551,0.037894
552,0.034213
553,0.026379
554,0.026133
555,0.026360
556,0.026297
557,0.026191
558,0.026469
559,0.026260
560,0.026213
561,0.026499
562,0.026102
563,0.026508
564,0.026298
565,0.026237
566,0.026211
567,0.052425
568,0.026245
569,0.026309
570,0.026239
571,0.026243
572,0.026233
573,0.026213
574,0.026550
575,0.026264
576,0.026332
577,0.026296
578,0.026608
579,0.026048
580,0.026173
581,0.026435
582,0.026260
583,0.026240
584,0.026102
585,0.026304
586,0.026561
587,0.025999
588,0.025996
589,0.026123
590,0.026215
591,0.025954
592,0.026074
593,0.026194
594,0.026114
595,0.051744
596,0.051867
597,0.051719
598,0.026073
599,0.103390
600,0.051948
601,0.103455
602,0.154862
603,0.077695
604,0.026025
605,0.103475
606,0.077614
607,0.051908
608,0.051800
609,0.026102
610,0.026206
611,0.051707
612,0.026066
613,0.052092
614,0.025969
615,0.026024
616,0.026238
617,0.026172
618,0.025982
619,0.025923
620,0.026175
621,0.026179
622,0.025930
623,0.025950
624,0.026136
625,0.026089
626,0.025966
627,0.026066
628,0.026212
629,0.026075
630,0.025860
631,0.026089
632,0.026170
633,0.026174
634,0.025995
635,0.026060
636,0.026263
637,0.026302
638,0.026434
639,0.026310
640,0.026168
641,0.026154
642,0.025976
643,0.026162
644,0.026438
645,0.026108
646,0.026031
647,0.026004
648,0.026182
649,0.026072
650,0.026116
651,0.026004
652,0.026121
653,0.026017
654,0.026227
655,0.026132
656,0.026494
657,0.026549
658,0.026464
659,0.025978
660,0.026919
661,0.026408
662,0.026868
663,0.053285
664,0.026092
665,0.025990
666,0.026399
667,0.026651
668,0.026224
669,0.026748
670,0.026475
671,0.027128
672,0.026349
673,0.026551
674,0.026183
675,0.026269
676,0.026242
677,0.026192
678,0.026122
679,0.026263
680,0.105189
681,0.026855
682,0.026760
683,0.026478
684,0.130045
685,0.026333
686,0.129736
687,0.129414
688,0.104270
689,0.078010
690,0.132340
691,0.156317
692,0.182941
693,0.026275
694,0.129582
695,0.026229
696,0.103646
697,0.103767
698,0.026008
699,0.026088
700,0.026135
701,0.026214
702,0.026149
703,0.026123
704,0.026001
705,0.026211
706,0.026098
707,0.026056
708,0.026046
709,0.026265
710,0.026020
711,0.026162
712,0.026098
713,0.026173
714,0.026053
715,0.026202
716,0.026045
717,0.026181
718,0.026196
719,0.129300
720,0.051955
721,0.129304
722,0.129344
723,0.129589
724,0.104394
725,0.078682
726,0.052272
727,0.078085
728,0.078021
729,0.077883
730,0.077753
731,0.077752
732,0.052074
733,0.052948
734,0.052213
735,0.051993
736,0.026226
737,0.052116
738,0.052247
739,0.052215
740,0.052221
741,0.026426
742,0.026174
743,0.026351
744,0.026831
745,0.027915
746,0.026606
747,0.026541
748,0.026357
749,0.026506
750,0.026130
751,0.026163
752,0.026296
753,0.026065
754,0.026366
755,0.025992
756,0.026280
757,0.052149
758,0.078530
759,0.026132
760,0.026471
761,0.026179
762,0.078429
763,0.052326
764,0.052437
765,0.026365
766,0.026249
767,0.052341
768,0.026188
769,0.026300
770,0.026214
771,0.056256
772,0.026120
773,0.026524
774,0.026327
775,0.027121
776,0.026595
777,0.026397
778,0.026251
779,0.026187
780,0.026363
781,0.026488
782,0.026197
783,0.052621
784,0.026419
785,0.026339
786,0.026055
787,0.026378
788,0.026110
789,0.026198
790,0.026227
791,0.026124
792,0.026669
793,0.028351
794,0.028893
795,0.027455
796,0.026365
797,0.028128
798,0.026382
799,0.054576
800,0.026133
801,0.026293
802,0.026154
803,0.026311
804,0.026418
805,0.026364
806,0.028523
807,0.026501
808,0.026175
809,0.027328
810,0.026533
811,0.026301
812,0.026135
813,0.026335
814,0.026372
815,0.026198
816,0.026558
817,0.026326
818,0.026236
819,0.026086
820,0.026196
821,0.026445
822,0.026030
823,0.026333
824,0.026034
825,0.026255
826,0.026384
827,0.025922
828,0.026374
829,0.026239
830,0.026227
831,0.026284
832,0.026437
833,0.026174
834,0.026222
835,0.026337
836,0.026127
837,0.026499
838,0.026128
839,0.026486
840,0.026089
841,0.026267
842,0.026496
843,0.026193
844,0.026277
845,0.026075
846,0.026298
847,0.026404
848,0.026181
849,0.026172
850,0.051961
851,0.052224
852,0.052179
853,0.078606
854,0.104443
855,0.104069
856,0.130162
857,0.104328
858,0.104388
859,0.078446
860,0.078503
861,0.026477
862,0.026237
863,0.052236
864,0.026313
865,0.052290
866,0.052296
867,0.052200
868,0.026249
869,0.026213
870,0.052557
871,0.052254
872,0.052170
873,0.026242
874,0.052440
875,0.051944
876,0.051970
877,0.051961
878,0.026424
879,0.051948
880,0.025986
881,0.052191
882,0.055379
883,0.052035
884,0.026208
885,0.026197
886,0.026093
887,0.026064
888,0.026425
889,0.052400
890,0.052226
891,0.026002
892,0.052233
893,0.026318
894,0.026310
895,0.052253
896,0.026187
897,0.026228
898,0.026491
899,0.052262
900,0.026129
901,0.026425
902,0.026001
903,0.026245
904,0.026217
905,0.053225
906,0.027088
907,0.053260
908,0.052081
909,0.026151
910,0.026422
911,0.053143
912,0.026385
913,0.052161
914,0.026257
915,0.026095
916,0.026345
917,0.026161
918,0.026337
919,0.025944
920,0.026232
921,0.026168
922,0.026319
923,0.026362
924,0.026127
925,0.026235
926,0.026077
927,0.025923
928,0.026230
929,0.026035
930,0.026084
931,0.051851
932,0.025989
933,0.026234
934,0.025999
935,0.026015
936,0.026222
937,0.026321
938,0.026304
939,0.026248
940,0.026104
941,0.026305
942,0.026166
943,0.026118
944,0.026217
945,0.026229
946,0.026013
947,0.026082
948,0.026185
949,0.043097
950,0.025895
951,0.026039
952,0.026119
953,0.026074
954,0.026085
955,0.026105
956,0.026013
957,0.026221
958,0.026023
959,0.026168
960,0.026049
961,0.026045
962,0.026009
963,0.026091
964,0.026025
965,0.026157
966,0.026039
967,0.026028
968,0.026137
969,0.026114
970,0.025928
971,0.026144
972,0.026089
973,0.026140
974,0.051836
975,0.026112
976,0.026145
977,0.025996
978,0.025997
979,0.026076
980,0.026156
981,0.026068
982,0.051570
983,0.052085
984,0.077452
985,0.077903
986,0.077678
987,0.051716
988,0.103475
989,0.077662
990,0.103772
991,0.104023
992,0.104184
993,0.078312
994,0.078603
995,0.052189
996,0.052310
997,0.052163
998,0.026371
999,0.026119
1000,0.026129
1001,0.052209
1002,0.052179
1003,0.026294
1004,0.052504
1005,0.052562
1006,0.052019
1007,0.052232
1008,0.052367
1009,0.052516
1010,0.078325
1011,0.078213
1012,0.104368
1013,0.104631
1014,0.104187
1015,0.130510
1016,0.129897
1017,0.130189
1018,0.130418
1019,0.104049
1020,0.078173
1021,0.052790
1022,0.052393
1023,0.052427
1024,0.052420
1025,0.052383
1026,0.026147
1027,0.026412
1028,0.026261
1029,0.026298
1030,0.026418
1031,0.026156
1032,0.026228
1033,0.026185
1034,0.026259
1035,0.026399
1036,0.026113
1037,0.026242
1038,0.026016
1039,0.026411
1040,0.026047
1041,0.026244
1042,0.026444
1043,0.026157
1044,0.026425
1045,0.026208
1046,0.026251
1047,0.026247
1048,0.026264
1049,0.026358
1050,0.025954
1051,0.026297
1052,0.026129
1053,0.026172
1054,0.026232
1055,0.026010
1056,0.026434
1057,0.026064
1058,0.026158
1059,0.026086
1060,0.026237
1061,0.026270
1062,0.026184
1063,0.026412
1064,0.026104
1065,0.026344
1066,0.052077
1067,0.026108
1068,0.052153
1069,0.026255
1070,0.052341
1071,0.026416
1072,0.052220
1073,0.078620
1074,0.078264
1075,0.052343
1076,0.078079
1077,0.052109
1078,0.052165
1079,0.052323
1080,0.078598
1081,0.052479
1082,0.052521
1083,0.026400
1084,0.052325
1085,0.052292
1086,0.026303
1087,0.026314
1088,0.026146
1089,0.026332
1090,0.026126
1091,0.026178
1092,0.025978
1093,0.052467
1094,0.026230
1095,0.026338
1096,0.026142
1097,0.026354
1098,0.026124
1099,0.026157
1100,0.026337
1101,0.026181
1102,0.026231
1103,0.026190
1104,0.026265
1105,0.026504
1106,0.026302
1107,0.026443
1108,0.026175
1109,0.026311
1110,0.026502
1111,0.026287
1112,0.026494
1113,0.044213
1114,0.026317
1115,0.026285
1116,0.026086
1117,0.026527
1118,0.026170
1119,0.026283
1120,0.026297
1121,0.026723
1122,0.026423
1123,0.026216
1124,0.026541
1125,0.026071
1126,0.026187
1127,0.026176
1128,0.026287
1129,0.026184
1130,0.026384
1131,0.026241
1132,0.026111
1133,0.026701
1134,0.028960
1135,0.026070
1136,0.026157
1137,0.026163
1138,0.026199
1139,0.026204
1140,0.026034
1141,0.026770
1142,0.027711
1143,0.026445
1144,0.026204
1145,0.026207
1146,0.026531
1147,0.026149
1148,0.026284
1149,0.026053
1150,0.025937
1151,0.025965
1152,0.026114
1153,0.026166
1154,0.026027
1155,0.026088
1156,0.025965
1157,0.026050
1158,0.026127
1159,0.077532
1160,0.025968
1161,0.051916
1162,0.026115
1163,0.025983
1164,0.051672
1165,0.026084
1166,0.025955
1167,0.051465
1168,0.051623
1169,0.052524
1170,0.026088
1171,0.025919
1172,0.025942
1173,0.025938
1174,0.051647
1175,0.025959
1176,0.025989
1177,0.026131
1178,0.025984
1179,0.025982
1180,0.026428
1181,0.026403
1182,0.026217
1183,0.026488
1184,0.052105
1185,0.026709
1186,0.026003
1187,0.026377
1188,0.026174
1189,0.026199
1190,0.026265
1191,0.077964
1192,0.051990
1193,0.052741
1194,0.052725
1195,0.078319
1196,0.026384
1197,0.103701
1198,0.104050
1199,0.103918
1200,0.130061
1201,0.104077
1202,0.104232
1203,0.103683
1204,0.052319
1205,0.052138
1206,0.052149
1207,0.052129
1208,0.052091
1209,0.026228
1210,0.026105
1211,0.026123
1212,0.026140
1213,0.026440
1214,0.026170
1215,0.026197
1216,0.026104
1217,0.026115
1218,0.026207
1219,0.026234
1220,0.026312
1221,0.026247
1222,0.026103
1223,0.026137
1224,0.026112
1225,0.026164
1226,0.026280
1227,0.026266
1228,0.026129
1229,0.026341
1230,0.026199
1231,0.026101
1232,0.026243
1233,0.026069
1234,0.026273
1235,0.026217
1236,0.026043
1237,0.026189
1238,0.026250
1239,0.026036
1240,0.026347
1241,0.026359
1242,0.026117
1243,0.026281
1244,0.026138
1245,0.026196
1246,0.026014
1247,0.026126
1248,0.026297
1249,0.026295
1250,0.026274
1251,0.026009
1252,0.026085
1253,0.026220
1254,0.026200
1255,0.026269
1256,0.026223
1257,0.026244
1258,0.026122
1259,0.026264
1260,0.026309
1261,0.044574
1262,0.026050
1263,0.026071
1264,0.026316
1265,0.026147
1266,0.026211
1267,0.026445
1268,0.026404
1269,0.026428
1270,0.026149
1271,0.026107
1272,0.026235
1273,0.026174
1274,0.026362
1275,0.026092
1276,0.026356
1277,0.026165
1278,0.026234
1279,0.026331
1280,0.026260
1281,0.026430
1282,0.026154
1283,0.026380
1284,0.026251
1285,0.026571
1286,0.026277
1287,0.026191
1288,0.052186
1289,0.026367
1290,0.026188
1291,0.026203
1292,0.026199
1293,0.026284
1294,0.026328
1295,0.026009
1296,0.026470
1297,0.026168
1298,0.026205
1299,0.026520
1300,0.026182
1301,0.026524
1302,0.026263
1303,0.026172
1304,0.026222
1305,0.026063
1306,0.026299
1307,0.052314
1308,0.026152
1309,0.026220
1310,0.026161
1311,0.078014
1312,0.078036
1313,0.078050
1314,0.077955
1315,0.078260
1316,0.077733
1317,0.078237
1318,0.078231
1319,0.078173
1320,0.104348
1321,0.026190
1322,0.052082
1323,0.026124
1324,0.026145
1325,0.025981
1326,0.026110
1327,0.026236
1328,0.026237
1329,0.026449
1330,0.026131
1331,0.026387
1332,0.026254
1333,0.026548
1334,0.026240
1335,0.026096
1336,0.026454
1337,0.026066
1338,0.026173
1339,0.026029
1340,0.026172
1341,0.026222
1342,0.026208
1343,0.026441
1344,0.026061
1345,0.026261
1346,0.026076
1347,0.026162
1348,0.026158
1349,0.026158
1350,0.026446
1351,0.026084
1352,0.026154
1353,0.026244
1354,0.026173
1355,0.026154
1356,0.026074
1357,0.026270
1358,0.026192
1359,0.026289
1360,0.026053
1361,0.026349
1362,0.026204
1363,0.026029
1364,0.026411
1365,0.026083
1366,0.026162
1367,0.026163
1368,0.026122
1369,0.026847
1370,0.026847
1371,0.026529
1372,0.026130
1373,0.026583
1374,0.026209
1375,0.026257
1376,0.026377
1377,0.026406
1378,0.026308
1379,0.026408
1380,0.026378
1381,0.026307
1382,0.026155
1383,0.026403
1384,0.052328
1385,0.026173
1386,0.052363
1387,0.052271
1388,0.026250
1389,0.052445
1390,0.052396
1391,0.052293
1392,0.026182
1393,0.026495
1394,0.026152
1395,0.026462
1396,0.026212
1397,0.026381
1398,0.026339
1399,0.026049
1400,0.026185
1401,0.026173
1402,0.052155
1403,0.026198
1404,0.052379
1405,0.026426
1406,0.052217
1407,0.051794
1408,0.052145
1409,0.052347
1410,0.026355
1411,0.078178
1412,0.078098
1413,0.121145
1414,0.078090
1415,0.026298
1416,0.052236
1417,0.026107
1418,0.026195
1419,0.026362
1420,0.026133
1421,0.026336
1422,0.026164
1423,0.026239
1424,0.025962
1425,0.026314
1426,0.026376
1427,0.026036
1428,0.026105
1429,0.026228
1430,0.026136
1431,0.026053
1432,0.026211
1433,0.026472
1434,0.026058
1435,0.026308
1436,0.026125
1437,0.026214
1438,0.025986
1439,0.026144
1440,0.026406
1441,0.026143
1442,0.026169
1443,0.026049
1444,0.026019
1445,0.026131
1446,0.025948
1447,0.026020
1448,0.026005
1449,0.026092
1450,0.026103
1451,0.025847
1452,0.026004
1453,0.026086
1454,0.026058
1455,0.025917
1456,0.025924
1457,0.025971
1458,0.025996
1459,0.026012
1460,0.025944
1461,0.026026
1462,0.025999
1463,0.026037
1464,0.026051
1465,0.026157
1466,0.026093
1467,0.026042
1468,0.026022
1469,0.026072
1470,0.026171
1471,0.025998
1472,0.025989
1473,0.026132
1474,0.026056
1475,0.026128
1476,0.025894
1477,0.026138
1478,0.025984
1479,0.026030
1480,0.026019
1481,0.026199
1482,0.026034
1483,0.025990
1484,0.026006
1485,0.026317
1486,0.025982
1487,0.025969
1488,0.025948
1489,0.026242
1490,0.025973
1491,0.026007
1492,0.026126
1493,0.026219
1494,0.025931
1495,0.026106
1496,0.026042
1497,0.026147
1498,0.026025
1499,0.051668
1500,0.026116
1501,0.025975
1502,0.025918
1503,0.026121
1504,0.026035
1505,0.051734
1506,0.051819
1507,0.051994
1508,0.026127
1509,0.026157
1510,0.026020
1511,0.025898
1512,0.026122
1513,0.051820
1514,0.026002
1515,0.051708
1516,0.026129
1517,0.051841
1518,0.025940
1519,0.026026
1520,0.026095
1521,0.051892
1522,0.026022
1523,0.025924
1524,0.051806
1525,0.026035
1526,0.025972
1527,0.026190
1528,0.025974
1529,0.026086
1530,0.026052
1531,0.026091
1532,0.051441
1533,0.026259
1534,0.025978
1535,0.051749
1536,0.051698
1537,0.026105
1538,0.051800
1539,0.025939
1540,0.051766
1541,0.026099
1542,0.051704
1543,0.025956
1544,0.026155
1545,0.026106
1546,0.051978
1547,0.026021
1548,0.026016
1549,0.026018
1550,0.026051
1551,0.026096
1552,0.026093
1553,0.026080
1554,0.026038
1555,0.026027
1556,0.026064
1557,0.025979
1558,0.026152
1559,0.026008
1560,0.025980
1561,0.026126
1562,0.026139
1563,0.025938
1564,0.026054
1565,0.026108
1566,0.026193
1567,0.025882
1568,0.026022
1569,0.026050
1570,0.026050
1571,0.025968
1572,0.026247
1573,0.026093
1574,0.026121
1575,0.026024
1576,0.026175
1577,0.026135
1578,0.026060
1579,0.026012
1580,0.025995
1581,0.026064
1582,0.026138
1583,0.043565
1584,0.026087
1585,0.026194
1586,0.025968
1587,0.025975
1588,0.026084
1589,0.026333
1590,0.025996
1591,0.026019
1592,0.026030
1593,0.026293
1594,0.026180
1595,0.025953
1596,0.026052
1597,0.026207
1598,0.026049
1599,0.026059
1600,0.051869
1601,0.051793
1602,0.026100
1603,0.026276
1604,0.025985
1605,0.026144
1606,0.026086
1607,0.025999
1608,0.026057
1609,0.026097
1610,0.026238
1611,0.026133
1612,0.026157
1613,0.026280
1614,0.051894
1615,0.051742
1616,0.026243
1617,0.026130
1618,0.026048
1619,0.026153
1620,0.025971
1621,0.026244
1622,0.026013
1623,0.026225
1624,0.025931
1625,0.051756
1626,0.025905
1627,0.025992
1628,0.025934
1629,0.051771
1630,0.051634
1631,0.051762
1632,0.026004
1633,0.051692
1634,0.051713
1635,0.026133
1636,0.051774
1637,0.051892
1638,0.052066
1639,0.051826
1640,0.026038
1641,0.026045
1642,0.051741
1643,0.025994
1644,0.025999
1645,0.051789
1646,0.026103
1647,0.025877
1648,0.025967
1649,0.051587
1650,0.025923
1651,0.051603
1652,0.025931
1653,0.026229
1654,0.025886
1655,0.025959
1656,0.026037
1657,0.025997
1658,0.025941
1659,0.026003
1660,0.025948
1661,0.026086
1662,0.025919
1663,0.025977
1664,0.025992
1665,0.026048
1666,0.025998
1667,0.025971
1668,0.026005
1669,0.026100
1670,0.025932
1671,0.026134
1672,0.026182
1673,0.051774
1674,0.026083
1675,0.025961
1676,0.026064
1677,0.026109
1678,0.025851
1679,0.026073
1680,0.026045
1681,0.051796
1682,0.026184
1683,0.026023
1684,0.026180
1685,0.026063
1686,0.026204
1687,0.026241
1688,0.026107
1689,0.026038
1690,0.025973
1691,0.025908
1692,0.026047
1693,0.026089
1694,0.026071
1695,0.026007
1696,0.026198
1697,0.026104
1698,0.026107
1699,0.025951
1700,0.026145
1701,0.026132
1702,0.025967
1703,0.026074
1704,0.026178
1705,0.026271
1706,0.026007
1707,0.026130
1708,0.025931
1709,0.026114
1710,0.026150
1711,0.026194
1712,0.025997
1713,0.026100
1714,0.026043
1715,0.026076
1716,0.026084
1717,0.026173
1718,0.026014
1719,0.026060
1720,0.026034
1721,0.026265
1722,0.026139
1723,0.026281
1724,0.025989
1725,0.026361
1726,0.026134
1727,0.026190
1728,0.026169
1729,0.026129
1730,0.026196
1731,0.025933
1732,0.026088
1733,0.026267
1734,0.026221
1735,0.026131
1736,0.026131
1737,0.026264
1738,0.025905
1739,0.026020
1740,0.026283
1741,0.026188
1742,0.026133
1743,0.026172
1744,0.026239
1745,0.026269
1746,0.026240
1747,0.026101
1748,0.026018
1749,0.026296
1750,0.025996
1751,0.026042
1752,0.026140
1753,0.026112
1754,0.026027
1755,0.027602
1756,0.025989
1757,0.026161
1758,0.025976
1759,0.026154
1760,0.025889
# total_episodes=1760, avg_seconds=0.035716
