# episode_index, seconds
1,0.003216
2,0.000854
3,0.002967
4,0.000950
5,0.000951
6,0.008170
7,0.003258
8,0.000943
9,0.001629
10,0.000932
11,0.000912
12,0.011475
13,0.000972
14,0.000955
15,0.000920
16,0.000925
17,0.000958
18,0.002261
19,0.000932
20,0.006963
21,0.000980
22,0.000926
23,0.000935
24,0.000985
25,0.000960
26,0.000928
27,0.000907
28,0.001567
29,0.000968
30,0.001586
31,0.000902
32,0.000913
33,0.000934
34,0.001585
35,0.000944
36,0.000928
37,0.002281
38,0.002254
39,0.001568
40,0.000928
41,0.000972
42,0.001578
43,0.000919
44,0.001557
45,0.000959
46,0.000942
47,0.001596
48,0.004166
49,0.000939
50,0.001557
51,0.000922
52,0.001745
53,0.000964
54,0.001567
55,0.000913
56,0.000953
57,0.001793
58,0.226151
59,0.027129
60,0.027111
61,0.053325
62,0.026645
63,0.053464
64,0.053772
65,0.027142
66,0.053470
67,0.038145
68,0.029059
69,0.027184
70,0.027285
71,0.027132
72,0.079953
73,0.027029
74,0.080723
75,0.026925
76,0.027179
77,0.080452
78,0.027128
79,0.079909
80,0.053657
81,0.027023
82,0.027246
83,0.080222
84,0.026808
85,0.026944
86,0.026924
87,0.027150
88,0.027231
89,0.027069
90,0.026997
91,0.080244
92,0.053169
93,0.027288
94,0.026936
95,0.080270
96,0.053976
97,0.080590
98,0.027383
99,0.026940
100,0.026947
101,0.027229
102,0.026892
103,0.026913
104,0.026915
105,0.185962
106,0.026725
107,0.027065
108,0.053235
109,0.053605
110,0.027101
111,0.053614
112,0.026986
113,0.133466
114,0.027013
115,0.239960
116,0.106187
117,0.053819
118,0.053576
119,0.027186
120,0.027253
121,0.107179
122,0.053932
123,0.159337
124,0.026669
125,0.027153
126,0.026876
127,0.026941
128,0.026936
129,0.053496
130,0.026795
131,0.026928
132,0.026873
133,0.026898
134,0.026966
135,0.053484
136,0.026882
137,0.026899
138,0.116006
139,0.028981
140,0.026836
141,0.027021
142,0.026982
143,0.026715
144,0.053200
145,0.026944
146,0.053373
147,0.026891
148,0.026886
149,0.053322
150,0.264367
151,0.026834
152,0.036658
153,0.029820
154,0.026917
155,0.237872
156,0.026908
157,0.027074
158,0.027036
159,0.027005
160,0.026762
161,0.053125
162,0.053311
163,0.026907
164,0.053283
165,0.079546
166,0.027021
167,0.026920
168,0.026648
169,0.264168
170,0.133485
171,0.053480
172,0.053328
173,0.053422
174,0.053289
175,0.053469
176,0.026810
177,0.053484
178,0.026772
179,0.027035
180,0.106515
181,0.053243
182,0.079850
183,0.053250
184,0.053232
185,0.052954
186,0.067051
187,0.053447
188,0.026799
189,0.027171
190,0.053459
191,0.026814
192,0.026786
193,0.053482
194,0.026963
195,0.026907
196,0.027045
197,0.026872
198,0.053197
199,0.053080
200,0.026782
201,0.027123
202,0.027082
203,0.026801
204,0.026987
205,0.026973
206,0.026901
207,0.026951
208,0.026815
209,0.026907
210,0.026825
211,0.026926
212,0.026786
213,0.026920
214,0.026635
215,0.026658
216,0.026752
217,0.027107
218,0.026837
219,0.026725
220,0.026878
221,0.027064
222,0.026735
223,0.026930
224,0.053391
225,0.027043
226,0.026883
227,0.026897
228,0.026943
229,0.027161
230,0.026773
231,0.026855
232,0.026651
233,0.027044
234,0.026729
235,0.026853
236,0.026858
237,0.026829
238,0.026977
239,0.026951
240,0.026898
241,0.026997
242,0.053149
243,0.027002
244,0.026791
245,0.027027
246,0.027047
247,0.027008
248,0.026906
249,0.026903
250,0.027038
251,0.026992
252,0.026974
253,0.027030
254,0.053151
255,0.026967
256,0.026759
257,0.026801
258,0.026691
259,0.026852
260,0.026836
261,0.026936
262,0.026943
263,0.026764
264,0.026873
265,0.027004
266,0.026824
267,0.053280
268,0.026848
269,0.053238
270,0.026918
271,0.053347
272,0.026776
273,0.027003
274,0.053310
275,0.079701
276,0.053340
277,0.027097
278,0.079769
279,0.053462
280,0.027031
281,0.026828
282,0.053328
283,0.053315
284,0.026584
285,0.053193
286,0.026774
287,0.026834
288,0.026829
289,0.053275
290,0.026905
291,0.026785
292,0.027007
293,0.053483
294,0.026725
295,0.026810
296,0.026880
297,0.027027
298,0.026663
299,0.026906
300,0.026801
301,0.027047
302,0.026761
303,0.053129
304,0.026771
305,0.026889
306,0.053434
307,0.026950
308,0.026961
309,0.027084
310,0.026795
311,0.026987
312,0.026865
313,0.026971
314,0.053283
315,0.026914
316,0.026763
317,0.027075
318,0.026888
319,0.027070
320,0.026948
321,0.053327
322,0.026844
323,0.026910
324,0.026969
325,0.026930
326,0.026939
327,0.026814
328,0.053326
329,0.026982
330,0.026933
331,0.026922
332,0.026768
333,0.026838
334,0.026743
335,0.026705
336,0.026793
337,0.053299
338,0.026742
339,0.026953
340,0.027032
341,0.053504
342,0.053388
343,0.026888
344,0.026922
345,0.027131
346,0.026645
347,0.053298
348,0.053439
349,0.026922
350,0.026745
351,0.026992
352,0.026865
353,0.027046
354,0.053204
355,0.026776
356,0.026727
357,0.027086
358,0.026905
359,0.026918
360,0.026826
361,0.026993
362,0.026815
363,0.053320
364,0.053064
365,0.026917
366,0.026881
367,0.053394
368,0.026910
369,0.026964
370,0.053477
371,0.053219
372,0.053468
373,0.053317
374,0.053442
375,0.053287
376,0.053480
377,0.026946
378,0.027028
379,0.026899
380,0.026929
381,0.064391
382,0.055254
383,0.053300
384,0.026933
385,0.053434
386,0.026824
387,0.027024
388,0.026954
389,0.053484
390,0.053216
391,0.053546
392,0.027064
393,0.026870
394,0.079792
395,0.079561
396,0.026782
397,0.053695
398,0.053538
399,0.027089
400,0.053240
401,0.027028
402,0.026864
403,0.053670
404,0.027158
405,0.053399
406,0.053241
407,0.027266
408,0.026754
409,0.027455
410,0.053687
411,0.026720
412,0.053372
413,0.079775
414,0.026943
415,0.106529
416,0.053250
417,0.026875
418,0.026831
419,0.027118
420,0.053640
421,0.026845
422,0.027019
423,0.026969
424,0.053328
425,0.026828
426,0.026778
427,0.089074
428,0.055351
429,0.026801
430,0.026824
431,0.053455
432,0.027000
433,0.026921
434,0.027225
435,0.053209
436,0.026984
437,0.027076
438,0.026970
439,0.026917
440,0.026878
441,0.027024
442,0.026966
443,0.026875
444,0.026989
445,0.026953
446,0.027182
447,0.026975
448,0.053198
449,0.026763
450,0.026934
451,0.026905
452,0.027056
453,0.027079
454,0.026922
455,0.026972
456,0.026879
457,0.026900
458,0.026675
459,0.026884
460,0.026837
461,0.027033
462,0.026993
463,0.026758
464,0.026897
465,0.026992
466,0.027009
467,0.026839
468,0.026903
469,0.027163
470,0.026905
471,0.026948
472,0.027044
473,0.026960
474,0.026972
475,0.027006
476,0.026774
477,0.027021
478,0.026625
479,0.026806
480,0.026851
481,0.026778
482,0.026890
483,0.026852
484,0.026948
485,0.026910
486,0.026917
487,0.026899
488,0.026925
489,0.026892
490,0.026759
491,0.027002
492,0.026965
493,0.027091
494,0.026969
495,0.026890
496,0.026754
497,0.026772
498,0.026831
499,0.026857
500,0.026975
501,0.026919
502,0.027058
503,0.026856
504,0.026890
505,0.026941
506,0.026725
507,0.079456
508,0.026930
509,0.027031
510,0.027100
511,0.027046
512,0.026807
513,0.027085
514,0.053198
515,0.026717
516,0.053342
517,0.026779
518,0.027135
519,0.053059
520,0.026918
521,0.026918
522,0.026993
523,0.027066
524,0.027200
525,0.026906
526,0.027027
527,0.026936
528,0.053064
529,0.026955
530,0.053228
531,0.053318
532,0.027100
533,0.026938
534,0.053439
535,0.027008
536,0.026766
537,0.027051
538,0.027142
539,0.026931
540,0.026927
541,0.027253
542,0.026975
543,0.027341
544,0.027231
545,0.026909
546,0.027101
547,0.027068
548,0.026938
549,0.027487
550,0.027120
551,0.026981
552,0.026957
553,0.026890
554,0.026958
555,0.026925
556,0.026989
557,0.027022
558,0.026952
559,0.053364
560,0.053309
561,0.053330
562,0.027116
563,0.026929
564,0.026980
565,0.026722
566,0.026688
567,0.026815
568,0.026783
569,0.027070
570,0.026833
571,0.026839
572,0.026937
573,0.053224
574,0.026914
575,0.026897
576,0.053391
577,0.053539
578,0.026911
579,0.027055
580,0.026835
581,0.026875
582,0.079738
583,0.053223
584,0.026909
585,0.026995
586,0.026829
587,0.026856
588,0.027063
589,0.026942
590,0.026854
591,0.026805
592,0.026839
593,0.026773
594,0.026874
595,0.026781
596,0.026811
597,0.027110
598,0.026777
599,0.026751
600,0.026883
601,0.026864
602,0.026895
603,0.659947
604,0.237654
605,0.317901
606,0.158683
607,0.053676
608,0.053442
609,0.053336
610,0.027140
611,0.053190
612,0.026870
613,0.026958
614,0.053378
615,0.053356
616,0.026931
617,0.053347
618,0.026809
619,0.026838
620,0.053250
621,0.026875
622,0.026865
623,0.026977
624,0.026767
625,0.053500
626,0.026643
627,0.053305
628,0.053270
629,0.027121
630,0.053072
631,0.027160
632,0.026667
633,0.027075
634,0.026958
635,0.026837
636,0.079407
637,0.026882
638,0.026850
639,0.053320
640,0.026752
641,0.026948
642,0.026921
643,0.026859
644,0.036378
645,0.055365
646,0.026828
647,0.026904
648,0.026943
649,0.027005
650,0.053262
651,0.026773
652,0.026909
653,0.080009
654,0.026918
655,0.185524
656,0.026808
657,0.026910
658,0.053378
659,0.026770
660,0.026741
661,0.026844
662,0.027005
663,0.026898
664,0.026832
# total_episodes=664, avg_seconds=0.036589
