# episode_index, seconds
1,0.001207
2,0.000948
3,0.010405
4,0.004094
5,0.000949
6,0.002254
7,0.001621
8,0.000951
9,0.002464
10,0.001019
11,0.001689
12,0.001713
13,0.001700
14,0.000993
15,0.001677
16,0.001013
17,0.007885
18,0.001321
19,0.001045
20,0.001018
21,0.001039
22,0.001030
23,0.002369
24,0.001028
25,0.001042
26,0.011094
27,0.001276
28,0.001033
29,0.001751
30,0.001696
31,0.002354
32,0.001029
33,0.001737
34,0.001019
35,0.001025
36,0.001708
37,0.001051
38,0.005089
39,0.001692
40,0.003943
41,0.001733
42,0.001021
43,0.001702
44,0.001049
45,0.002388
46,0.001022
47,0.002286
48,0.001696
49,0.005664
50,0.001023
51,0.001703
52,0.003031
53,0.001725
54,0.030931
55,0.026997
56,0.026900
57,0.080231
58,0.027311
59,0.027259
60,0.080361
61,0.027142
62,0.031791
63,0.081045
64,0.027303
65,0.027544
66,0.027201
67,0.027183
68,0.027322
69,0.027121
70,0.027138
71,0.027253
72,0.027401
73,0.027165
74,0.027341
75,0.027144
76,0.027279
77,0.027389
78,0.054063
79,0.027086
80,0.027052
81,0.027636
82,0.027189
83,0.054090
84,0.027170
85,0.027419
86,0.027228
87,0.027112
88,0.027097
89,0.027237
90,0.027108
91,0.027449
92,0.053928
93,0.027451
94,0.026991
95,0.054227
96,0.027226
97,0.027339
98,0.054192
99,0.081168
100,0.027257
101,0.027183
102,0.053766
103,0.027468
104,0.027276
105,0.027046
106,0.027271
107,0.107870
108,0.027410
109,0.054931
110,0.037191
111,0.166897
112,0.082849
113,0.027799
114,0.028051
115,0.027560
116,0.027343
117,0.054160
118,0.027368
119,0.027404
120,0.054047
121,0.027361
122,0.027093
123,0.027515
124,0.027086
125,0.027442
126,0.027449
127,0.027198
128,0.026951
129,0.027311
130,0.026944
131,0.027533
132,0.027455
133,0.027813
134,0.027508
135,0.027154
136,0.027233
137,0.027272
138,0.027296
139,0.027378
140,0.028025
141,0.027841
142,0.027963
143,0.028201
144,0.027663
145,0.028002
146,0.028084
147,0.027919
148,0.028071
149,0.028207
150,0.027758
151,0.027892
152,0.028106
153,0.028246
154,0.027733
155,0.028109
156,0.028346
157,0.030451
158,0.029849
159,0.027374
160,0.027354
161,0.027619
162,0.027637
163,0.027488
164,0.026919
165,0.027530
166,0.027283
167,0.027454
168,0.027296
169,0.027259
170,0.027335
171,0.027159
172,0.027275
173,0.027429
174,0.027107
175,0.027155
176,0.027242
177,0.027156
178,0.027192
179,0.027453
180,0.027224
181,0.027470
182,0.027351
183,0.027165
184,0.027276
185,0.027202
186,0.027237
187,0.027285
188,0.027199
189,0.027300
190,0.027382
191,0.027205
192,0.027245
193,0.027427
194,0.054415
195,0.027267
196,0.027132
197,0.027715
198,0.027070
199,0.027286
200,0.027287
201,0.027397
202,0.027220
203,0.027246
204,0.027743
205,0.027605
206,0.027258
207,0.027212
208,0.027418
209,0.054415
210,0.027684
211,0.027126
212,0.027525
213,0.027585
214,0.027505
215,0.027502
216,0.027610
217,0.027180
218,0.053781
219,0.028110
220,0.054374
221,0.027197
222,0.054041
223,0.027423
224,0.054417
225,0.027699
226,0.054187
227,0.054176
228,0.054650
229,0.054091
230,0.027081
231,0.054593
232,0.053984
233,0.027527
234,0.054082
235,0.027416
236,0.054241
237,0.107895
238,0.241838
239,0.053849
240,0.027464
241,0.027307
242,0.027259
243,0.027506
244,0.027322
245,0.027299
246,0.027326
247,0.027338
248,0.027302
249,0.027386
250,0.027199
251,0.027486
252,0.027520
253,0.027303
254,0.027165
255,0.027250
256,0.027339
257,0.027207
258,0.027343
259,0.027386
260,0.027239
261,0.028138
262,0.027651
263,0.027722
264,0.027798
265,0.028294
266,0.027947
267,0.027582
268,0.027946
269,0.027996
270,0.027767
271,0.028105
272,0.028124
273,0.027835
274,0.028107
275,0.028057
276,0.027951
277,0.028179
278,0.027942
279,0.027934
280,0.027939
281,0.028495
282,0.028002
283,0.027957
284,0.028024
285,0.028001
286,0.027846
287,0.028113
288,0.027881
289,0.028041
290,0.028026
291,0.028045
292,0.027860
293,0.027943
294,0.055419
295,0.027949
296,0.027890
297,0.028071
298,0.027935
299,0.028294
300,0.027743
301,0.028206
302,0.083028
303,0.027938
304,0.027930
305,0.027927
306,0.028117
307,0.027864
308,0.027950
309,0.028098
310,0.027665
311,0.027444
312,0.027529
313,0.027239
314,0.027435
315,0.027377
316,0.055432
317,0.028294
318,0.027543
319,0.027670
320,0.027351
321,0.054316
322,0.054092
323,0.027443
324,0.027331
325,0.027151
326,0.027261
327,0.067354
328,0.027203
329,0.054400
330,0.027511
331,0.055391
332,0.055497
333,0.055446
334,0.027975
335,0.055824
336,0.028101
337,0.028316
338,0.027788
339,0.055816
340,0.055629
341,0.028240
342,0.082942
343,0.054671
344,0.080601
345,0.054152
346,0.054137
347,0.027541
348,0.054186
349,0.028011
350,0.028098
351,0.027580
352,0.027387
353,0.027417
354,0.027013
355,0.079976
356,0.053719
357,0.053836
358,0.027113
359,0.026909
360,0.027190
361,0.027268
362,0.033111
363,0.077831
364,0.056484
365,0.066790
366,0.059688
367,0.066459
368,0.054525
369,0.054988
370,0.066101
371,0.029865
372,0.033857
373,0.080378
374,0.041906
375,0.086009
376,0.039978
377,0.078114
378,0.040063
379,0.040945
380,0.033927
381,0.037914
382,0.037856
383,0.040383
384,0.079890
385,0.039002
386,0.040002
387,0.038989
388,0.041015
389,0.030288
390,0.028284
391,0.027670
392,0.027699
393,0.029890
394,0.033429
395,0.028310
396,0.027393
397,0.054162
398,0.027458
399,0.027154
400,0.027396
401,0.027246
402,0.027215
403,0.027436
404,0.027226
405,0.027455
406,0.053666
407,0.027424
408,0.027084
409,0.027393
410,0.027352
411,0.027474
412,0.027375
413,0.027717
414,0.027110
415,0.027335
416,0.027493
417,0.027457
418,0.034294
419,0.027507
420,0.027252
421,0.027302
422,0.027591
423,0.027612
424,0.027336
425,0.027459
426,0.027215
427,0.027460
428,0.027539
429,0.027369
430,0.027481
431,0.027462
432,0.027343
433,0.027338
434,0.027312
435,0.027298
436,0.027104
437,0.027217
438,0.027225
439,0.027485
440,0.027247
441,0.027393
442,0.027308
443,0.027163
444,0.027367
445,0.027310
446,0.027289
447,0.026917
448,0.027210
449,0.027362
450,0.027407
451,0.027510
452,0.027215
453,0.027556
454,0.027412
455,0.054058
456,0.027223
457,0.027236
458,0.027495
459,0.027187
460,0.027426
461,0.027197
462,0.027388
463,0.027315
464,0.027210
465,0.054313
466,0.027174
467,0.027117
468,0.027253
469,0.027416
470,0.027470
471,0.027368
472,0.027283
473,0.054252
474,0.027616
475,0.027330
476,0.027035
477,0.027285
478,0.027385
479,0.027163
480,0.027568
481,0.027396
482,0.027233
483,0.054325
484,0.027321
485,0.027361
486,0.026950
487,0.036977
488,0.029163
489,0.027357
490,0.027291
491,0.107500
492,0.054323
493,0.027635
494,0.027258
495,0.027014
496,0.053840
497,0.027357
498,0.027631
499,0.027405
500,0.027335
501,0.053908
502,0.027340
503,0.036714
504,0.029204
505,0.027053
506,0.027236
507,0.027520
508,0.027164
509,0.027505
510,0.081001
511,0.027487
512,0.027123
513,0.027519
514,0.027198
515,0.027293
516,0.027606
517,0.107586
518,0.108169
519,0.054334
520,0.268628
521,0.027440
522,0.027137
523,0.027217
524,0.027273
525,0.027312
526,0.027418
527,0.027270
528,0.054126
529,0.027339
530,0.027246
531,0.027481
532,0.027140
533,0.027328
534,0.027396
535,0.027396
536,0.027367
537,0.027426
538,0.027173
539,0.027457
540,0.027426
541,0.027120
542,0.033898
543,0.027527
544,0.027263
545,0.027397
546,0.028043
547,0.028283
548,0.028199
549,0.027358
550,0.027058
551,0.027335
552,0.027490
553,0.027209
554,0.027547
555,0.027335
556,0.027344
557,0.027439
558,0.027202
559,0.027118
560,0.027408
561,0.027423
562,0.027277
563,0.027435
564,0.027232
565,0.027682
566,0.027417
567,0.027159
568,0.065994
569,0.029856
570,0.041897
571,0.028060
572,0.027149
573,0.027138
574,0.026983
575,0.053637
576,0.027069
577,0.027150
578,0.027219
579,0.027191
580,0.027251
581,0.027082
582,0.027302
583,0.026996
584,0.027206
585,0.053742
586,0.027106
587,0.027172
588,0.027072
589,0.053558
590,0.027050
591,0.027041
592,0.080298
593,0.027037
594,0.026924
595,0.026842
596,0.053691
597,0.053849
598,0.027139
599,0.026998
600,0.053671
601,0.027141
602,0.027122
603,0.027170
604,0.053986
605,0.027072
606,0.106979
607,0.027005
608,0.027013
609,0.027157
610,0.027243
611,0.027142
612,0.053722
613,0.027304
614,0.027050
615,0.027156
616,0.027090
617,0.027292
618,0.027072
619,0.027233
620,0.026933
621,0.027071
622,0.053790
623,0.027224
624,0.027119
625,0.027335
626,0.027107
627,0.027107
628,0.027140
629,0.027285
630,0.027034
631,0.027006
632,0.026918
633,0.027216
634,0.026995
635,0.027049
636,0.027079
637,0.027050
638,0.027147
639,0.027112
640,0.266318
641,0.027026
642,0.027070
643,0.080160
644,0.026997
645,0.027043
646,0.026995
647,0.027081
648,0.027047
649,0.027075
650,0.027224
651,0.027148
652,0.027316
653,0.027096
654,0.027127
655,0.027059
656,0.026934
657,0.027074
658,0.026992
659,0.026963
660,0.027104
661,0.027256
662,0.027078
663,0.026989
664,0.027132
665,0.027120
666,0.027071
667,0.037224
668,0.029173
669,0.027084
670,0.027020
671,0.053804
672,0.027038
673,0.027200
674,0.027259
675,0.027037
676,0.027152
677,0.027265
678,0.027130
679,0.027145
680,0.027159
681,0.027019
682,0.027229
683,0.027152
684,0.027001
685,0.027104
686,0.027133
687,0.027041
688,0.027014
689,0.027172
690,0.027198
691,0.027136
692,0.027147
693,0.027089
694,0.027045
695,0.027072
696,0.027052
697,0.027022
698,0.027719
699,0.027008
700,0.027128
701,0.026911
702,0.027028
703,0.027041
704,0.027035
705,0.027293
706,0.027119
707,0.027050
708,0.027399
709,0.027558
710,0.027077
711,0.027040
712,0.027247
713,0.027418
714,0.027565
715,0.028050
716,0.055177
717,0.027920
718,0.027744
719,0.027925
720,0.027814
721,0.055391
722,0.027920
723,0.027890
724,0.028101
725,0.027671
726,0.027870
727,0.027930
728,0.027936
729,0.027940
730,0.027800
731,0.027901
732,0.027568
733,0.027841
734,0.027562
735,0.027524
736,0.027311
737,0.027130
738,0.027150
739,0.027092
740,0.027142
741,0.026998
742,0.027156
743,0.026974
744,0.027039
745,0.027091
746,0.027144
747,0.027120
748,0.027183
749,0.027186
750,0.027101
751,0.053667
752,0.053416
753,0.027167
754,0.026894
755,0.027115
756,0.053600
757,0.053504
758,0.106619
759,0.053774
760,0.213072
761,0.027055
762,0.027111
763,0.053481
764,0.160040
765,0.053577
766,0.027016
767,0.160183
768,0.106754
# total_episodes=768, avg_seconds=0.032565
