# episode_index, seconds
1,0.001130
2,0.001663
3,0.000933
4,0.001596
5,0.000971
6,0.000920
7,0.000825
8,0.001009
9,0.001519
10,0.000940
11,0.000928
12,0.000916
13,0.001663
14,0.000841
15,0.000828
16,0.011810
17,0.003390
18,0.001751
19,0.000986
20,0.001036
21,0.001699
22,0.002393
23,0.000975
24,0.002301
25,0.001001
26,0.001628
27,0.002286
28,0.000987
29,0.001019
30,0.000985
31,0.000971
32,0.000973
33,0.001005
34,0.000983
35,0.006881
36,0.000957
37,0.002295
38,0.000978
39,0.002318
40,0.000973
41,0.000999
42,0.000970
43,0.000968
44,0.000976
45,0.002967
46,0.000985
47,0.004219
48,0.000981
49,0.001018
50,0.000973
51,0.000980
52,0.000978
53,0.001016
54,0.000995
55,0.000983
56,0.002269
57,0.001017
58,0.000972
59,0.000960
60,0.000974
61,0.001663
62,0.000969
63,0.000977
64,0.000979
65,0.000946
66,0.000934
67,0.000920
68,0.001764
69,0.057830
70,0.026303
71,0.053156
72,0.052756
73,0.027055
74,0.027139
75,0.027441
76,0.026802
77,0.027021
78,0.026787
79,0.026644
80,0.027042
81,0.026921
82,0.026851
83,0.026475
84,0.026838
85,0.026927
86,0.026761
87,0.027058
88,0.026936
89,0.053430
90,0.026502
91,0.026867
92,0.026953
93,0.026760
94,0.027095
95,0.026803
96,0.026847
97,0.053045
98,0.027036
99,0.026863
100,0.026769
101,0.027214
102,0.027027
103,0.027017
104,0.027102
105,0.026945
106,0.026976
107,0.027012
108,0.026662
109,0.027139
110,0.026952
111,0.026999
112,0.026751
113,0.026683
114,0.036062
115,0.027110
116,0.026651
117,0.026890
118,0.026968
119,0.026791
120,0.027097
121,0.027285
122,0.026775
123,0.026982
124,0.026799
125,0.026857
126,0.027024
127,0.026904
128,0.027194
129,0.027440
130,0.026752
131,0.026876
132,0.026749
133,0.037827
134,0.028906
135,0.026877
136,0.027061
137,0.027003
138,0.027148
139,0.026879
140,0.027205
141,0.027010
142,0.079932
143,0.027103
144,0.053570
145,0.026984
146,0.027193
147,0.027006
148,0.027036
149,0.027143
150,0.026791
151,0.027087
152,0.026952
153,0.027062
154,0.026843
155,0.026805
156,0.027061
157,0.027120
158,0.026754
159,0.026945
160,0.026886
161,0.026956
162,0.026817
163,0.026784
164,0.027193
165,0.026908
166,0.027047
167,0.027015
168,0.027025
169,0.027041
170,0.026728
171,0.026851
172,0.026817
173,0.027116
174,0.027043
175,0.026992
176,0.026880
177,0.027103
178,0.026879
179,0.026602
180,0.027039
181,0.026825
182,0.027028
183,0.027020
184,0.026874
185,0.027077
186,0.026781
187,0.027373
188,0.027073
189,0.026817
190,0.026911
191,0.026634
192,0.028612
193,0.030333
194,0.027083
195,0.026847
196,0.026963
197,0.026612
198,0.026830
199,0.026932
200,0.026919
201,0.027294
202,0.026812
203,0.026882
204,0.027170
205,0.026901
206,0.027084
207,0.026990
208,0.026688
209,0.027250
210,0.026763
211,0.026804
212,0.027212
213,0.027182
214,0.026794
215,0.026956
216,0.027263
217,0.027170
218,0.026906
219,0.026908
220,0.027186
221,0.026916
222,0.026917
223,0.027012
224,0.026998
225,0.027109
226,0.027222
227,0.026856
228,0.027010
229,0.026838
230,0.063155
231,0.027222
232,0.026817
233,0.027045
234,0.026799
235,0.053357
236,0.026751
237,0.027037
238,0.026921
239,0.026911
240,0.026842
241,0.026613
242,0.026996
243,0.026729
244,0.026701
245,0.027191
246,0.026565
247,0.026742
248,0.026827
249,0.026906
250,0.026863
251,0.026965
252,0.026817
253,0.027070
254,0.026889
255,0.027100
256,0.026937
257,0.026795
258,0.026854
259,0.026912
260,0.026602
261,0.027053
262,0.026783
263,0.027051
264,0.026863
265,0.026833
266,0.026775
267,0.054003
268,0.027127
269,0.027125
270,0.027835
271,0.027275
272,0.027664
273,0.027636
274,0.027127
275,0.026824
276,0.027219
277,0.026760
278,0.026991
279,0.026856
280,0.026813
281,0.027078
282,0.026733
283,0.027218
284,0.027050
285,0.026993
286,0.027241
287,0.027041
288,0.027146
289,0.027067
290,0.026765
291,0.027133
292,0.031945
293,0.079892
294,0.053097
295,0.026999
296,0.027049
297,0.027319
298,0.026935
299,0.027052
300,0.027127
301,0.026997
302,0.027030
303,0.027190
304,0.027325
305,0.027357
306,0.027294
307,0.026977
308,0.027163
309,0.026950
310,0.027121
311,0.027095
312,0.026772
313,0.027237
314,0.026848
315,0.027012
316,0.027184
317,0.026981
318,0.027015
319,0.027041
320,0.026869
321,0.027185
322,0.026909
323,0.027008
324,0.026879
325,0.026987
326,0.027011
327,0.026823
328,0.026751
329,0.027235
330,0.026616
331,0.026936
332,0.026721
333,0.026930
334,0.026940
335,0.026949
336,0.027110
337,0.026805
338,0.026745
339,0.026836
340,0.026776
341,0.026833
342,0.026595
343,0.026950
344,0.026716
345,0.026810
346,0.026729
347,0.026763
348,0.026808
349,0.026759
350,0.026684
351,0.026702
352,0.026671
353,0.026764
354,0.026773
355,0.026778
356,0.026772
357,0.026705
358,0.052912
359,0.026695
360,0.026958
361,0.026992
362,0.026773
363,0.026830
364,0.053053
365,0.026757
366,0.026648
367,0.026748
368,0.026677
369,0.026858
370,0.026756
371,0.026955
372,0.053266
373,0.026839
374,0.026792
375,0.052899
376,0.026710
377,0.027004
378,0.027621
379,0.027364
380,0.027601
381,0.054666
382,0.027458
383,0.054226
384,0.054591
385,0.027620
386,0.027583
387,0.027445
388,0.054220
389,0.027559
390,0.027497
391,0.054201
392,0.027404
393,0.054418
394,0.054359
395,0.054388
396,0.027586
397,0.027590
398,0.027518
399,0.027378
400,0.027633
401,0.027601
402,0.027484
403,0.027356
404,0.027337
405,0.027646
406,0.027337
407,0.027512
408,0.027353
409,0.027581
410,0.027402
411,0.027283
412,0.054472
413,0.027444
414,0.027291
415,0.027265
416,0.027454
417,0.053274
418,0.027051
419,0.026637
420,0.026754
421,0.026878
422,0.026799
423,0.026869
424,0.026778
425,0.026834
426,0.026734
427,0.026745
428,0.026814
429,0.026956
430,0.026645
431,0.026753
432,0.026845
433,0.026870
434,0.026854
435,0.026719
436,0.026807
437,0.026929
438,0.026901
439,0.026785
440,0.026874
441,0.026791
442,0.026821
443,0.026791
444,0.026719
445,0.026825
446,0.026973
447,0.026763
448,0.026732
449,0.026775
450,0.026833
451,0.052987
452,0.026697
453,0.026829
454,0.026934
455,0.026792
456,0.026915
457,0.026703
458,0.026646
459,0.041030
460,0.028074
461,0.026666
462,0.026636
463,0.026747
464,0.026588
465,0.026842
466,0.026753
467,0.026674
468,0.026726
469,0.026878
470,0.026906
471,0.026796
472,0.026870
473,0.026772
474,0.026659
475,0.026689
476,0.026662
477,0.037776
478,0.028968
479,0.026652
480,0.026580
481,0.026823
482,0.026737
483,0.026819
484,0.026663
485,0.026936
486,0.026678
487,0.026878
488,0.027256
489,0.027710
490,0.027592
491,0.027464
492,0.027563
493,0.027490
494,0.027608
495,0.027576
496,0.027686
497,0.027401
498,0.027532
499,0.027367
500,0.027412
501,0.027411
502,0.027336
503,0.027492
504,0.027319
505,0.027334
506,0.027191
507,0.027387
508,0.027427
509,0.027625
510,0.027482
511,0.027578
512,0.027461
513,0.027669
514,0.027586
515,0.027382
516,0.026935
517,0.026772
518,0.026910
519,0.026818
520,0.026760
521,0.026835
522,0.026784
523,0.027340
524,0.027287
525,0.027476
526,0.027374
527,0.027625
528,0.027231
529,0.027702
530,0.027671
531,0.027724
532,0.027526
533,0.027488
534,0.027640
535,0.027129
536,0.027401
537,0.027573
538,0.027273
539,0.027593
540,0.027641
541,0.027647
542,0.027403
543,0.027666
544,0.027550
545,0.027531
546,0.027270
547,0.027431
548,0.027349
549,0.027507
550,0.027414
551,0.027386
552,0.027497
553,0.027616
554,0.027607
555,0.027600
556,0.027642
557,0.027582
558,0.027440
559,0.027458
560,0.027425
561,0.027576
562,0.027419
563,0.027721
564,0.027525
565,0.027720
566,0.027406
567,0.027312
568,0.027516
569,0.027531
570,0.027607
571,0.027562
572,0.027632
573,0.027485
574,0.027538
575,0.027506
576,0.027524
577,0.027608
578,0.027392
579,0.027813
580,0.027417
581,0.027665
582,0.027333
583,0.027338
584,0.037312
585,0.029420
586,0.027506
587,0.027499
588,0.027344
589,0.027682
590,0.027306
591,0.027372
592,0.026759
593,0.026791
594,0.026578
595,0.026711
596,0.026638
597,0.026942
598,0.026748
599,0.026748
600,0.026867
601,0.026884
602,0.026957
603,0.026737
604,0.026956
605,0.027099
606,0.026717
607,0.026790
608,0.026932
609,0.026914
610,0.026766
611,0.026780
612,0.027143
613,0.027334
614,0.027505
615,0.027228
616,0.027475
617,0.027593
618,0.027506
619,0.027492
620,0.027527
621,0.027651
622,0.027579
623,0.027428
624,0.027465
625,0.027522
626,0.027478
627,0.027574
628,0.027390
629,0.027527
630,0.027527
631,0.027426
632,0.027344
633,0.027454
634,0.027487
635,0.027600
636,0.027424
637,0.027591
638,0.027582
639,0.027202
640,0.026709
641,0.026821
642,0.026876
643,0.026836
644,0.026728
645,0.026915
646,0.027231
647,0.038366
648,0.029322
649,0.027003
650,0.026757
651,0.026746
652,0.026959
653,0.026919
654,0.026839
655,0.026763
656,0.026869
657,0.026903
658,0.295878
659,0.027437
660,0.027415
661,0.081265
662,0.027233
663,0.027390
664,0.027342
665,0.027318
666,0.027446
667,0.027519
668,0.027498
669,0.027551
670,0.027422
671,0.054421
672,0.027354
673,0.027425
674,0.027399
675,0.054265
676,0.027466
677,0.027595
678,0.027546
679,0.027423
680,0.027513
681,0.027443
682,0.027581
683,0.027552
684,0.027535
685,0.027575
686,0.027454
687,0.027388
688,0.028006
689,0.027850
690,0.027659
691,0.027885
692,0.027722
693,0.027852
694,0.027889
695,0.027694
696,0.027658
697,0.027963
698,0.027628
699,0.027550
700,0.027867
701,0.027750
702,0.027980
703,0.027806
704,0.027707
705,0.027793
706,0.027771
707,0.027568
708,0.027439
709,0.027908
710,0.027567
711,0.027550
712,0.027667
713,0.027635
714,0.027831
715,0.027772
716,0.027580
717,0.027846
718,0.027852
719,0.027383
720,0.027869
721,0.027934
722,0.027624
723,0.027901
724,0.027774
725,0.027778
726,0.027778
727,0.027672
728,0.027605
729,0.027908
730,0.027723
731,0.027661
732,0.437508
733,0.135229
734,0.027037
735,0.027131
736,0.053299
737,0.108775
738,0.191069
739,0.190869
740,0.027655
741,0.027872
742,0.027726
743,0.027558
744,0.027795
745,0.027735
746,0.054730
747,0.027623
748,0.027652
749,0.027983
750,0.027735
751,0.027706
752,0.028070
753,0.027826
754,0.027571
755,0.027848
756,0.027878
757,0.027874
758,0.027929
759,0.027595
760,0.027625
761,0.027925
762,0.027536
763,0.027620
764,0.027967
765,0.028030
766,0.027706
767,0.027949
768,0.027702
769,0.027742
770,0.027646
771,0.027801
772,0.027330
773,0.027650
774,0.027344
775,0.027374
776,0.027633
777,0.027508
778,0.027283
779,0.027470
780,0.027651
781,0.027658
782,0.027360
783,0.027573
784,0.027612
785,0.054480
786,0.027450
787,0.027606
788,0.027615
789,0.027419
790,0.026795
791,0.026692
792,0.026813
793,0.026923
794,0.026844
795,0.027041
796,0.026785
797,0.027000
798,0.026901
799,0.026956
800,0.027079
801,0.026930
802,0.026958
803,0.027063
804,0.026704
805,0.026723
806,0.026795
807,0.026768
808,0.080712
809,0.027756
810,0.027589
811,0.027565
812,0.027526
813,0.027368
814,0.027648
815,0.027509
816,0.027505
817,0.027501
818,0.054447
819,0.027530
820,0.027447
821,0.027628
822,0.054602
823,0.027420
824,0.027534
825,0.027673
826,0.027432
827,0.027212
828,0.027308
829,0.027608
830,0.027412
831,0.054253
832,0.027404
833,0.027353
834,0.037193
835,0.029323
836,0.054609
837,0.027561
838,0.027677
839,0.027602
840,0.027530
841,0.027569
842,0.054528
843,0.027532
844,0.027180
845,0.027539
846,0.027489
847,0.027451
848,0.027487
849,0.027479
850,0.027434
851,0.027592
852,0.027559
853,0.027554
854,0.027647
855,0.027532
856,0.027511
857,0.027502
858,0.027645
859,0.027556
860,0.027520
861,0.027712
862,0.027744
863,0.027664
864,0.027651
865,0.027624
866,0.027468
867,0.027247
868,0.026885
869,0.027133
870,0.027016
871,0.026978
872,0.026853
873,0.026962
874,0.027087
875,0.027043
876,0.027065
877,0.026782
878,0.026860
879,0.026921
880,0.027038
# total_episodes=880, avg_seconds=0.027990
