# episode_index, seconds
1,0.004825
2,0.000812
3,0.002956
4,0.003394
5,0.003509
6,0.003547
7,0.004332
8,0.003880
9,0.003631
10,0.003606
11,0.004149
12,0.004921
13,0.002535
14,0.003556
15,0.003514
16,0.003576
17,0.003567
18,0.004549
19,0.131087
20,0.156415
21,0.156768
22,0.106198
23,0.078599
24,0.078642
25,0.078671
26,0.052573
27,0.078546
28,0.026470
29,0.078734
30,0.078255
31,0.104693
32,0.104833
33,0.104605
34,0.104563
35,0.104947
36,0.104831
37,0.104576
38,0.078847
39,0.104718
40,0.131309
41,0.078826
42,0.078470
43,0.104780
44,0.104513
45,0.078826
46,0.104568
47,0.104800
48,0.078626
49,0.078634
50,0.078237
51,0.078468
52,0.078943
53,0.078374
54,0.078700
55,0.078675
56,0.081895
57,0.028072
58,0.106524
59,0.078836
60,0.104396
61,0.078615
62,0.078658
63,0.078893
64,0.078861
65,0.078971
66,0.104686
67,0.079334
68,0.052860
69,0.078691
70,0.078538
71,0.104576
72,0.078835
73,0.078582
74,0.078969
75,0.082363
76,0.078878
77,0.105015
78,0.078212
79,0.078828
80,0.078781
81,0.078306
82,0.078697
83,0.078597
84,0.078555
85,0.052531
86,0.078999
87,0.078836
88,0.079417
89,0.052785
90,0.079079
91,0.052461
92,0.078930
93,0.052571
94,0.079134
95,0.026441
96,0.078863
97,0.052738
98,0.078897
99,0.078965
100,0.026537
101,0.052291
102,0.026213
103,0.026394
104,0.078379
105,0.026328
106,0.079262
107,0.052806
108,0.052697
109,0.026644
110,0.052826
111,0.026483
112,0.026635
113,0.052661
114,0.052738
115,0.078600
116,0.078740
117,0.078478
118,0.052818
119,0.052851
120,0.052413
121,0.026598
122,0.078967
123,0.052646
124,0.078550
125,0.026746
126,0.078259
127,0.078442
128,0.052685
129,0.078653
130,0.078623
131,0.078364
132,0.104724
133,0.104689
134,0.078740
135,0.078154
136,0.079090
137,0.078306
138,0.078405
139,0.078723
140,0.052370
141,0.079060
142,0.079175
143,0.078474
144,0.052712
145,0.026282
146,0.052664
147,0.078377
148,0.079107
149,0.052491
150,0.078808
151,0.078889
152,0.052384
153,0.052805
154,0.052371
155,0.078830
156,0.052415
157,0.052348
158,0.053219
159,0.026541
160,0.052757
161,0.052627
162,0.026538
163,0.052671
164,0.052201
165,0.052570
166,0.026371
167,0.052565
168,0.052522
169,0.026602
170,0.026335
171,0.026526
172,0.078436
173,0.026337
174,0.052375
175,0.026393
176,0.052353
177,0.052930
178,0.052491
179,0.026390
180,0.052544
181,0.026631
182,0.052690
183,0.052575
184,0.026305
185,0.026647
186,0.026495
187,0.052402
188,0.026498
189,0.026496
190,0.052568
191,0.026473
192,0.052745
193,0.052352
194,0.052524
195,0.052468
196,0.052272
197,0.026410
198,0.052423
199,0.026358
200,0.026420
201,0.052956
202,0.052607
203,0.052844
204,0.052749
205,0.026642
206,0.026525
207,0.052704
208,0.052549
209,0.026477
210,0.026624
211,0.026431
212,0.026428
213,0.026340
214,0.052677
215,0.026333
216,0.026514
217,0.052572
218,0.026313
219,0.052180
220,0.026223
221,0.052083
222,0.052018
223,0.052238
224,0.052229
225,0.052282
226,0.052337
227,0.052106
228,0.052543
229,0.052484
230,0.026078
231,0.026298
232,0.026250
233,0.026303
234,0.052267
235,0.052168
236,0.026222
237,0.026335
238,0.052354
239,0.052422
240,0.026188
241,0.052430
242,0.026223
243,0.026399
244,0.052478
245,0.026267
246,0.026173
247,0.052362
248,0.052254
249,0.026213
250,0.026235
251,0.051990
252,0.026180
253,0.026348
254,0.052009
255,0.026102
256,0.052341
257,0.026301
258,0.026255
259,0.052162
260,0.026218
261,0.026332
262,0.052107
263,0.052248
264,0.052096
265,0.026370
266,0.052312
267,0.034031
268,0.053173
269,0.052304
270,0.026253
271,0.052180
272,0.052330
273,0.026183
274,0.026209
275,0.026217
276,0.052285
277,0.026282
278,0.026252
279,0.052349
280,0.052135
281,0.052257
282,0.026320
283,0.026307
284,0.051993
285,0.026297
286,0.026522
287,0.052278
288,0.053075
289,0.052533
290,0.052647
291,0.052796
292,0.078900
293,0.078938
294,0.078801
295,0.104434
296,0.104901
297,0.078844
298,0.105184
299,0.105258
300,0.078640
301,0.052795
302,0.052830
303,0.078761
304,0.052716
305,0.052983
306,0.026433
307,0.026355
308,0.026659
309,0.026443
310,0.026565
311,0.026436
312,0.026339
313,0.026590
314,0.026503
315,0.026418
316,0.026271
317,0.026680
318,0.026437
319,0.026425
320,0.026530
321,0.052899
322,0.026520
323,0.026356
324,0.026514
325,0.026606
326,0.026564
327,0.026335
328,0.026289
329,0.026689
330,0.052819
331,0.052448
332,0.026490
333,0.026549
334,0.052710
335,0.026535
336,0.026470
337,0.052745
338,0.052675
339,0.052883
340,0.026433
341,0.026510
342,0.026536
343,0.026195
344,0.026671
345,0.026537
346,0.052771
347,0.052942
348,0.052937
349,0.026845
350,0.026197
351,0.052823
352,0.026508
353,0.078991
354,0.026455
355,0.052587
356,0.052608
357,0.026572
358,0.026580
359,0.052599
360,0.026505
361,0.052834
362,0.078896
363,0.078853
364,0.026658
365,0.078692
366,0.078672
367,0.052739
368,0.078862
369,0.105387
370,0.104771
371,0.078594
372,0.078850
373,0.052692
374,0.052515
375,0.052616
376,0.078671
377,0.052604
378,0.052803
379,0.052729
380,0.052628
381,0.026258
382,0.052736
383,0.079178
384,0.052373
385,0.078755
386,0.052699
387,0.052733
388,0.052757
389,0.052827
390,0.026766
391,0.052746
392,0.052588
393,0.052744
394,0.052770
395,0.052715
396,0.052346
397,0.026506
398,0.052700
399,0.026485
400,0.052447
401,0.052786
402,0.026499
403,0.026496
404,0.026631
405,0.026689
406,0.026472
407,0.026447
408,0.053036
409,0.052628
410,0.026568
411,0.026285
412,0.026545
413,0.052757
414,0.026496
415,0.026503
416,0.026571
417,0.026404
418,0.026539
419,0.052957
420,0.026678
421,0.026490
422,0.052735
423,0.026459
424,0.026583
425,0.026405
426,0.026567
427,0.026401
428,0.026199
429,0.026520
430,0.026382
431,0.026626
432,0.026403
433,0.052681
434,0.052714
435,0.026171
436,0.052690
437,0.026428
438,0.026559
439,0.026473
440,0.052566
441,0.026716
442,0.052296
443,0.026746
444,0.026207
445,0.105129
446,0.078770
447,0.078613
448,0.078758
449,0.104596
450,0.104928
451,0.104838
452,0.104555
453,0.104674
454,0.105082
455,0.105430
456,0.104934
457,0.105066
458,0.104989
459,0.079073
460,0.078825
461,0.078910
462,0.105088
463,0.078996
464,0.052629
465,0.078842
466,0.026307
467,0.078652
468,0.052875
469,0.104811
470,0.026340
471,0.104897
472,0.026538
473,0.026570
474,0.026377
475,0.026601
476,0.026256
477,0.026494
478,0.026633
479,0.052639
480,0.026353
481,0.026797
482,0.026500
483,0.026307
484,0.026472
485,0.026545
486,0.026419
487,0.026542
488,0.026462
489,0.026627
490,0.026377
491,0.026577
492,0.026280
493,0.026532
494,0.026584
495,0.026276
496,0.026337
497,0.026574
498,0.026612
499,0.026438
500,0.026360
501,0.026497
502,0.026272
503,0.026644
504,0.026356
505,0.026379
506,0.026547
507,0.026588
508,0.026473
509,0.026349
510,0.026428
511,0.026818
512,0.026433
513,0.026742
514,0.026477
515,0.026746
516,0.026459
517,0.026658
518,0.026423
519,0.026570
520,0.026510
521,0.026561
522,0.026508
523,0.026503
524,0.026505
525,0.026320
526,0.026439
527,0.026519
528,0.026524
529,0.026519
530,0.026576
531,0.026119
532,0.026485
533,0.026660
534,0.026518
535,0.026323
536,0.026507
537,0.026709
538,0.026299
539,0.026457
540,0.052414
541,0.026725
542,0.026428
543,0.026232
544,0.026393
545,0.052780
546,0.026417
547,0.052685
548,0.026455
549,0.052462
550,0.026400
551,0.026101
552,0.026465
553,0.026663
554,0.052635
555,0.052670
556,0.052569
557,0.052918
558,0.052724
559,0.052618
560,0.079156
561,0.052703
562,0.052707
563,0.078872
564,0.052816
565,0.078653
566,0.078671
567,0.079134
568,0.104916
569,0.078946
570,0.078855
571,0.078878
572,0.105184
573,0.104975
574,0.078336
575,0.078759
576,0.078723
577,0.079481
578,0.079161
579,0.078434
580,0.078333
581,0.078214
582,0.052068
583,0.052194
584,0.052302
585,0.052456
586,0.052501
587,0.052296
588,0.052422
589,0.052370
590,0.052282
591,0.026283
592,0.052475
593,0.052262
594,0.052129
595,0.052146
596,0.052094
597,0.052515
598,0.052681
599,0.052178
600,0.052709
601,0.026448
602,0.052780
603,0.052367
604,0.026346
605,0.052679
606,0.052926
607,0.052838
608,0.052489
609,0.052599
610,0.052823
611,0.053121
612,0.052875
613,0.052854
614,0.026169
615,0.026374
616,0.026118
617,0.026422
618,0.026405
619,0.052798
620,0.026569
621,0.026786
622,0.026437
623,0.026392
624,0.026735
625,0.026394
626,0.026269
627,0.026448
628,0.026572
629,0.026608
630,0.026437
631,0.026546
632,0.026156
633,0.026434
634,0.026451
635,0.026348
636,0.052559
637,0.026674
638,0.026653
639,0.026587
640,0.026525
641,0.026499
642,0.026568
643,0.026524
644,0.026546
645,0.026621
646,0.026539
647,0.026487
648,0.026535
649,0.026415
650,0.026724
651,0.026499
652,0.026565
653,0.026495
654,0.026284
655,0.026598
656,0.026404
657,0.026535
658,0.026376
659,0.026586
660,0.026593
661,0.026486
662,0.026570
663,0.026499
664,0.026477
665,0.026535
666,0.026499
667,0.026689
668,0.026434
669,0.026625
670,0.026456
671,0.026349
672,0.026504
673,0.026649
674,0.026555
675,0.026272
676,0.026716
677,0.026519
678,0.026444
679,0.026658
680,0.052810
681,0.026521
682,0.026590
683,0.026576
684,0.052905
685,0.052734
686,0.053107
687,0.052802
688,0.052925
689,0.053043
690,0.026564
691,0.052890
692,0.052598
693,0.078634
694,0.079513
695,0.078646
696,0.105259
697,0.079398
698,0.079437
699,0.078874
700,0.079221
701,0.079260
702,0.105695
703,0.105307
704,0.079059
705,0.078947
706,0.078713
707,0.105011
708,0.105333
709,0.105581
710,0.079039
711,0.078878
712,0.079201
713,0.079579
714,0.078744
715,0.078997
716,0.026719
717,0.026702
718,0.026599
719,0.052873
720,0.026690
721,0.026518
722,0.052775
723,0.026496
724,0.026532
725,0.026584
726,0.052791
727,0.026518
728,0.026743
729,0.026415
730,0.052842
731,0.026464
732,0.026687
733,0.026412
734,0.052806
735,0.026521
736,0.026827
737,0.052858
738,0.053000
739,0.026784
740,0.052779
741,0.052847
742,0.052675
743,0.079198
744,0.052787
745,0.052812
746,0.052618
747,0.052813
748,0.052903
749,0.052579
750,0.078462
751,0.052672
752,0.052891
753,0.052610
754,0.052822
755,0.053022
756,0.052616
757,0.026594
758,0.052833
759,0.052468
760,0.026300
761,0.026787
762,0.052702
763,0.052824
764,0.052888
765,0.052850
766,0.026355
767,0.052715
768,0.053072
769,0.052711
770,0.053029
771,0.026467
772,0.026380
773,0.026591
774,0.052873
775,0.026576
776,0.053042
777,0.052700
778,0.052994
779,0.026542
780,0.026492
781,0.052497
782,0.026662
783,0.026488
784,0.026601
785,0.026631
786,0.026706
787,0.052542
788,0.052530
789,0.052971
790,0.052757
791,0.026583
792,0.026703
793,0.052801
794,0.052609
795,0.052823
796,0.026441
797,0.026479
798,0.026255
799,0.053015
800,0.026568
801,0.052609
802,0.078608
803,0.052782
804,0.026350
805,0.078854
806,0.078890
807,0.079058
808,0.078987
809,0.078683
810,0.079513
811,0.078668
812,0.052449
813,0.052944
814,0.026580
815,0.052805
816,0.026209
817,0.052908
818,0.026402
819,0.052527
820,0.052348
821,0.052846
822,0.052610
823,0.052872
824,0.052702
825,0.026623
826,0.052766
827,0.052574
828,0.052681
829,0.026716
830,0.052719
831,0.052624
832,0.052556
833,0.052755
834,0.052524
835,0.052429
836,0.052637
837,0.078756
838,0.078999
839,0.052670
840,0.078819
841,0.078628
842,0.078498
843,0.052691
844,0.052412
845,0.052741
846,0.026701
847,0.052662
848,0.026501
849,0.052803
850,0.052705
851,0.052616
852,0.052645
853,0.052881
854,0.052672
855,0.078872
856,0.079005
857,0.079214
858,0.052342
859,0.104323
860,0.104262
861,0.104491
862,0.104224
863,0.104050
864,0.077969
865,0.078255
866,0.078116
867,0.078294
868,0.078396
869,0.078366
870,0.078375
871,0.078411
872,0.078188
873,0.078416
874,0.077987
875,0.078369
876,0.078166
877,0.078315
878,0.078272
879,0.078363
880,0.078111
881,0.078453
882,0.078241
883,0.078342
884,0.052280
885,0.078247
886,0.052271
887,0.052409
888,0.026326
889,0.052331
890,0.026121
891,0.026321
892,0.026339
893,0.026352
894,0.026196
895,0.026353
896,0.026315
897,0.026256
898,0.026265
899,0.026171
900,0.026290
901,0.026351
902,0.026301
903,0.026279
904,0.026399
905,0.026353
906,0.026313
907,0.026121
908,0.026338
909,0.026350
910,0.026294
911,0.026329
912,0.026155
913,0.026282
914,0.026375
915,0.026401
916,0.026238
917,0.052493
918,0.026115
919,0.026178
920,0.026189
921,0.026347
922,0.026216
923,0.026095
924,0.026387
925,0.026264
926,0.026390
927,0.026261
928,0.026235
929,0.026386
930,0.026507
931,0.026190
932,0.026200
933,0.026543
934,0.026276
935,0.026248
936,0.026144
937,0.026327
938,0.026229
939,0.026295
940,0.026239
941,0.026325
942,0.026384
943,0.026321
944,0.026376
945,0.026375
946,0.026146
947,0.026245
948,0.026293
949,0.026301
950,0.026310
951,0.052360
952,0.026105
953,0.052435
954,0.052256
955,0.052227
956,0.026318
957,0.052521
958,0.026353
959,0.026271
960,0.026168
961,0.052227
962,0.026291
963,0.026323
964,0.026278
965,0.052328
966,0.026307
967,0.026258
968,0.026338
969,0.052376
970,0.052228
971,0.052391
972,0.026352
973,0.052299
974,0.052195
975,0.052278
976,0.052349
977,0.052176
978,0.052194
979,0.052189
980,0.052190
981,0.052072
982,0.052199
983,0.078302
984,0.078509
985,0.052350
986,0.078327
987,0.052243
988,0.078327
989,0.078248
990,0.078308
991,0.078451
992,0.078142
993,0.078113
994,0.078134
995,0.078228
996,0.078330
997,0.104188
998,0.078185
999,0.078258
1000,0.078119
1001,0.078471
1002,0.078145
1003,0.078310
1004,0.078465
1005,0.078095
1006,0.078201
1007,0.078306
1008,0.078336
1009,0.078235
1010,0.078281
1011,0.078110
1012,0.078276
1013,0.078345
1014,0.078621
1015,0.078361
1016,0.078380
1017,0.078315
1018,0.078587
1019,0.078141
1020,0.078348
1021,0.078373
1022,0.078432
1023,0.078283
1024,0.078273
1025,0.078472
1026,0.052182
1027,0.052319
1028,0.052167
1029,0.052393
1030,0.052053
1031,0.052160
1032,0.052174
1033,0.052498
1034,0.052429
1035,0.052570
1036,0.052107
1037,0.026296
1038,0.026343
1039,0.026308
1040,0.026236
1041,0.026348
1042,0.052358
1043,0.026287
1044,0.026256
1045,0.026432
1046,0.026282
1047,0.026203
1048,0.026336
1049,0.026407
1050,0.026409
1051,0.026252
1052,0.026320
1053,0.026312
1054,0.026429
1055,0.026343
1056,0.026195
1057,0.026323
1058,0.026297
1059,0.026461
1060,0.026381
1061,0.026214
1062,0.026266
1063,0.026139
1064,0.026331
1065,0.026367
1066,0.026344
1067,0.026209
1068,0.026401
1069,0.026320
1070,0.026276
1071,0.026225
1072,0.026252
1073,0.026235
1074,0.026276
1075,0.026400
1076,0.026160
1077,0.026293
1078,0.052313
1079,0.026159
1080,0.052260
1081,0.052491
1082,0.052364
1083,0.052327
1084,0.026302
1085,0.052658
1086,0.052676
1087,0.052387
1088,0.052317
1089,0.052271
1090,0.052091
1091,0.052227
1092,0.078552
1093,0.078249
1094,0.078272
1095,0.052431
1096,0.052230
1097,0.052370
1098,0.052139
1099,0.052464
1100,0.052421
1101,0.052499
1102,0.052467
1103,0.052878
1104,0.052421
1105,0.052541
1106,0.052431
1107,0.052422
1108,0.052295
1109,0.052503
1110,0.052325
1111,0.052290
1112,0.052242
1113,0.052376
1114,0.052174
1115,0.052125
1116,0.052194
1117,0.052317
1118,0.052097
1119,0.052418
1120,0.052331
1121,0.052304
1122,0.055769
1123,0.052776
1124,0.052075
1125,0.052324
1126,0.052134
1127,0.052315
1128,0.052430
1129,0.052370
1130,0.052334
1131,0.078328
1132,0.078280
1133,0.078169
1134,0.052361
1135,0.052264
1136,0.078553
1137,0.052277
1138,0.052399
1139,0.052303
1140,0.052683
1141,0.026323
1142,0.052247
1143,0.052189
1144,0.052262
1145,0.052521
1146,0.052252
1147,0.052276
1148,0.052071
1149,0.052336
1150,0.026182
1151,0.026163
1152,0.026219
1153,0.026341
1154,0.026252
1155,0.026291
1156,0.052315
1157,0.026248
1158,0.052154
1159,0.026386
1160,0.026281
1161,0.026328
1162,0.026156
1163,0.026230
1164,0.026430
1165,0.026438
1166,0.052220
1167,0.052283
1168,0.026241
1169,0.026349
1170,0.052238
1171,0.026164
1172,0.026465
1173,0.026278
1174,0.026140
1175,0.052244
1176,0.026181
1177,0.026381
1178,0.026251
1179,0.026246
1180,0.026255
1181,0.026394
1182,0.026228
1183,0.026195
1184,0.026296
1185,0.026322
1186,0.026289
1187,0.026264
1188,0.026213
1189,0.026348
1190,0.026210
1191,0.026257
1192,0.026254
1193,0.026274
1194,0.052090
1195,0.026204
1196,0.026214
1197,0.026166
1198,0.026183
1199,0.026164
1200,0.026453
1201,0.026186
1202,0.026211
1203,0.026183
1204,0.026421
1205,0.026299
1206,0.026282
1207,0.026247
1208,0.026349
1209,0.052251
1210,0.026138
1211,0.026432
1212,0.026243
1213,0.026247
1214,0.026193
1215,0.026162
1216,0.026285
1217,0.026392
1218,0.026209
1219,0.026273
1220,0.026293
1221,0.026301
1222,0.026382
1223,0.026177
1224,0.052365
1225,0.026360
1226,0.026136
1227,0.052103
1228,0.052325
1229,0.052477
1230,0.052126
1231,0.052340
1232,0.052274
1233,0.052391
1234,0.052384
1235,0.052617
1236,0.052735
1237,0.052899
1238,0.052311
1239,0.052504
1240,0.052473
1241,0.052903
1242,0.053050
1243,0.052581
1244,0.052477
1245,0.052762
1246,0.052736
1247,0.052331
1248,0.052787
1249,0.026501
1250,0.026624
1251,0.052627
1252,0.026747
1253,0.052860
1254,0.026349
1255,0.052902
1256,0.026495
1257,0.026488
1258,0.026324
1259,0.052760
1260,0.052711
1261,0.026210
1262,0.026606
1263,0.052511
1264,0.026562
1265,0.026447
1266,0.052552
1267,0.026482
1268,0.052564
1269,0.026816
1270,0.027472
1271,0.026192
1272,0.026470
1273,0.026470
1274,0.026635
1275,0.026294
1276,0.026639
1277,0.026592
1278,0.026375
1279,0.026532
1280,0.026470
1281,0.026766
1282,0.026546
1283,0.026376
1284,0.026692
1285,0.026495
1286,0.026369
1287,0.026441
1288,0.026522
1289,0.026479
1290,0.026446
1291,0.026575
1292,0.026477
1293,0.026551
1294,0.026361
1295,0.026414
1296,0.026620
1297,0.026381
1298,0.026680
1299,0.052513
1300,0.026630
1301,0.026379
1302,0.026694
1303,0.026291
1304,0.052808
1305,0.026399
1306,0.026476
1307,0.026445
1308,0.026512
1309,0.026465
1310,0.052691
1311,0.026566
1312,0.026582
1313,0.052803
1314,0.026095
1315,0.052743
1316,0.026367
1317,0.052772
1318,0.078943
1319,0.052307
1320,0.052708
1321,0.079051
1322,0.079125
1323,0.104960
1324,0.105143
1325,0.052907
1326,0.026333
1327,0.052849
1328,0.026331
1329,0.026598
1330,0.026229
1331,0.026220
1332,0.026259
1333,0.026503
1334,0.026453
1335,0.026382
1336,0.026547
1337,0.026487
1338,0.026646
1339,0.026515
1340,0.026400
1341,0.026325
1342,0.026164
1343,0.026648
1344,0.026591
1345,0.026182
# total_episodes=1345, avg_seconds=0.046950
