# episode_index, seconds
1,0.003941
2,0.003608
3,0.002266
4,0.000693
5,0.003361
6,0.001241
7,0.002317
8,0.001254
9,0.002298
10,0.002791
11,0.003310
12,0.001774
13,0.000736
14,0.002831
15,0.002302
16,0.000697
17,0.003397
18,0.002276
19,0.001231
20,0.001247
21,0.003341
22,0.002840
23,0.000738
24,0.002833
25,0.002348
26,0.003360
27,0.107621
28,0.051605
29,0.104166
30,0.131550
31,0.052169
32,0.078069
33,0.026041
34,0.026177
35,0.051850
36,0.026074
37,0.026289
38,0.026156
39,0.026191
40,0.026175
41,0.026107
42,0.026309
43,0.026108
44,0.026325
45,0.026139
46,0.026064
47,0.026147
48,0.026111
49,0.026352
50,0.026008
51,0.026340
52,0.026234
53,0.052072
54,0.026097
55,0.026268
56,0.026075
57,0.026311
58,0.026142
59,0.026034
60,0.026396
61,0.026172
62,0.026265
63,0.026174
64,0.026824
65,0.025964
66,0.025997
67,0.026296
68,0.026093
69,0.026375
70,0.026062
71,0.026440
72,0.026029
73,0.026288
74,0.026485
75,0.052048
76,0.025974
77,0.026467
78,0.026156
79,0.026323
80,0.026431
81,0.026070
82,0.026028
83,0.052272
84,0.051989
85,0.026481
86,0.026326
87,0.026494
88,0.025956
89,0.026214
90,0.025929
91,0.025979
92,0.051873
93,0.026293
94,0.026034
95,0.025994
96,0.026269
97,0.026034
98,0.026121
99,0.025961
100,0.051834
101,0.026008
102,0.026080
103,0.026079
104,0.026002
105,0.026103
106,0.025981
107,0.025850
108,0.025963
109,0.026067
110,0.025979
111,0.026063
112,0.051672
113,0.026081
114,0.025988
115,0.025953
116,0.026043
117,0.026011
118,0.026058
119,0.026030
120,0.026068
121,0.026079
122,0.026105
123,0.026162
124,0.026028
125,0.026066
126,0.025835
127,0.026439
128,0.026306
129,0.026095
130,0.025906
131,0.026032
132,0.026071
133,0.026102
134,0.026070
135,0.026169
136,0.026307
137,0.025960
138,0.026141
139,0.025980
140,0.025967
141,0.025953
142,0.025956
143,0.025959
144,0.026146
145,0.025849
146,0.026062
147,0.025970
148,0.026161
149,0.026094
150,0.026024
151,0.026093
152,0.026032
153,0.026084
154,0.026027
155,0.026011
156,0.026148
157,0.026169
158,0.025940
159,0.026028
160,0.026005
161,0.026092
162,0.025847
163,0.025878
164,0.025975
165,0.026039
166,0.025958
167,0.026245
168,0.025872
169,0.025941
170,0.026198
171,0.025996
172,0.025993
173,0.026130
174,0.026131
175,0.026096
176,0.025964
177,0.026124
178,0.026052
179,0.025882
180,0.025903
181,0.051967
182,0.026045
183,0.026053
184,0.025959
185,0.025996
186,0.026132
187,0.026119
188,0.026085
189,0.025989
190,0.026143
191,0.025893
192,0.026125
193,0.026266
194,0.025924
195,0.025943
196,0.025965
197,0.026095
198,0.026055
199,0.026065
200,0.025995
201,0.026055
202,0.026008
203,0.025936
204,0.026184
205,0.025975
206,0.025995
207,0.026167
208,0.026289
209,0.027357
210,0.026303
211,0.026159
212,0.026143
213,0.026157
214,0.026098
215,0.025959
216,0.025830
217,0.026141
218,0.026077
219,0.025912
220,0.026074
221,0.026094
222,0.025995
223,0.025957
224,0.025880
225,0.026184
226,0.026115
227,0.025956
228,0.025917
229,0.026223
230,0.026001
231,0.026274
232,0.025995
233,0.025941
234,0.026140
235,0.026060
236,0.025946
237,0.026104
238,0.025966
239,0.026096
240,0.026187
241,0.026201
242,0.026239
243,0.026012
244,0.026229
245,0.026135
246,0.026043
247,0.026427
248,0.026778
249,0.026218
250,0.026200
251,0.026474
252,0.026160
253,0.052062
254,0.026124
255,0.026092
256,0.026020
257,0.025955
258,0.026153
259,0.026155
260,0.026290
261,0.026255
262,0.026061
263,0.026159
264,0.025987
265,0.077907
266,0.026144
267,0.077631
268,0.103435
269,0.103251
270,0.051952
271,0.051937
272,0.052260
273,0.052178
274,0.052277
275,0.051914
276,0.051697
277,0.077497
278,0.051841
279,0.026145
280,0.025949
281,0.026032
282,0.026025
283,0.026016
284,0.051732
285,0.051998
286,0.051837
287,0.026200
288,0.026068
289,0.026068
290,0.025956
291,0.026150
292,0.026011
293,0.026092
294,0.026018
295,0.026170
296,0.025909
297,0.025999
298,0.025946
299,0.025890
300,0.026102
301,0.026053
302,0.025929
303,0.026057
304,0.026278
305,0.026259
306,0.025894
307,0.026103
308,0.026266
309,0.026059
310,0.025978
311,0.026043
312,0.025980
313,0.026207
314,0.025973
315,0.026018
316,0.026003
317,0.026023
318,0.025993
319,0.026007
320,0.026120
321,0.026106
322,0.026093
323,0.025979
324,0.026198
325,0.025972
326,0.025935
327,0.025967
328,0.026120
329,0.026056
330,0.026035
331,0.025967
332,0.025961
333,0.026087
334,0.026050
335,0.025968
336,0.025981
337,0.051984
338,0.025929
339,0.052322
340,0.025954
341,0.026097
342,0.026186
343,0.051996
344,0.026122
345,0.026104
346,0.077519
347,0.077658
348,0.051919
349,0.051674
350,0.025928
351,0.026044
352,0.025894
353,0.026078
354,0.026052
355,0.025976
356,0.026048
357,0.026033
358,0.026031
359,0.025888
360,0.025964
361,0.025989
362,0.026126
363,0.026109
364,0.025968
365,0.026026
366,0.026063
367,0.026152
368,0.026138
369,0.026171
370,0.026063
371,0.026069
372,0.026096
373,0.026041
374,0.025972
375,0.026020
376,0.026068
377,0.026160
378,0.026048
379,0.026100
380,0.025826
381,0.026135
382,0.025942
383,0.026090
384,0.026212
385,0.025958
386,0.026131
387,0.026084
388,0.051794
389,0.025976
390,0.025818
391,0.026010
392,0.026022
393,0.026019
394,0.026039
395,0.026039
396,0.026097
397,0.025978
398,0.026010
399,0.025874
400,0.026019
401,0.026073
402,0.025974
403,0.026036
404,0.026039
405,0.026071
406,0.025948
407,0.026003
408,0.026104
409,0.026080
410,0.026008
411,0.025920
412,0.025995
413,0.026098
414,0.026013
415,0.025936
416,0.026016
417,0.026230
418,0.026119
419,0.026158
420,0.025967
421,0.025989
422,0.026036
423,0.025904
424,0.051739
425,0.026259
426,0.026060
427,0.025885
428,0.025843
429,0.026029
430,0.025927
431,0.026099
432,0.026099
433,0.026091
434,0.026023
435,0.025981
436,0.025949
437,0.026144
438,0.031664
439,0.026587
440,0.025946
441,0.026053
442,0.025981
443,0.025892
444,0.026014
445,0.026033
446,0.025972
447,0.026030
448,0.026132
449,0.051871
450,0.025952
451,0.025974
452,0.026131
453,0.026024
454,0.025984
455,0.025955
456,0.026177
457,0.026002
458,0.026132
459,0.026035
460,0.026163
461,0.025965
462,0.026074
463,0.026087
464,0.026036
465,0.026075
466,0.026096
467,0.025855
468,0.026091
469,0.026087
470,0.026100
471,0.026016
472,0.026056
473,0.026065
474,0.026060
475,0.026037
476,0.026026
477,0.026234
478,0.025986
479,0.026228
480,0.026147
481,0.026341
482,0.026425
483,0.026019
484,0.026291
485,0.026043
486,0.026292
487,0.026020
488,0.025914
489,0.026056
490,0.026195
491,0.025998
492,0.026016
493,0.026006
494,0.026097
495,0.025828
496,0.051892
497,0.026130
498,0.025875
499,0.026094
500,0.026015
501,0.026159
502,0.025994
503,0.026019
504,0.025995
505,0.025998
506,0.025958
507,0.025919
508,0.077649
509,0.026067
510,0.026067
511,0.026028
512,0.026001
513,0.026215
514,0.026065
515,0.026123
516,0.026005
517,0.026153
518,0.051593
519,0.051839
520,0.026004
521,0.026056
522,0.026036
523,0.026163
524,0.026083
525,0.026079
526,0.025901
527,0.077618
528,0.026071
529,0.026006
530,0.077822
531,0.078098
532,0.026345
533,0.078453
534,0.026202
535,0.104411
536,0.052219
537,0.026282
538,0.026317
539,0.026111
540,0.026061
541,0.026402
542,0.026234
543,0.026279
544,0.026349
545,0.026232
546,0.026116
547,0.026210
548,0.026446
549,0.026174
550,0.026145
551,0.025993
552,0.026233
553,0.026254
554,0.026024
555,0.026338
556,0.026135
557,0.026267
558,0.026160
559,0.026219
560,0.026106
561,0.026245
562,0.026420
563,0.026040
564,0.026126
565,0.026212
566,0.026166
567,0.026123
568,0.026062
569,0.026605
570,0.026157
571,0.026229
572,0.026068
573,0.026150
574,0.026234
575,0.025974
576,0.026478
577,0.026420
578,0.026256
579,0.026200
580,0.026479
581,0.026378
582,0.026088
583,0.026332
584,0.026010
585,0.026537
586,0.026125
587,0.026370
588,0.026185
589,0.026260
590,0.026302
591,0.026138
592,0.026223
593,0.026166
594,0.026032
595,0.026159
596,0.026127
597,0.026519
598,0.026110
599,0.026244
600,0.026195
601,0.026250
602,0.026077
603,0.026083
604,0.026334
605,0.026370
606,0.026118
607,0.026180
608,0.026329
609,0.026407
610,0.026043
611,0.026147
612,0.041937
613,0.026330
614,0.026179
615,0.026233
616,0.026235
617,0.026167
618,0.026233
619,0.026283
620,0.052213
621,0.026352
622,0.026154
623,0.026083
624,0.026376
625,0.026165
626,0.026285
627,0.026060
628,0.026390
629,0.026042
630,0.026171
631,0.026224
632,0.026242
633,0.026348
634,0.026343
635,0.026018
636,0.025991
637,0.026319
638,0.026513
639,0.026045
640,0.026217
641,0.026088
642,0.026280
643,0.025836
644,0.026209
645,0.052356
646,0.026224
647,0.026218
648,0.026540
649,0.025995
650,0.026251
651,0.052315
652,0.026262
653,0.026346
654,0.026407
655,0.052394
656,0.026236
657,0.026110
658,0.026350
659,0.025940
660,0.026238
661,0.026347
662,0.026063
663,0.026313
664,0.026301
665,0.026477
666,0.026365
667,0.026193
668,0.026389
669,0.026280
670,0.026260
671,0.026238
672,0.026493
673,0.026224
674,0.026179
675,0.026404
676,0.026256
677,0.026333
678,0.026172
679,0.026466
680,0.026131
681,0.026343
682,0.026369
683,0.026258
684,0.026598
685,0.026371
686,0.026145
687,0.026504
688,0.026334
689,0.026738
690,0.026453
691,0.026608
692,0.026431
693,0.026392
694,0.026628
695,0.026187
696,0.026369
697,0.026432
698,0.026258
699,0.026361
700,0.026139
701,0.026562
702,0.026193
703,0.026292
704,0.026182
705,0.104833
706,0.026261
707,0.026328
708,0.052182
709,0.052459
710,0.052492
711,0.052128
712,0.078371
713,0.026456
714,0.026239
715,0.052370
716,0.052550
717,0.026152
718,0.026123
719,0.026221
720,0.026221
721,0.026052
722,0.026150
723,0.026598
724,0.026096
725,0.026276
726,0.025953
727,0.026292
728,0.026510
729,0.026010
730,0.026223
731,0.026011
732,0.026054
733,0.026469
734,0.026324
735,0.026415
736,0.026206
737,0.026615
738,0.026115
739,0.052085
740,0.026263
741,0.026394
742,0.052218
743,0.026122
744,0.026278
745,0.026205
746,0.026227
747,0.026316
748,0.078124
749,0.052590
750,0.026564
751,0.026248
752,0.026154
753,0.026223
754,0.026292
755,0.078347
756,0.026311
757,0.026401
758,0.026456
759,0.026218
760,0.026262
761,0.026277
762,0.026117
763,0.052345
764,0.026464
765,0.026466
766,0.026518
767,0.026614
768,0.026249
769,0.026392
770,0.026109
771,0.026372
772,0.026361
773,0.026323
774,0.026544
775,0.026178
776,0.026263
777,0.026182
778,0.026336
779,0.042905
780,0.026023
781,0.052469
782,0.026521
783,0.026077
784,0.026395
785,0.026230
786,0.026210
787,0.026549
788,0.026057
789,0.026422
790,0.026098
791,0.026268
792,0.026501
793,0.026319
794,0.026417
795,0.026121
796,0.026168
797,0.078614
798,0.026170
799,0.026393
800,0.026237
801,0.026089
802,0.026417
803,0.026156
804,0.026106
805,0.026292
806,0.026251
807,0.078123
808,0.026089
809,0.026474
810,0.026110
811,0.026256
812,0.026151
813,0.026001
814,0.078606
815,0.078317
816,0.026383
817,0.026354
818,0.026083
819,0.078314
820,0.078476
821,0.026216
822,0.078771
823,0.078552
824,0.104355
825,0.078218
826,0.078296
827,0.052391
828,0.052224
829,0.052647
830,0.052522
831,0.078591
832,0.052162
833,0.052655
834,0.078478
835,0.078273
836,0.052400
837,0.104759
838,0.078522
839,0.078692
840,0.052338
841,0.052565
842,0.052580
843,0.026096
844,0.026200
845,0.026075
846,0.026580
847,0.026116
848,0.026389
849,0.026049
850,0.026259
851,0.026357
852,0.026126
853,0.026412
854,0.026224
855,0.026338
856,0.026229
857,0.026260
858,0.026430
859,0.026064
860,0.026154
861,0.026162
862,0.026204
863,0.026240
864,0.026249
865,0.026275
866,0.026078
867,0.026340
868,0.026335
869,0.026458
870,0.026294
871,0.026305
872,0.026286
873,0.026385
874,0.026468
875,0.026219
876,0.026259
877,0.026491
878,0.026246
879,0.026556
880,0.026262
881,0.026284
882,0.026257
883,0.026361
884,0.026646
885,0.026587
886,0.026418
887,0.026261
888,0.026472
889,0.026547
890,0.026144
891,0.026629
892,0.026376
893,0.026567
894,0.026275
895,0.026371
896,0.026550
897,0.026411
898,0.052647
899,0.026496
900,0.026695
901,0.026399
902,0.026605
903,0.026440
904,0.026577
905,0.026462
906,0.026263
907,0.026506
908,0.026314
909,0.026512
910,0.026291
911,0.026161
912,0.026168
913,0.026331
914,0.026304
915,0.026290
916,0.026389
917,0.026264
918,0.026133
919,0.026408
920,0.026219
921,0.048264
922,0.026255
923,0.025888
924,0.026119
925,0.026070
926,0.026085
927,0.025972
928,0.025990
929,0.026168
930,0.026179
931,0.025984
932,0.026199
933,0.026136
934,0.025973
935,0.025878
936,0.026046
937,0.026162
938,0.026091
939,0.026146
940,0.026137
941,0.026212
942,0.026161
943,0.026308
944,0.026236
945,0.026406
946,0.026318
947,0.026351
948,0.026289
949,0.026512
950,0.026581
951,0.026496
952,0.026474
953,0.026295
954,0.025958
955,0.026135
956,0.026263
957,0.026245
958,0.026271
959,0.026185
960,0.026208
961,0.026162
962,0.026205
963,0.026288
964,0.026159
965,0.026167
966,0.026063
967,0.026080
968,0.025887
969,0.026269
970,0.026014
971,0.026130
972,0.026165
973,0.026150
974,0.026065
975,0.025965
976,0.026009
977,0.026310
978,0.026039
979,0.026081
980,0.026102
981,0.026151
982,0.026161
983,0.026142
984,0.025946
985,0.026121
986,0.026104
987,0.026091
988,0.026058
989,0.026274
990,0.026131
991,0.026031
992,0.025973
993,0.026111
994,0.026093
995,0.025970
996,0.026078
997,0.026142
998,0.026343
999,0.026055
1000,0.026126
1001,0.026051
1002,0.026203
1003,0.026021
1004,0.025981
1005,0.026060
1006,0.026187
1007,0.026046
1008,0.026098
1009,0.026152
1010,0.025994
1011,0.026107
1012,0.026044
1013,0.026138
1014,0.026117
1015,0.026184
1016,0.026048
1017,0.026169
1018,0.026089
1019,0.026057
1020,0.026149
1021,0.026109
1022,0.026110
1023,0.026040
1024,0.026040
1025,0.026511
1026,0.026878
1027,0.026071
1028,0.026074
1029,0.026297
1030,0.026045
1031,0.026384
1032,0.026085
1033,0.026285
1034,0.026127
1035,0.026193
1036,0.026096
1037,0.026280
1038,0.026211
1039,0.026178
1040,0.026430
1041,0.026131
1042,0.026170
1043,0.026090
1044,0.026101
1045,0.026234
1046,0.026132
1047,0.026206
1048,0.026176
1049,0.078082
1050,0.026139
1051,0.026075
1052,0.077796
1053,0.026099
1054,0.026024
1055,0.026222
1056,0.026203
1057,0.026118
1058,0.026098
1059,0.103960
1060,0.077873
1061,0.051918
1062,0.026185
1063,0.026093
1064,0.026082
1065,0.026188
1066,0.026009
1067,0.026199
1068,0.026119
1069,0.026135
1070,0.025993
1071,0.026128
1072,0.026156
1073,0.026210
1074,0.026050
1075,0.026043
1076,0.026253
1077,0.026177
1078,0.026266
1079,0.025998
1080,0.026104
1081,0.026228
1082,0.026016
1083,0.026089
1084,0.026056
1085,0.026080
1086,0.026107
1087,0.026325
1088,0.026377
1089,0.026327
1090,0.026487
1091,0.026068
1092,0.026336
1093,0.026685
1094,0.026313
1095,0.026426
1096,0.026280
1097,0.026611
1098,0.026408
1099,0.026118
1100,0.026387
1101,0.031367
1102,0.026558
1103,0.026314
1104,0.026303
1105,0.026607
1106,0.026399
1107,0.026225
1108,0.026512
1109,0.026553
1110,0.026491
1111,0.026383
1112,0.026499
1113,0.026593
1114,0.026367
1115,0.026593
1116,0.026471
1117,0.026441
1118,0.026476
1119,0.026386
1120,0.026482
1121,0.026103
1122,0.026362
1123,0.026069
1124,0.026350
1125,0.026732
1126,0.026307
1127,0.026445
1128,0.026467
1129,0.026501
1130,0.026143
1131,0.026321
1132,0.026474
1133,0.026361
1134,0.026249
1135,0.026233
1136,0.026198
1137,0.026719
1138,0.026404
1139,0.026620
1140,0.026251
1141,0.026654
1142,0.026490
1143,0.026360
1144,0.026598
1145,0.026140
1146,0.026436
1147,0.026075
1148,0.026228
1149,0.026475
1150,0.026329
1151,0.026474
1152,0.026441
1153,0.026505
1154,0.026261
1155,0.026396
1156,0.026606
1157,0.026205
1158,0.026337
1159,0.026185
1160,0.026350
1161,0.026885
1162,0.026311
1163,0.026421
1164,0.026295
1165,0.026643
1166,0.026407
1167,0.026365
1168,0.026489
1169,0.026233
1170,0.026596
1171,0.026205
1172,0.026355
1173,0.026547
1174,0.026154
1175,0.026293
1176,0.026312
1177,0.026602
1178,0.026525
1179,0.026267
1180,0.026340
1181,0.026103
1182,0.026414
1183,0.026106
1184,0.026258
1185,0.026087
1186,0.026225
1187,0.026408
1188,0.026065
1189,0.026209
1190,0.026104
1191,0.026492
1192,0.026279
1193,0.026084
1194,0.026275
1195,0.026095
1196,0.026461
1197,0.026488
1198,0.026222
1199,0.026478
1200,0.026149
1201,0.026391
1202,0.026230
1203,0.026437
1204,0.026220
1205,0.026239
1206,0.026463
1207,0.026246
1208,0.026389
1209,0.026309
1210,0.026148
1211,0.025959
1212,0.026112
1213,0.026496
1214,0.026268
1215,0.026478
1216,0.026095
1217,0.026319
1218,0.026403
1219,0.026030
1220,0.052029
1221,0.026261
1222,0.026041
1223,0.026317
1224,0.025955
1225,0.026147
1226,0.052292
1227,0.026442
1228,0.026123
1229,0.026489
1230,0.025966
1231,0.026193
1232,0.078483
1233,0.078411
1234,0.026241
1235,0.026388
1236,0.078341
1237,0.026679
1238,0.026499
1239,0.025971
1240,0.026140
1241,0.026129
1242,0.026236
1243,0.026082
1244,0.026212
1245,0.052602
1246,0.026151
1247,0.025963
1248,0.026017
1249,0.026398
1250,0.026142
1251,0.025921
1252,0.026229
1253,0.026583
1254,0.026167
1255,0.026515
1256,0.026161
1257,0.026451
1258,0.026360
1259,0.026132
1260,0.026420
1261,0.026302
1262,0.026600
1263,0.026131
1264,0.026458
1265,0.026458
1266,0.052622
1267,0.026293
1268,0.026395
1269,0.026507
1270,0.026492
1271,0.026451
1272,0.026133
1273,0.026182
1274,0.026419
1275,0.052495
1276,0.026234
1277,0.052575
1278,0.026323
1279,0.032158
1280,0.026868
1281,0.026295
1282,0.026447
1283,0.026492
1284,0.052625
1285,0.026495
1286,0.078171
1287,0.026113
1288,0.026438
1289,0.026235
1290,0.026345
1291,0.026480
1292,0.104375
1293,0.026344
1294,0.026270
1295,0.026504
1296,0.026260
1297,0.026656
1298,0.026156
1299,0.026224
1300,0.026372
1301,0.078390
1302,0.026277
1303,0.026374
1304,0.052869
1305,0.026463
1306,0.078853
1307,0.026187
1308,0.026410
1309,0.026584
1310,0.052544
1311,0.026396
1312,0.052103
1313,0.052836
1314,0.026052
1315,0.026269
1316,0.026116
1317,0.026247
1318,0.026345
1319,0.026378
1320,0.026743
1321,0.026517
1322,0.026177
1323,0.026206
1324,0.026415
1325,0.026641
1326,0.026346
1327,0.026286
1328,0.026145
1329,0.026278
1330,0.026417
1331,0.026183
1332,0.026525
1333,0.026413
1334,0.026482
1335,0.026520
1336,0.026378
1337,0.026688
1338,0.026397
1339,0.026620
1340,0.026474
1341,0.026548
1342,0.026264
1343,0.026452
1344,0.026402
1345,0.026054
1346,0.026468
1347,0.025987
1348,0.026262
1349,0.026568
1350,0.026157
1351,0.026598
1352,0.026298
1353,0.026304
1354,0.026271
1355,0.026386
1356,0.026703
1357,0.026391
1358,0.026439
1359,0.026232
1360,0.026336
1361,0.026549
1362,0.026244
1363,0.026492
1364,0.026288
1365,0.026314
1366,0.026523
1367,0.026217
1368,0.026495
1369,0.026318
1370,0.026466
1371,0.026326
1372,0.026440
1373,0.026649
1374,0.026462
1375,0.026404
1376,0.026287
1377,0.026167
1378,0.026266
1379,0.026348
1380,0.026332
1381,0.026526
1382,0.026450
1383,0.026100
1384,0.026506
1385,0.026137
1386,0.026387
1387,0.026394
1388,0.026202
1389,0.026497
1390,0.026502
1391,0.026253
1392,0.026403
1393,0.026499
1394,0.026542
1395,0.026333
1396,0.026504
1397,0.026265
1398,0.026250
1399,0.026429
1400,0.026208
1401,0.026439
1402,0.026235
1403,0.026212
1404,0.026475
1405,0.026317
1406,0.026244
1407,0.026091
1408,0.026255
1409,0.026424
1410,0.026366
1411,0.026455
1412,0.026328
1413,0.026535
1414,0.026394
1415,0.026271
1416,0.026160
1417,0.026511
1418,0.026631
1419,0.026343
1420,0.026290
1421,0.026369
1422,0.026305
1423,0.026455
1424,0.026463
1425,0.026530
1426,0.026323
1427,0.026327
1428,0.026457
1429,0.026451
1430,0.026443
1431,0.026209
1432,0.026329
1433,0.026492
1434,0.026498
1435,0.026311
1436,0.026258
1437,0.026642
1438,0.026256
1439,0.026333
1440,0.026460
1441,0.026494
1442,0.026565
1443,0.026377
1444,0.026588
1445,0.026237
1446,0.026345
1447,0.026395
1448,0.026358
1449,0.026468
1450,0.026148
1451,0.026582
1452,0.026510
1453,0.026388
1454,0.026409
1455,0.026294
1456,0.026471
1457,0.026401
1458,0.026578
1459,0.026526
1460,0.026085
1461,0.026495
1462,0.026227
1463,0.026344
1464,0.026413
1465,0.026334
1466,0.026314
1467,0.026158
1468,0.026168
1469,0.026371
1470,0.026006
1471,0.026323
1472,0.026228
1473,0.026426
1474,0.026223
1475,0.026479
1476,0.026451
1477,0.026412
1478,0.026548
1479,0.026126
1480,0.026261
1481,0.026176
1482,0.026269
1483,0.026529
1484,0.026072
1485,0.026607
1486,0.026289
1487,0.026090
1488,0.026152
1489,0.026371
1490,0.026304
1491,0.026164
1492,0.026259
1493,0.026228
1494,0.026384
1495,0.026310
1496,0.026354
1497,0.026467
1498,0.026350
1499,0.026506
1500,0.026154
1501,0.026313
1502,0.026545
1503,0.026237
1504,0.026449
1505,0.026453
1506,0.026278
1507,0.026351
1508,0.026386
1509,0.026678
1510,0.026233
1511,0.026283
1512,0.026270
1513,0.026417
1514,0.026054
1515,0.026202
1516,0.026339
1517,0.026202
1518,0.026284
1519,0.026051
1520,0.026234
1521,0.026522
1522,0.026047
1523,0.026568
1524,0.026145
1525,0.026458
1526,0.026402
1527,0.026079
1528,0.026375
1529,0.026348
1530,0.026323
1531,0.026171
1532,0.026346
1533,0.026286
1534,0.026149
1535,0.026308
1536,0.026224
1537,0.026500
1538,0.026107
1539,0.026405
1540,0.026043
1541,0.026326
1542,0.026444
1543,0.026099
1544,0.026264
1545,0.026105
1546,0.026229
1547,0.026091
1548,0.026023
1549,0.026461
1550,0.026082
1551,0.026353
1552,0.026126
1553,0.026368
1554,0.026312
1555,0.026060
1556,0.026213
1557,0.026239
1558,0.026418
1559,0.026266
1560,0.026266
1561,0.026435
1562,0.026131
1563,0.026577
1564,0.025881
1565,0.026252
1566,0.026126
1567,0.026059
1568,0.026589
1569,0.026340
1570,0.026542
1571,0.026184
1572,0.026207
1573,0.026186
1574,0.026042
1575,0.026404
1576,0.026319
1577,0.026377
1578,0.026226
1579,0.026399
1580,0.026002
1581,0.026199
1582,0.026303
1583,0.026115
1584,0.026245
1585,0.026294
1586,0.026313
1587,0.026490
1588,0.026108
1589,0.026267
1590,0.026228
1591,0.026613
1592,0.026170
1593,0.026192
1594,0.026330
1595,0.026264
1596,0.026115
1597,0.026338
1598,0.026155
1599,0.026155
1600,0.026079
1601,0.026423
1602,0.026081
1603,0.026278
1604,0.026163
1605,0.026145
1606,0.026162
1607,0.026082
1608,0.026399
1609,0.026199
1610,0.026055
1611,0.026088
1612,0.026209
1613,0.026207
1614,0.026237
1615,0.026311
1616,0.026202
1617,0.026322
1618,0.026231
1619,0.026527
1620,0.026223
1621,0.026262
1622,0.026540
1623,0.026199
1624,0.026331
1625,0.026315
1626,0.026283
1627,0.026058
1628,0.026200
1629,0.026510
1630,0.025966
1631,0.026267
1632,0.026085
1633,0.026375
1634,0.026503
1635,0.026026
1636,0.026148
1637,0.026044
1638,0.026404
1639,0.026084
1640,0.026131
1641,0.026431
1642,0.025992
1643,0.026201
1644,0.026062
1645,0.035906
1646,0.026788
1647,0.026411
1648,0.026066
1649,0.026197
1650,0.026167
1651,0.026272
1652,0.026259
1653,0.026449
1654,0.026278
1655,0.026323
1656,0.026268
1657,0.026209
1658,0.026365
1659,0.026115
1660,0.026178
1661,0.026595
1662,0.026335
1663,0.026191
1664,0.026063
1665,0.026352
1666,0.026024
1667,0.026407
1668,0.026004
1669,0.026149
1670,0.026020
1671,0.026001
1672,0.025924
1673,0.026138
1674,0.025998
1675,0.026112
1676,0.025946
1677,0.026071
1678,0.026138
1679,0.026032
1680,0.026109
1681,0.026152
1682,0.026112
1683,0.025999
1684,0.025946
1685,0.026181
1686,0.026095
1687,0.025982
1688,0.026088
1689,0.026080
1690,0.026006
1691,0.026035
1692,0.026182
1693,0.026069
1694,0.026225
1695,0.025922
1696,0.025927
1697,0.026139
1698,0.026080
1699,0.026058
1700,0.025921
1701,0.026167
1702,0.026105
1703,0.025977
1704,0.025866
1705,0.026105
1706,0.026045
1707,0.025944
1708,0.026004
1709,0.026170
1710,0.026184
1711,0.026066
1712,0.026128
1713,0.026122
1714,0.025940
1715,0.025963
1716,0.026013
1717,0.026160
1718,0.025972
1719,0.025926
1720,0.026043
1721,0.026131
1722,0.026146
1723,0.025932
1724,0.026031
1725,0.026145
1726,0.026128
1727,0.026243
1728,0.026181
1729,0.026154
1730,0.026116
1731,0.026016
1732,0.026011
1733,0.026086
1734,0.025949
1735,0.026089
1736,0.026053
1737,0.026108
1738,0.026056
1739,0.026235
1740,0.026154
1741,0.026263
1742,0.025988
1743,0.025986
1744,0.026161
1745,0.026267
1746,0.026133
1747,0.026292
1748,0.026008
1749,0.026076
1750,0.026119
1751,0.026018
1752,0.026039
1753,0.026060
1754,0.025991
1755,0.026229
1756,0.025985
1757,0.026233
1758,0.026076
1759,0.025995
1760,0.025893
1761,0.026235
1762,0.026125
1763,0.026371
1764,0.026161
1765,0.026136
1766,0.051909
1767,0.025959
1768,0.026037
1769,0.026213
1770,0.026060
1771,0.025968
1772,0.026069
1773,0.026152
1774,0.026118
1775,0.026007
1776,0.026099
1777,0.026251
1778,0.025985
1779,0.026040
1780,0.026008
1781,0.026051
1782,0.025995
1783,0.026008
1784,0.025991
1785,0.026022
1786,0.025907
1787,0.025985
1788,0.025972
1789,0.026042
1790,0.026021
1791,0.026061
1792,0.026083
1793,0.026085
1794,0.025914
1795,0.026095
1796,0.025923
1797,0.026094
1798,0.025904
1799,0.026096
1800,0.026016
1801,0.026085
1802,0.025975
1803,0.026107
1804,0.026076
1805,0.026087
1806,0.025961
1807,0.025971
1808,0.026044
1809,0.026115
1810,0.026137
1811,0.025979
1812,0.025902
1813,0.025994
1814,0.026020
1815,0.026057
1816,0.026116
1817,0.026073
1818,0.025994
1819,0.025975
1820,0.026052
1821,0.025906
1822,0.026146
1823,0.025974
1824,0.026007
1825,0.026085
1826,0.026014
1827,0.026032
1828,0.026847
1829,0.027006
1830,0.026918
1831,0.026818
1832,0.026111
1833,0.026143
1834,0.025900
1835,0.026003
1836,0.042165
1837,0.025947
1838,0.025775
1839,0.026116
1840,0.026270
1841,0.026149
1842,0.026059
1843,0.026045
1844,0.026091
1845,0.026081
1846,0.026144
1847,0.025935
1848,0.026118
1849,0.026119
1850,0.026015
1851,0.026091
1852,0.025980
1853,0.026091
1854,0.026212
1855,0.026049
1856,0.025983
1857,0.026135
1858,0.026122
1859,0.026050
1860,0.026139
1861,0.026075
1862,0.026034
1863,0.026044
1864,0.026033
1865,0.026211
1866,0.026035
1867,0.025821
1868,0.026016
1869,0.025972
1870,0.026154
1871,0.051963
1872,0.025944
1873,0.026166
1874,0.027638
1875,0.026022
1876,0.026092
1877,0.025968
1878,0.025971
1879,0.026131
1880,0.026024
1881,0.026192
1882,0.026116
1883,0.026073
1884,0.026018
1885,0.026152
1886,0.026039
1887,0.026185
1888,0.025970
1889,0.026113
1890,0.025988
1891,0.025899
1892,0.025926
1893,0.026179
1894,0.026177
1895,0.025963
1896,0.026120
1897,0.026068
1898,0.026080
1899,0.026132
1900,0.026021
1901,0.026007
1902,0.025799
1903,0.026032
1904,0.025893
1905,0.026077
1906,0.025936
1907,0.026042
1908,0.026147
1909,0.026015
1910,0.025885
1911,0.025974
1912,0.025877
1913,0.025963
1914,0.026128
1915,0.025910
1916,0.026005
1917,0.026052
1918,0.026096
1919,0.026027
1920,0.026320
1921,0.026435
1922,0.026105
1923,0.026180
1924,0.025989
1925,0.026148
1926,0.026176
1927,0.026251
1928,0.026261
1929,0.026206
1930,0.026333
1931,0.026042
1932,0.026183
1933,0.026379
1934,0.026012
1935,0.026418
1936,0.025916
1937,0.026437
1938,0.026130
1939,0.026079
1940,0.026147
1941,0.026222
1942,0.026392
1943,0.026055
1944,0.026183
1945,0.026173
1946,0.026098
1947,0.026254
1948,0.026121
1949,0.026518
1950,0.026022
1951,0.026046
1952,0.026125
1953,0.026266
1954,0.026321
1955,0.025923
1956,0.026314
1957,0.026173
1958,0.026317
1959,0.026097
1960,0.026157
1961,0.026199
1962,0.026030
1963,0.026098
1964,0.026285
1965,0.026411
1966,0.026457
1967,0.026387
1968,0.026136
1969,0.026378
1970,0.026413
1971,0.026279
1972,0.026295
1973,0.026319
1974,0.026375
1975,0.025976
1976,0.026184
1977,0.026308
1978,0.026192
1979,0.026370
1980,0.026138
1981,0.026282
1982,0.025983
1983,0.026227
1984,0.026411
1985,0.026088
1986,0.026263
1987,0.026074
1988,0.026248
1989,0.025947
1990,0.026170
1991,0.026371
1992,0.026168
1993,0.026426
1994,0.025962
1995,0.026296
1996,0.026064
1997,0.026148
1998,0.026425
1999,0.026120
2000,0.026204
2001,0.026229
2002,0.026331
2003,0.026408
2004,0.026123
2005,0.026204
2006,0.026009
2007,0.026063
2008,0.026132
2009,0.026293
2010,0.026038
2011,0.026160
2012,0.026466
2013,0.026001
2014,0.026090
2015,0.026092
2016,0.026449
2017,0.025857
2018,0.026206
2019,0.026209
2020,0.026038
2021,0.026559
2022,0.026077
2023,0.026343
2024,0.025960
2025,0.026327
2026,0.026346
2027,0.026092
2028,0.026244
2029,0.026201
2030,0.026176
2031,0.026009
2032,0.026094
2033,0.026304
2034,0.026201
2035,0.026306
2036,0.026113
2037,0.026206
2038,0.025926
2039,0.026191
2040,0.026193
2041,0.026161
2042,0.026313
2043,0.026114
2044,0.026319
2045,0.026089
2046,0.026080
2047,0.026212
2048,0.026136
2049,0.026268
2050,0.026329
2051,0.026308
2052,0.026106
2053,0.026223
2054,0.026368
2055,0.025975
2056,0.026180
2057,0.026257
2058,0.026418
2059,0.025938
2060,0.026153
2061,0.026339
2062,0.026096
2063,0.026320
2064,0.026301
2065,0.026220
2066,0.026055
2067,0.026057
2068,0.026449
2069,0.026144
2070,0.026089
2071,0.026176
2072,0.026296
2073,0.026109
2074,0.026131
2075,0.026278
2076,0.026103
2077,0.026244
2078,0.026067
2079,0.026483
2080,0.025880
2081,0.026149
2082,0.026249
2083,0.026054
2084,0.026389
2085,0.026179
2086,0.026370
2087,0.025894
2088,0.026068
2089,0.026369
2090,0.026119
2091,0.026232
2092,0.026109
2093,0.026446
2094,0.026042
2095,0.026130
2096,0.026461
2097,0.026219
2098,0.026110
2099,0.026062
2100,0.026348
2101,0.026024
2102,0.026106
2103,0.026359
2104,0.026093
2105,0.026299
2106,0.026168
2107,0.026180
2108,0.026004
2109,0.026299
2110,0.026385
2111,0.026031
2112,0.026212
2113,0.026129
2114,0.026343
2115,0.026024
2116,0.026187
2117,0.026447
2118,0.026177
2119,0.026106
2120,0.026067
2121,0.026443
2122,0.026425
2123,0.026132
2124,0.026188
2125,0.025902
2126,0.026210
2127,0.026172
2128,0.026209
2129,0.026008
2130,0.026108
2131,0.026359
2132,0.026137
2133,0.026321
2134,0.026105
2135,0.026389
2136,0.026054
2137,0.026160
2138,0.026306
2139,0.026083
2140,0.043412
2141,0.026122
2142,0.026160
2143,0.026270
2144,0.026114
2145,0.026549
2146,0.026144
2147,0.026304
2148,0.026255
2149,0.026126
2150,0.026251
2151,0.026067
2152,0.026321
2153,0.026160
2154,0.026157
2155,0.026154
2156,0.026230
2157,0.026330
2158,0.026093
2159,0.026353
2160,0.026055
2161,0.026112
2162,0.026141
2163,0.026198
2164,0.026349
2165,0.026177
2166,0.026480
2167,0.026753
2168,0.026885
2169,0.025895
2170,0.026285
2171,0.026148
2172,0.026235
2173,0.026745
2174,0.026318
2175,0.026429
2176,0.026328
2177,0.026306
2178,0.026325
2179,0.026376
2180,0.026637
2181,0.025926
2182,0.026195
2183,0.025995
2184,0.025765
2185,0.026081
2186,0.025961
2187,0.026084
2188,0.026005
2189,0.026071
2190,0.026210
2191,0.025983
2192,0.026134
2193,0.026175
2194,0.025892
2195,0.025976
2196,0.026043
2197,0.026046
2198,0.026192
2199,0.025869
2200,0.025924
2201,0.026162
2202,0.026068
2203,0.026179
2204,0.026067
2205,0.026154
2206,0.026026
2207,0.025982
2208,0.026039
2209,0.025898
2210,0.026040
2211,0.026173
2212,0.025964
2213,0.026164
2214,0.026177
2215,0.025953
2216,0.026132
2217,0.026151
2218,0.025917
2219,0.026193
2220,0.025991
2221,0.026165
2222,0.026132
2223,0.026016
2224,0.026064
2225,0.026107
2226,0.026070
2227,0.025992
2228,0.026040
2229,0.026141
2230,0.025973
2231,0.026187
2232,0.026044
2233,0.026135
2234,0.026055
2235,0.026008
2236,0.025900
2237,0.026162
2238,0.026060
2239,0.025986
2240,0.026158
# total_episodes=2240, avg_seconds=0.028119
