# episode_index, seconds
1,0.006982
2,0.010010
3,0.006047
4,0.002127
5,0.013877
6,0.007385
7,0.008240
8,0.013816
9,0.009084
10,0.006546
11,0.013887
12,0.010506
13,0.014469
14,0.011878
15,0.006448
16,0.013134
17,0.011304
18,0.008426
19,0.014533
20,0.009530
21,0.002008
22,0.009227
23,0.006606
24,0.012050
25,0.177377
26,0.133305
27,0.236255
28,0.131778
29,0.132830
30,0.085568
31,0.043877
32,0.129644
33,0.087352
34,0.086839
35,0.043933
36,0.087378
37,0.043962
38,0.043712
39,0.087415
40,0.043893
41,0.086602
42,0.085627
43,0.081566
44,0.051017
45,0.094702
46,0.095895
47,0.093935
48,0.097488
49,0.096906
50,0.048141
51,0.048768
52,0.097444
53,0.047778
54,0.095258
55,0.048281
56,0.046263
57,0.143613
58,0.043501
59,0.043386
60,0.044057
61,0.044386
62,0.043313
63,0.138720
64,0.096631
65,0.048136
66,0.046689
67,0.049129
68,0.047393
69,0.048452
70,0.049649
71,0.094143
72,0.048313
73,0.138910
74,0.188961
75,0.095067
76,0.095539
77,0.047784
78,0.048785
79,0.048198
80,0.092640
81,0.048442
82,0.048193
83,0.144624
84,0.048424
85,0.049004
86,0.046201
87,0.047491
88,0.047786
89,0.049261
90,0.045616
91,0.049215
92,0.048776
93,0.049265
94,0.047430
95,0.048415
96,0.095148
97,0.048769
98,0.048061
99,0.047069
100,0.048982
101,0.047688
102,0.093027
103,0.044595
104,0.047522
105,0.048903
106,0.048355
107,0.046316
108,0.036693
109,0.042804
110,0.041122
111,0.082961
112,0.042352
113,0.086943
114,0.043565
115,0.043653
116,0.044025
117,0.043947
118,0.043231
119,0.043603
120,0.044232
121,0.043682
122,0.045303
123,0.049109
124,0.047432
125,0.049086
126,0.094301
127,0.048706
128,0.048274
129,0.096436
130,0.048879
131,0.047922
132,0.046270
133,0.048335
134,0.049224
135,0.048807
136,0.048621
137,0.048367
138,0.049137
139,0.097349
140,0.048904
141,0.096909
142,0.048052
143,0.047586
144,0.048625
145,0.048411
146,0.048636
147,0.048575
148,0.047996
149,0.048706
150,0.096979
151,0.049391
152,0.048126
153,0.049377
154,0.048832
155,0.049454
156,0.048973
157,0.048716
158,0.048570
159,0.049178
160,0.049175
161,0.047726
162,0.049138
163,0.046716
164,0.047260
165,0.048417
166,0.049149
167,0.048990
168,0.048492
169,0.047859
170,0.048383
171,0.049063
172,0.048787
173,0.048441
174,0.047795
175,0.048986
176,0.048888
177,0.049410
178,0.048811
179,0.047863
180,0.048257
181,0.049150
182,0.048273
183,0.049185
184,0.048043
185,0.047304
186,0.049267
187,0.048316
188,0.049536
189,0.049079
190,0.049228
191,0.049126
192,0.047866
193,0.047980
194,0.049272
195,0.047808
196,0.047179
197,0.049511
198,0.048338
199,0.047525
200,0.095211
201,0.097089
202,0.195185
203,0.048938
204,0.049512
205,0.142154
206,0.145381
207,0.047638
208,0.145370
209,0.239357
210,0.143325
211,0.144120
212,0.094901
213,0.095668
214,0.092684
215,0.097977
216,0.098631
217,0.096270
218,0.098030
219,0.050137
220,0.048541
221,0.048759
222,0.048273
223,0.047818
224,0.048891
225,0.047621
226,0.048347
227,0.048723
228,0.048081
229,0.047810
230,0.048178
231,0.048743
232,0.048432
233,0.047858
234,0.047666
235,0.049072
236,0.047080
237,0.048822
238,0.048053
239,0.048974
240,0.048533
241,0.046705
242,0.048218
243,0.049192
244,0.048238
245,0.049641
246,0.047705
247,0.048916
248,0.049210
249,0.048645
250,0.096411
251,0.047464
252,0.048780
253,0.048616
254,0.047812
255,0.097540
256,0.045818
257,0.047831
258,0.049174
259,0.047497
260,0.047052
261,0.047947
262,0.048122
263,0.048972
264,0.048895
265,0.047115
266,0.046906
267,0.049773
268,0.048179
269,0.048601
270,0.047479
271,0.047331
272,0.097419
273,0.047614
274,0.048102
275,0.047380
276,0.048595
277,0.048255
278,0.047702
279,0.047755
280,0.047877
281,0.047438
282,0.048951
283,0.046847
284,0.048335
285,0.049320
286,0.049029
287,0.049292
288,0.049427
289,0.049833
290,0.049545
291,0.049558
292,0.047756
293,0.048550
294,0.049241
295,0.048617
296,0.049339
297,0.048236
298,0.047092
299,0.048021
300,0.049306
301,0.048637
302,0.049015
303,0.049174
304,0.048108
305,0.048754
306,0.048384
307,0.048834
308,0.049322
309,0.049215
310,0.049094
311,0.048622
312,0.047996
313,0.049452
314,0.045709
315,0.046790
316,0.048706
317,0.048720
318,0.048925
319,0.048961
320,0.048704
321,0.048444
322,0.048626
323,0.049527
324,0.048827
325,0.047508
326,0.047194
327,0.049428
328,0.139003
329,0.088961
330,0.133316
331,0.172331
332,0.175282
333,0.175069
334,0.175048
335,0.174440
336,0.216897
337,0.168532
338,0.132291
339,0.130040
340,0.087517
341,0.131391
342,0.094991
343,0.094077
344,0.097169
345,0.136634
346,0.087958
347,0.044636
348,0.088823
349,0.044469
350,0.043916
351,0.087727
352,0.130370
353,0.087839
354,0.085970
355,0.086471
356,0.043591
357,0.086818
358,0.128160
359,0.123253
360,0.129935
361,0.086893
362,0.117757
363,0.129045
364,0.173779
365,0.178273
366,0.188581
367,0.182391
368,0.176201
369,0.174272
370,0.172066
371,0.174085
372,0.209113
373,0.172892
374,0.174472
375,0.187634
376,0.193037
377,0.216832
378,0.190557
379,0.195781
380,0.145447
381,0.143897
382,0.145611
383,0.095988
384,0.093233
385,0.096256
386,0.096901
387,0.096130
388,0.095667
389,0.095641
390,0.096496
391,0.096134
392,0.094399
393,0.096835
394,0.094030
395,0.093391
396,0.133241
397,0.088871
398,0.096010
399,0.047873
400,0.048585
401,0.047339
402,0.047996
403,0.048180
404,0.048663
405,0.047560
406,0.048633
407,0.048285
408,0.048084
409,0.048099
410,0.048824
411,0.047974
412,0.047361
413,0.048738
414,0.095516
415,0.048415
416,0.047013
417,0.049044
418,0.048340
419,0.049302
420,0.048694
421,0.141870
422,0.047252
423,0.049255
424,0.048938
425,0.048917
426,0.048434
427,0.049022
428,0.096604
429,0.048318
430,0.048914
431,0.048838
432,0.143510
433,0.048228
434,0.048500
435,0.048413
436,0.095465
437,0.049079
438,0.048272
439,0.049464
440,0.106213
441,0.048763
442,0.046433
443,0.044191
444,0.044603
445,0.049593
446,0.029730
447,0.047265
448,0.062093
449,0.059684
450,0.061605
451,0.046263
452,0.045435
453,0.055174
454,0.046360
455,0.043165
456,0.043047
457,0.043663
458,0.043674
459,0.043077
460,0.043604
461,0.044026
462,0.048105
463,0.048299
464,0.048878
465,0.048584
466,0.048325
467,0.048058
468,0.048899
469,0.046474
470,0.048224
471,0.048825
472,0.045577
473,0.047496
474,0.047467
475,0.048925
476,0.076706
477,0.043841
478,0.043068
479,0.043640
480,0.043738
481,0.047546
482,0.043666
483,0.044007
484,0.043871
485,0.048350
486,0.100931
487,0.043771
488,0.077351
489,0.048801
490,0.048804
491,0.097815
492,0.153921
493,0.141066
494,0.139443
495,0.137544
496,0.138633
497,0.048299
498,0.048012
499,0.045672
500,0.044734
501,0.045668
502,0.046901
503,0.058440
504,0.043530
505,0.044065
506,0.043827
507,0.044066
508,0.044502
509,0.044373
510,0.044361
511,0.043873
512,0.045058
513,0.044688
514,0.044172
515,0.044783
516,0.045160
517,0.044407
518,0.087733
519,0.132950
520,0.048454
521,0.048064
522,0.048695
523,0.048456
524,0.047480
525,0.047598
526,0.048428
527,0.048015
528,0.046108
529,0.049008
530,0.048525
531,0.048612
532,0.047214
533,0.048605
534,0.048091
535,0.048147
536,0.045371
537,0.048220
538,0.047158
539,0.045631
540,0.046340
541,0.045652
542,0.049182
543,0.045808
544,0.045209
545,0.046292
546,0.047834
547,0.049218
548,0.047021
549,0.046579
550,0.046532
551,0.044954
552,0.048342
553,0.047464
554,0.048446
555,0.047771
556,0.048010
557,0.048533
558,0.047273
559,0.047814
560,0.049247
561,0.048538
562,0.048765
563,0.048828
564,0.048523
565,0.047869
566,0.048253
567,0.189424
568,0.048847
569,0.048225
570,0.047855
571,0.048699
572,0.191820
573,0.097427
574,0.048579
575,0.048451
576,0.194995
577,0.047841
578,0.193505
579,0.048046
580,0.048522
581,0.047411
582,0.143687
583,0.048414
584,0.142588
585,0.046707
586,0.138554
587,0.047168
588,0.048075
589,0.048660
590,0.048119
591,0.145671
592,0.049224
593,0.048397
594,0.094000
595,0.048830
596,0.046950
597,0.049186
598,0.096945
599,0.049077
600,0.048776
601,0.047732
602,0.046531
603,0.047226
604,0.047944
605,0.048475
606,0.048809
607,0.049110
608,0.048648
609,0.048991
610,0.047474
611,0.046928
612,0.047745
613,0.047139
614,0.049001
615,0.048415
616,0.048744
617,0.048785
618,0.049235
619,0.047649
620,0.048292
621,0.048281
622,0.046032
623,0.046473
624,0.048963
625,0.048672
626,0.047331
627,0.048065
628,0.047011
629,0.047672
630,0.047846
631,0.049367
632,0.146381
633,0.098359
634,0.048735
635,0.096863
636,0.142645
637,0.195123
638,0.142425
639,0.049149
640,0.192826
641,0.191451
642,0.141549
643,0.141570
644,0.144272
645,0.145198
646,0.140640
647,0.145021
648,0.095638
649,0.096226
650,0.047147
651,0.098483
652,0.048348
653,0.049189
654,0.048603
655,0.049095
656,0.048307
657,0.048231
658,0.047506
659,0.048218
660,0.046789
661,0.046842
662,0.059499
663,0.043819
664,0.043912
665,0.044051
666,0.044278
667,0.049720
668,0.044348
669,0.045986
670,0.043350
671,0.042130
672,0.045665
673,0.045614
674,0.048035
675,0.044216
676,0.043593
677,0.043874
678,0.044133
679,0.043805
680,0.044015
681,0.044080
682,0.043855
683,0.043864
684,0.048671
685,0.045361
686,0.045223
687,0.044121
688,0.045124
689,0.043136
690,0.042410
691,0.044131
692,0.044897
693,0.043608
694,0.044679
695,0.044090
696,0.044807
697,0.044765
698,0.044784
699,0.044578
700,0.046302
701,0.044907
702,0.044774
703,0.044780
704,0.044108
705,0.044580
706,0.044858
707,0.047369
708,0.048732
709,0.047919
710,0.048876
711,0.047916
712,0.048908
713,0.047095
714,0.048011
715,0.046870
716,0.046365
717,0.049110
718,0.048832
719,0.049442
720,0.049266
721,0.049225
722,0.048516
723,0.047679
724,0.045759
725,0.048519
726,0.047345
727,0.049138
728,0.048469
729,0.048790
730,0.049014
731,0.048621
732,0.049132
733,0.051313
734,0.046100
735,0.047267
736,0.045568
737,0.044213
738,0.045363
739,0.047444
740,0.048847
741,0.047912
742,0.048942
743,0.048426
744,0.048755
745,0.048450
746,0.058243
747,0.047031
748,0.043388
749,0.042498
750,0.043940
751,0.043681
752,0.044749
753,0.045064
754,0.045302
755,0.141331
756,0.033082
757,0.044356
758,0.090128
759,0.047181
760,0.050751
761,0.047461
762,0.047887
763,0.047081
764,0.048314
765,0.047813
766,0.049212
767,0.048796
768,0.048605
769,0.048193
770,0.047144
771,0.140243
772,0.137372
773,0.132700
774,0.088847
775,0.124917
776,0.129281
777,0.086901
778,0.087012
779,0.043557
780,0.048694
781,0.047661
782,0.048385
783,0.049347
784,0.047755
785,0.047997
786,0.048934
787,0.047508
788,0.049099
789,0.077871
790,0.048235
791,0.048355
792,0.045809
793,0.047840
794,0.049199
795,0.047177
796,0.049065
797,0.049825
798,0.047395
799,0.047576
800,0.047642
801,0.048429
802,0.048722
803,0.047877
804,0.047435
805,0.048354
806,0.047242
807,0.048625
808,0.048924
809,0.079694
810,0.044042
811,0.044508
812,0.043818
813,0.044709
814,0.046513
815,0.042431
816,0.044194
817,0.044390
818,0.043698
819,0.091459
820,0.044502
821,0.044180
822,0.086358
823,0.044015
824,0.043488
825,0.043911
826,0.086726
827,0.087284
828,0.043646
829,0.068609
830,0.085360
831,0.085711
832,0.087993
833,0.159441
834,0.130170
835,0.044049
836,0.173613
837,0.173064
838,0.168050
839,0.173716
840,0.043377
841,0.131779
842,0.043896
843,0.139406
844,0.132950
845,0.182056
846,0.044459
847,0.044822
848,0.044510
849,0.044458
850,0.044127
851,0.044865
852,0.044060
853,0.044089
854,0.044095
855,0.043943
856,0.044832
857,0.043811
858,0.043455
859,0.043749
860,0.042716
861,0.043029
862,0.043370
863,0.043289
864,0.043015
865,0.049811
866,0.043754
867,0.044567
868,0.044848
869,0.045429
870,0.043451
871,0.043766
872,0.043416
873,0.044552
874,0.044725
875,0.083968
876,0.043486
877,0.046757
878,0.047472
879,0.047619
880,0.047909
881,0.047566
882,0.047540
883,0.048505
884,0.048825
885,0.049408
886,0.048425
887,0.048300
888,0.049224
889,0.048230
890,0.049662
891,0.047976
892,0.047415
893,0.048478
894,0.048554
895,0.048221
896,0.048593
897,0.043451
898,0.043248
899,0.044581
900,0.050045
901,0.048982
902,0.049125
903,0.047955
904,0.048175
905,0.049087
906,0.047234
907,0.048071
908,0.048729
909,0.049262
910,0.048834
911,0.047934
912,0.047577
913,0.048535
914,0.048730
915,0.048130
916,0.048536
917,0.048354
918,0.050888
919,0.051640
920,0.044580
921,0.047113
922,0.047057
923,0.048140
924,0.048466
925,0.048796
926,0.048329
927,0.048465
928,0.048494
929,0.048292
930,0.049136
931,0.048119
932,0.047266
933,0.048860
934,0.048815
935,0.049029
936,0.047971
937,0.048849
938,0.048450
939,0.049172
940,0.047041
941,0.047210
942,0.048456
943,0.047809
944,0.048788
945,0.048914
946,0.047341
947,0.048358
948,0.048292
949,0.048940
950,0.049195
951,0.048993
952,0.048667
953,0.048271
954,0.049416
955,0.048046
956,0.049345
957,0.049114
958,0.046807
959,0.048023
960,0.049443
961,0.046243
962,0.049253
963,0.049259
964,0.047816
965,0.048332
966,0.047685
967,0.048514
968,0.048548
969,0.047709
970,0.048514
971,0.049084
972,0.049620
973,0.048918
974,0.048536
975,0.048245
976,0.047887
977,0.047874
978,0.047828
979,0.048484
980,0.049174
981,0.048411
982,0.048575
983,0.047241
984,0.047027
985,0.048857
986,0.047667
987,0.048555
988,0.048505
989,0.048215
990,0.048927
991,0.048514
992,0.049763
993,0.049575
994,0.049106
995,0.048715
996,0.047784
997,0.048209
998,0.048549
999,0.048963
1000,0.047723
1001,0.047978
1002,0.048455
1003,0.048155
1004,0.048493
1005,0.047756
1006,0.049044
1007,0.047915
1008,0.048463
1009,0.047984
1010,0.046175
1011,0.048892
1012,0.048772
1013,0.049070
1014,0.046528
1015,0.048352
1016,0.048708
1017,0.048301
1018,0.048553
1019,0.046965
1020,0.048636
1021,0.048924
1022,0.048773
1023,0.047028
1024,0.049030
1025,0.049115
1026,0.048533
1027,0.048759
1028,0.049074
1029,0.047531
1030,0.048552
1031,0.048239
1032,0.048428
1033,0.048023
1034,0.048540
1035,0.048297
1036,0.046951
1037,0.049006
1038,0.048055
1039,0.048740
1040,0.043408
1041,0.092813
1042,0.091902
1043,0.095940
1044,0.095384
1045,0.043930
1046,0.043742
1047,0.090957
1048,0.090532
1049,0.094512
1050,0.095396
1051,0.096399
1052,0.134886
1053,0.129225
1054,0.124267
1055,0.128354
1056,0.146588
1057,0.129808
1058,0.127929
1059,0.166883
1060,0.130161
1061,0.087148
1062,0.135597
1063,0.097956
1064,0.143882
1065,0.097015
1066,0.096001
1067,0.096944
1068,0.097775
1069,0.098796
1070,0.096055
1071,0.095953
1072,0.095171
1073,0.096774
1074,0.096485
1075,0.096683
1076,0.096224
1077,0.097432
1078,0.097083
1079,0.096552
1080,0.095434
1081,0.096551
1082,0.096968
1083,0.097225
1084,0.097090
1085,0.096380
1086,0.096045
1087,0.095159
1088,0.097905
1089,0.095055
1090,0.097086
1091,0.095871
1092,0.096890
1093,0.096868
1094,0.095169
1095,0.095540
1096,0.097424
1097,0.098511
1098,0.098040
1099,0.095663
1100,0.093224
1101,0.097051
1102,0.097426
1103,0.096591
1104,0.095761
1105,0.097001
1106,0.097553
1107,0.097549
1108,0.097827
1109,0.098655
1110,0.097575
1111,0.095982
1112,0.097006
1113,0.098374
1114,0.090367
1115,0.089084
1116,0.089862
1117,0.089916
1118,0.089899
1119,0.044858
1120,0.044732
1121,0.089565
1122,0.086614
1123,0.086681
1124,0.086397
1125,0.087539
1126,0.043647
1127,0.044044
1128,0.044052
1129,0.044249
1130,0.044653
1131,0.044043
1132,0.044254
1133,0.044296
1134,0.043646
1135,0.043911
1136,0.044777
1137,0.044998
1138,0.044383
1139,0.044229
1140,0.044101
1141,0.044460
1142,0.044147
1143,0.044025
1144,0.044026
1145,0.044208
1146,0.044167
1147,0.044599
1148,0.044209
1149,0.044082
1150,0.044455
1151,0.044101
1152,0.044232
1153,0.044960
1154,0.043280
1155,0.043193
1156,0.043526
1157,0.043662
1158,0.043422
1159,0.043397
1160,0.042768
1161,0.043569
1162,0.042971
1163,0.042786
1164,0.041865
1165,0.041467
1166,0.040853
1167,0.043023
1168,0.043766
1169,0.043531
1170,0.043278
1171,0.044007
1172,0.043305
1173,0.043303
1174,0.043390
1175,0.043758
1176,0.047653
1177,0.048516
1178,0.048991
1179,0.047987
1180,0.048961
1181,0.048441
1182,0.048370
1183,0.048875
1184,0.049746
1185,0.048433
1186,0.046066
1187,0.044832
1188,0.045017
1189,0.048813
1190,0.048963
1191,0.049297
1192,0.048567
1193,0.048255
1194,0.045236
1195,0.048620
1196,0.047858
1197,0.046242
1198,0.048381
1199,0.046998
1200,0.046975
1201,0.049415
1202,0.049837
1203,0.091860
1204,0.047851
1205,0.047216
1206,0.094079
1207,0.097439
1208,0.043685
1209,0.086969
1210,0.043715
1211,0.086860
1212,0.091877
1213,0.093264
1214,0.095833
1215,0.048882
1216,0.048448
1217,0.096958
1218,0.092721
1219,0.096357
1220,0.048767
1221,0.049478
1222,0.049148
1223,0.048351
1224,0.050374
1225,0.049054
1226,0.048805
1227,0.049275
1228,0.047967
1229,0.048750
1230,0.048884
1231,0.049152
1232,0.048168
1233,0.049580
1234,0.048452
1235,0.046427
1236,0.048450
1237,0.050006
1238,0.049869
1239,0.048805
1240,0.049905
1241,0.049157
1242,0.049644
1243,0.048366
1244,0.048493
1245,0.048874
1246,0.049635
1247,0.049656
1248,0.048983
1249,0.048854
1250,0.048994
1251,0.048089
1252,0.048622
1253,0.049021
1254,0.049000
1255,0.049133
1256,0.048621
1257,0.049624
1258,0.048650
1259,0.048553
1260,0.048598
1261,0.049197
1262,0.049284
1263,0.048800
1264,0.049189
1265,0.049751
1266,0.049520
1267,0.047700
1268,0.048726
1269,0.048366
1270,0.048299
1271,0.048984
1272,0.049204
1273,0.048864
1274,0.048457
1275,0.049331
1276,0.049406
1277,0.049032
1278,0.048967
1279,0.048502
1280,0.048792
1281,0.049411
1282,0.048923
1283,0.048390
1284,0.048749
1285,0.048703
1286,0.049044
1287,0.048039
1288,0.048518
1289,0.048382
1290,0.047637
1291,0.048846
1292,0.047729
1293,0.049613
1294,0.048613
1295,0.049164
1296,0.048686
1297,0.049472
1298,0.047485
1299,0.048299
1300,0.044616
1301,0.044095
1302,0.044565
1303,0.048014
1304,0.046472
1305,0.043513
1306,0.044821
1307,0.048518
1308,0.048989
1309,0.047830
1310,0.049480
1311,0.048941
1312,0.049040
1313,0.047967
1314,0.049362
1315,0.097144
1316,0.095931
1317,0.096203
1318,0.048963
1319,0.047687
1320,0.098176
1321,0.049629
1322,0.049151
1323,0.096689
1324,0.096191
1325,0.048709
1326,0.097452
1327,0.049695
1328,0.048526
1329,0.049262
1330,0.048442
1331,0.049175
1332,0.048700
1333,0.049805
1334,0.048305
1335,0.048797
1336,0.047476
1337,0.048305
1338,0.048584
1339,0.048814
1340,0.049416
1341,0.046693
1342,0.048836
1343,0.049181
1344,0.048369
1345,0.048589
1346,0.048703
1347,0.048794
1348,0.047855
1349,0.048357
1350,0.053066
1351,0.044936
1352,0.044477
1353,0.044403
1354,0.050414
1355,0.110807
1356,0.041929
1357,0.043272
1358,0.043637
1359,0.043510
1360,0.043524
1361,0.043884
1362,0.043886
1363,0.043553
1364,0.045305
1365,0.047799
1366,0.047176
1367,0.047962
1368,0.048197
1369,0.049226
1370,0.048081
1371,0.048488
1372,0.048792
1373,0.047435
1374,0.048526
1375,0.045376
1376,0.044931
1377,0.047213
1378,0.047819
1379,0.049354
1380,0.048267
1381,0.047722
1382,0.048515
1383,0.048488
1384,0.048329
1385,0.049056
1386,0.046309
1387,0.049117
1388,0.048334
1389,0.049700
1390,0.048708
1391,0.143464
1392,0.048733
1393,0.048284
1394,0.047553
1395,0.048890
1396,0.046671
1397,0.048955
1398,0.048728
1399,0.046888
1400,0.049058
1401,0.048460
1402,0.048899
1403,0.049408
1404,0.048260
1405,0.046595
1406,0.048215
1407,0.049257
1408,0.048763
1409,0.047543
1410,0.047878
1411,0.048995
1412,0.048943
1413,0.049353
1414,0.048437
1415,0.049351
1416,0.048880
1417,0.048322
1418,0.048669
1419,0.042412
1420,0.037284
1421,0.044000
1422,0.043567
1423,0.043269
1424,0.043909
1425,0.043564
1426,0.044098
1427,0.045095
1428,0.044121
1429,0.043752
1430,0.042983
1431,0.043927
1432,0.044388
1433,0.045675
1434,0.048002
1435,0.049436
1436,0.048242
1437,0.049004
1438,0.048490
1439,0.048443
1440,0.046750
1441,0.046530
1442,0.048527
1443,0.048686
1444,0.048302
1445,0.046688
1446,0.141651
1447,0.047658
1448,0.046225
1449,0.139775
1450,0.143005
1451,0.144018
1452,0.193198
1453,0.185585
1454,0.133947
1455,0.044884
1456,0.044470
1457,0.044399
1458,0.044271
1459,0.044746
1460,0.044734
1461,0.044887
1462,0.045126
1463,0.044910
1464,0.044178
1465,0.044790
1466,0.044445
1467,0.044107
1468,0.046177
1469,0.048340
1470,0.048249
1471,0.048896
1472,0.048070
1473,0.049409
1474,0.048661
1475,0.047363
1476,0.047838
1477,0.047928
1478,0.049446
1479,0.048741
1480,0.047968
1481,0.045261
1482,0.045926
1483,0.045737
1484,0.044500
1485,0.044320
1486,0.044698
1487,0.044583
1488,0.044462
1489,0.043630
1490,0.043279
1491,0.043446
1492,0.043537
1493,0.042403
1494,0.043063
1495,0.043666
1496,0.044032
1497,0.044052
1498,0.042828
1499,0.042872
1500,0.042218
1501,0.040678
1502,0.040790
1503,0.042517
1504,0.044563
1505,0.043236
1506,0.043359
1507,0.043518
1508,0.043419
1509,0.043036
1510,0.043568
1511,0.043957
1512,0.043660
1513,0.043682
1514,0.043404
1515,0.043945
1516,0.043880
1517,0.046711
1518,0.048676
1519,0.048593
1520,0.046489
1521,0.047681
1522,0.046934
1523,0.048864
1524,0.049478
1525,0.048268
1526,0.048331
1527,0.048296
1528,0.048737
1529,0.048406
1530,0.049152
1531,0.047964
1532,0.047905
1533,0.048208
1534,0.048552
1535,0.048557
1536,0.047341
1537,0.048402
1538,0.048956
1539,0.048782
1540,0.049749
1541,0.048678
1542,0.048080
1543,0.049135
1544,0.049595
1545,0.047519
1546,0.047760
1547,0.049404
1548,0.048202
1549,0.048091
1550,0.048990
1551,0.048002
1552,0.048805
1553,0.048122
1554,0.048547
1555,0.048701
1556,0.048861
1557,0.048066
1558,0.046192
1559,0.048905
1560,0.048039
1561,0.048301
1562,0.046708
1563,0.049032
1564,0.047153
1565,0.049036
1566,0.047045
1567,0.047968
1568,0.048069
1569,0.048647
1570,0.049188
1571,0.048822
1572,0.049367
1573,0.048529
1574,0.048502
1575,0.048668
1576,0.048586
1577,0.049053
1578,0.048898
1579,0.043994
1580,0.044664
1581,0.046639
1582,0.046785
1583,0.048409
1584,0.048612
1585,0.048965
1586,0.047961
1587,0.048402
1588,0.047048
1589,0.048363
1590,0.048541
1591,0.048158
1592,0.045182
1593,0.049390
1594,0.031808
1595,0.028883
1596,0.033156
1597,0.062878
1598,0.044710
1599,0.043862
1600,0.044200
1601,0.043954
1602,0.043913
1603,0.044017
1604,0.044586
1605,0.044127
1606,0.044321
1607,0.043834
1608,0.043170
1609,0.043774
1610,0.043278
1611,0.042949
1612,0.043109
1613,0.043062
1614,0.042659
1615,0.040056
1616,0.041024
1617,0.042947
1618,0.043140
1619,0.043925
1620,0.043530
1621,0.043653
1622,0.043288
1623,0.042951
1624,0.043585
1625,0.043898
1626,0.043409
1627,0.044082
1628,0.043256
1629,0.091477
1630,0.092109
1631,0.096289
1632,0.048760
1633,0.049377
1634,0.048911
1635,0.048412
1636,0.047722
1637,0.039997
1638,0.029254
1639,0.043019
1640,0.043711
1641,0.043674
1642,0.044239
1643,0.044304
1644,0.044038
1645,0.044253
1646,0.043814
1647,0.044453
1648,0.044026
1649,0.043882
1650,0.043943
1651,0.044130
1652,0.043971
1653,0.044470
1654,0.044090
1655,0.044199
1656,0.044186
1657,0.044422
1658,0.043840
1659,0.043939
1660,0.044110
1661,0.044227
1662,0.043877
1663,0.043870
1664,0.043754
1665,0.044199
1666,0.044941
1667,0.044146
1668,0.044058
1669,0.044032
1670,0.044460
1671,0.043818
1672,0.044773
1673,0.043656
1674,0.043640
1675,0.071885
1676,0.042622
1677,0.042580
1678,0.042032
1679,0.042088
1680,0.040749
1681,0.042698
1682,0.043729
1683,0.043880
1684,0.042755
1685,0.043665
1686,0.043279
1687,0.043355
1688,0.052265
1689,0.041451
1690,0.041869
1691,0.042505
1692,0.043893
1693,0.043869
1694,0.043549
1695,0.043045
1696,0.043624
1697,0.043209
1698,0.043911
1699,0.043524
1700,0.044193
1701,0.045107
1702,0.048767
1703,0.049461
1704,0.048447
1705,0.049051
1706,0.049619
1707,0.048976
1708,0.048960
1709,0.047737
1710,0.049382
1711,0.048103
1712,0.030320
1713,0.057504
1714,0.028910
1715,0.029073
1716,0.057532
1717,0.028845
1718,0.057670
1719,0.028663
1720,0.029047
1721,0.057583
1722,0.057478
1723,0.057572
1724,0.057361
1725,0.028854
1726,0.029015
1727,0.057811
1728,0.028993
1729,0.028846
1730,0.028952
1731,0.028946
1732,0.057691
1733,0.057639
1734,0.057488
1735,0.057488
1736,0.057690
1737,0.057484
1738,0.057460
1739,0.057574
1740,0.057641
1741,0.058867
1742,0.058545
1743,0.058131
1744,0.057939
1745,0.058035
1746,0.057505
1747,0.058284
1748,0.029309
1749,0.028862
1750,0.029195
1751,0.028984
1752,0.030285
1753,0.031055
1754,0.030955
1755,0.031112
1756,0.033533
1757,0.035589
1758,0.047060
1759,0.046681
1760,0.046792
1761,0.050615
1762,0.047447
1763,0.046542
1764,0.046496
1765,0.046038
1766,0.048293
1767,0.048338
1768,0.047325
1769,0.047360
1770,0.050868
1771,0.045326
1772,0.046779
1773,0.046284
1774,0.045886
1775,0.047558
1776,0.048070
1777,0.046640
1778,0.046321
1779,0.047578
1780,0.050863
1781,0.046988
1782,0.046322
1783,0.046649
1784,0.045328
1785,0.049869
1786,0.046950
1787,0.046889
1788,0.046522
1789,0.050375
1790,0.047355
1791,0.046631
1792,0.046525
1793,0.046439
1794,0.047721
1795,0.048032
1796,0.046382
1797,0.047026
1798,0.046489
1799,0.045907
1800,0.049840
1801,0.047647
1802,0.046219
1803,0.046595
1804,0.045614
1805,0.047658
1806,0.048313
1807,0.046279
1808,0.046408
1809,0.046041
1810,0.050459
1811,0.048050
1812,0.046094
1813,0.046345
1814,0.046934
1815,0.047251
1816,0.045931
1817,0.047310
1818,0.047217
1819,0.049513
1820,0.048144
1821,0.047323
1822,0.047312
1823,0.045635
1824,0.047981
1825,0.048051
1826,0.046488
1827,0.046136
1828,0.046725
1829,0.050378
1830,0.046374
1831,0.046486
1832,0.045898
1833,0.048726
1834,0.046889
1835,0.046822
1836,0.046677
1837,0.047251
1838,0.049949
1839,0.047567
1840,0.046066
1841,0.046860
1842,0.046374
1843,0.051542
1844,0.046795
1845,0.047217
1846,0.050678
1847,0.047030
1848,0.046976
1849,0.047009
1850,0.046205
1851,0.049062
1852,0.046731
1853,0.046488
1854,0.046667
1855,0.046761
1856,0.050402
1857,0.047279
1858,0.045310
1859,0.045261
1860,0.045550
1861,0.047943
1862,0.048041
1863,0.046582
1864,0.047105
1865,0.047532
1866,0.049695
1867,0.047367
1868,0.047397
1869,0.046452
1870,0.045601
1871,0.047950
1872,0.048798
1873,0.046955
1874,0.049344
1875,0.047956
1876,0.046716
1877,0.046589
1878,0.046400
1879,0.046647
1880,0.048658
1881,0.047636
1882,0.046779
1883,0.046295
1884,0.050622
1885,0.047982
1886,0.046673
1887,0.045266
1888,0.048744
1889,0.047818
1890,0.046597
1891,0.046798
1892,0.046410
1893,0.050456
1894,0.093160
1895,0.091816
1896,0.140761
1897,0.144146
1898,0.093253
1899,0.095238
1900,0.095735
1901,0.094125
1902,0.097708
1903,0.094400
1904,0.047725
1905,0.095514
1906,0.051276
1907,0.047717
1908,0.047152
1909,0.046694
1910,0.049510
1911,0.047461
1912,0.047142
1913,0.049330
1914,0.049578
1915,0.047418
1916,0.046664
# total_episodes=1916, avg_seconds=0.058317
