# episode_index, seconds
1,0.003017
2,0.005507
3,0.004462
4,0.001804
5,0.002059
6,0.009296
7,0.012568
8,0.010073
9,0.005767
10,0.001976
11,0.002846
12,0.002849
13,0.003435
14,0.001398
15,0.009651
16,0.005740
17,0.011875
18,0.004541
19,0.001875
20,0.005436
21,0.005476
22,0.008955
23,0.003381
24,0.002966
25,0.001972
26,0.001821
27,0.001988
28,0.011203
29,0.002776
30,0.003265
31,0.002866
32,0.001381
33,0.001920
34,0.006452
35,0.013807
36,0.006616
37,0.001804
38,0.012862
39,0.002994
40,0.002079
41,0.003244
42,0.009503
43,0.005122
44,0.002258
45,0.008462
46,0.091053
47,0.044048
48,0.132465
49,0.043133
50,0.043361
51,0.130718
52,0.043939
53,0.043808
54,0.043367
55,0.086822
56,0.043825
57,0.043784
58,0.043295
59,0.042576
60,0.043409
61,0.044412
62,0.043443
63,0.043610
64,0.043823
65,0.044032
66,0.043759
67,0.044074
68,0.044299
69,0.044475
70,0.043729
71,0.043882
72,0.043914
73,0.043938
74,0.041789
75,0.157403
76,0.043654
77,0.043057
78,0.045268
79,0.045403
80,0.043634
81,0.045301
82,0.044354
83,0.044285
84,0.043368
85,0.044080
86,0.044133
87,0.044029
88,0.044548
89,0.055949
90,0.044120
91,0.033161
92,0.044891
93,0.048004
94,0.045644
95,0.044537
96,0.044734
97,0.044485
98,0.043977
99,0.043554
100,0.042598
101,0.043753
102,0.043735
103,0.043930
104,0.043939
105,0.042618
106,0.039798
107,0.130517
108,0.043634
109,0.043699
110,0.044606
111,0.263945
112,0.125026
113,0.129563
114,0.087564
115,0.088868
116,0.087944
117,0.087226
118,0.086132
119,0.087602
120,0.041481
121,0.041652
122,0.043142
123,0.043644
124,0.043489
125,0.043409
126,0.043529
127,0.044287
128,0.047524
129,0.046515
130,0.044751
131,0.045148
132,0.044542
133,0.043704
134,0.043711
135,0.043743
136,0.043390
137,0.043491
138,0.043464
139,0.043846
140,0.043197
141,0.040460
142,0.042821
143,0.043392
144,0.043908
145,0.043495
146,0.043640
147,0.044495
148,0.045571
149,0.045048
150,0.044579
151,0.043978
152,0.043490
153,0.042725
154,0.043437
155,0.043851
156,0.043689
157,0.043082
158,0.039872
159,0.043695
160,0.043591
161,0.044422
162,0.043759
163,0.043486
164,0.043491
165,0.045076
166,0.047840
167,0.048709
168,0.045310
169,0.045236
170,0.044174
171,0.043012
172,0.043598
173,0.042722
174,0.043415
175,0.043803
176,0.043969
177,0.043112
178,0.041763
179,0.041574
180,0.043219
181,0.043307
182,0.043985
183,0.043791
184,0.043876
185,0.043978
186,0.048419
187,0.044870
188,0.044235
189,0.043295
190,0.043520
191,0.043941
192,0.045013
193,0.043431
194,0.043515
195,0.043685
196,0.044431
197,0.043315
198,0.041610
199,0.040962
200,0.043344
201,0.043653
202,0.043960
203,0.043626
204,0.043734
205,0.044006
206,0.044009
207,0.044725
208,0.044972
209,0.044468
210,0.044465
211,0.043917
212,0.044150
213,0.044292
214,0.043097
215,0.042856
216,0.043791
217,0.044545
218,0.043282
219,0.040538
220,0.042620
221,0.043286
222,0.043588
223,0.087835
224,0.087690
225,0.045391
226,0.048170
227,0.092438
228,0.088232
229,0.044379
230,0.086613
231,0.087651
232,0.088468
233,0.083231
234,0.042636
235,0.086590
236,0.086622
237,0.087401
238,0.090841
239,0.088985
240,0.044027
241,0.087486
242,0.086839
243,0.044206
244,0.044576
245,0.082984
246,0.086359
247,0.086601
248,0.043463
249,0.089494
250,0.088968
251,0.043515
252,0.043303
253,0.130488
254,0.130406
255,0.083061
256,0.043439
257,0.087694
258,0.087324
259,0.131494
260,0.042676
261,0.043668
262,0.087933
263,0.082741
264,0.042792
265,0.044874
266,0.043456
267,0.044078
268,0.043746
269,0.045245
270,0.044640
271,0.043443
272,0.043694
273,0.043128
274,0.043539
275,0.044188
276,0.044225
277,0.044079
278,0.041238
279,0.041264
280,0.043730
281,0.043886
282,0.043667
283,0.043690
284,0.043628
285,0.044209
286,0.045320
287,0.047963
288,0.048413
289,0.048431
290,0.047922
291,0.045330
292,0.044482
293,0.044676
294,0.043304
295,0.044043
296,0.043976
297,0.043265
298,0.036659
299,0.039509
300,0.043366
301,0.040405
302,0.042254
303,0.043650
304,0.044163
305,0.044180
306,0.043414
307,0.044401
308,0.043715
309,0.044935
310,0.045373
311,0.045515
312,0.044158
313,0.043577
314,0.038535
315,0.090861
316,0.043296
317,0.043592
318,0.043852
319,0.044692
320,0.043921
321,0.042657
322,0.040089
323,0.043348
324,0.043411
325,0.043770
326,0.043448
327,0.044091
328,0.043551
329,0.044661
330,0.045301
331,0.044964
332,0.043425
333,0.044493
334,0.044385
335,0.044060
336,0.044496
337,0.043174
338,0.087494
339,0.044055
340,0.043679
341,0.082617
342,0.043301
343,0.043457
344,0.043724
345,0.044030
346,0.043543
347,0.043692
348,0.044673
349,0.047703
350,0.045110
351,0.045478
352,0.042771
353,0.044370
354,0.044283
355,0.042879
356,0.043566
357,0.043484
358,0.087182
359,0.040072
360,0.042976
361,0.043918
362,0.043427
363,0.044056
364,0.043486
365,0.043816
366,0.044100
367,0.048203
368,0.046563
369,0.045986
370,0.045066
371,0.045194
372,0.043370
373,0.044755
374,0.043564
375,0.043806
376,0.043374
377,0.044142
378,0.044111
379,0.044297
380,0.043574
381,0.041073
382,0.042257
383,0.043888
384,0.043454
385,0.044622
386,0.043046
387,0.043634
388,0.045205
389,0.047063
390,0.047358
391,0.045237
392,0.045160
393,0.044553
394,0.043540
395,0.043695
396,0.043453
397,0.043729
398,0.043937
399,0.043529
400,0.044511
401,0.043107
402,0.041275
403,0.041348
404,0.043059
405,0.041346
406,0.047125
407,0.044427
408,0.043151
409,0.040669
410,0.042514
411,0.043768
412,0.044115
413,0.043679
414,0.043673
415,0.043653
416,0.043604
417,0.045563
418,0.045408
419,0.044500
420,0.044548
421,0.043672
422,0.043542
423,0.043603
424,0.036849
425,0.044692
426,0.043599
427,0.043573
428,0.044101
429,0.047537
430,0.043399
431,0.045926
432,0.046032
433,0.044978
434,0.045316
435,0.044643
436,0.044286
437,0.043337
438,0.087781
439,0.042981
440,0.043678
441,0.043613
442,0.044176
443,0.043322
444,0.039660
445,0.043273
446,0.086792
447,0.044498
448,0.086901
449,0.043739
450,0.046030
451,0.045327
452,0.045211
453,0.088525
454,0.086618
455,0.086920
456,0.043971
457,0.043654
458,0.040370
459,0.042284
460,0.043939
461,0.044352
462,0.043391
463,0.043682
464,0.044656
465,0.044122
466,0.043854
467,0.046256
468,0.047840
469,0.047694
470,0.045345
471,0.044934
472,0.045546
473,0.045707
474,0.044973
475,0.044243
476,0.044315
477,0.044392
478,0.043963
479,0.044132
480,0.043243
481,0.044106
482,0.044117
483,0.043486
484,0.043935
485,0.043272
486,0.041083
487,0.042888
488,0.042897
489,0.043876
490,0.044090
491,0.044318
492,0.043955
493,0.043339
494,0.043271
495,0.044972
496,0.047973
497,0.046390
498,0.046622
499,0.047525
500,0.045284
501,0.044922
502,0.045094
503,0.044383
504,0.044445
505,0.043707
506,0.044391
507,0.043996
508,0.043478
509,0.044050
510,0.043794
511,0.043568
512,0.044311
513,0.038031
514,0.043373
515,0.047750
516,0.048277
517,0.048449
518,0.047575
519,0.044979
520,0.044073
521,0.043007
522,0.043444
523,0.042969
524,0.043579
525,0.044286
526,0.044564
527,0.044105
528,0.041196
529,0.041118
530,0.043589
531,0.043282
532,0.044081
533,0.043827
534,0.043888
535,0.045988
536,0.046136
537,0.045305
538,0.045202
539,0.044758
540,0.044308
541,0.043749
542,0.043809
543,0.042929
544,0.043424
545,0.044137
546,0.043411
547,0.040644
548,0.041710
549,0.043710
550,0.044061
551,0.043994
552,0.044267
553,0.043837
554,0.043784
555,0.044063
556,0.046320
557,0.045104
558,0.045351
559,0.044613
560,0.043187
561,0.044902
562,0.042858
563,0.042742
564,0.043772
565,0.043947
566,0.044026
567,0.042761
568,0.040947
569,0.041754
570,0.044254
571,0.043560
572,0.043372
573,0.043994
574,0.043754
575,0.043719
576,0.044391
577,0.047981
578,0.042410
579,0.032749
580,0.033038
581,0.035282
582,0.044334
583,0.045741
584,0.045189
585,0.047793
586,0.142290
587,0.049214
588,0.096058
589,0.048312
590,0.048450
591,0.049062
592,0.096873
593,0.049166
594,0.049056
595,0.048920
596,0.048311
597,0.048751
598,0.145771
599,0.046514
600,0.047791
601,0.047028
602,0.047360
603,0.048152
604,0.049112
605,0.048593
606,0.048315
607,0.046465
608,0.048668
609,0.065836
610,0.089947
611,0.044873
612,0.044839
613,0.045319
614,0.046670
615,0.132339
616,0.043792
617,0.129913
618,0.044032
619,0.125485
620,0.044387
621,0.044679
622,0.044161
623,0.135480
624,0.046825
625,0.044285
626,0.043781
627,0.044214
628,0.044751
629,0.044289
630,0.044086
631,0.044125
632,0.044729
633,0.044468
634,0.044434
635,0.043781
636,0.045242
637,0.045302
638,0.045051
639,0.046819
640,0.046862
641,0.046415
642,0.048916
643,0.046213
644,0.044169
645,0.045248
646,0.044543
647,0.045407
648,0.045515
649,0.048074
650,0.047670
651,0.047935
652,0.048557
653,0.048377
654,0.048490
655,0.047115
656,0.047522
657,0.048430
658,0.047037
659,0.047614
660,0.048660
661,0.047558
662,0.047265
663,0.047994
664,0.047660
665,0.048892
666,0.048466
667,0.047354
668,0.048903
669,0.047896
670,0.048167
671,0.047276
672,0.048208
673,0.048358
674,0.048003
675,0.048446
676,0.045648
677,0.045052
678,0.048471
679,0.047480
680,0.045993
681,0.045275
682,0.047347
683,0.045024
684,0.048609
685,0.047035
686,0.047308
687,0.046354
688,0.045582
689,0.044334
690,0.045024
691,0.045658
692,0.045722
693,0.044705
694,0.045201
695,0.047176
696,0.047989
697,0.047811
698,0.047204
699,0.048620
700,0.047634
701,0.142945
702,0.049085
703,0.047881
704,0.048618
705,0.049079
706,0.049098
707,0.047874
708,0.047781
709,0.048975
710,0.047487
711,0.046663
712,0.046539
713,0.047902
714,0.049218
715,0.048776
716,0.049006
717,0.047852
718,0.047766
719,0.048303
720,0.046732
721,0.048447
722,0.049008
723,0.048682
724,0.045220
725,0.049253
726,0.045270
727,0.045970
728,0.144169
729,0.046836
730,0.046479
731,0.048976
732,0.192282
733,0.048287
734,0.047476
735,0.047529
736,0.048878
737,0.047120
738,0.049251
739,0.048022
740,0.048153
741,0.047366
742,0.049087
743,0.047919
744,0.048324
745,0.048062
746,0.049054
747,0.142627
748,0.142917
749,0.144574
750,0.193183
751,0.239452
752,0.093410
753,0.144030
754,0.145570
755,0.191643
756,0.044603
757,0.048424
758,0.049033
759,0.048705
760,0.048663
761,0.047854
762,0.048404
763,0.048081
764,0.048751
765,0.047258
766,0.048493
767,0.047951
768,0.049108
769,0.046686
770,0.047898
771,0.048687
772,0.047656
773,0.049127
774,0.047229
775,0.048982
776,0.048505
777,0.047840
778,0.048641
779,0.048254
780,0.049043
781,0.047370
782,0.048839
783,0.046949
784,0.048618
785,0.047440
786,0.048420
787,0.048614
788,0.049246
789,0.047916
790,0.048445
791,0.047606
792,0.047778
793,0.048347
794,0.047320
795,0.048654
796,0.048519
797,0.048741
798,0.047968
799,0.048191
800,0.048929
801,0.048063
802,0.047697
803,0.049337
804,0.046773
805,0.047955
806,0.047950
807,0.047375
808,0.048219
809,0.048058
810,0.046713
811,0.048935
812,0.048972
813,0.049166
814,0.048585
815,0.049312
816,0.048639
817,0.048163
818,0.048077
819,0.047451
820,0.046678
821,0.046741
822,0.048548
823,0.048625
824,0.048218
825,0.047870
826,0.048868
827,0.049098
828,0.048702
829,0.048125
830,0.141583
831,0.049095
832,0.144764
833,0.049337
834,0.047830
835,0.046841
836,0.049163
837,0.048555
838,0.048549
839,0.095761
840,0.047183
841,0.047341
842,0.049095
843,0.048522
844,0.047645
845,0.047976
846,0.048729
847,0.143988
848,0.049232
849,0.047974
850,0.048585
851,0.049142
852,0.048679
853,0.049063
854,0.049114
855,0.049028
856,0.049114
857,0.048660
858,0.048630
859,0.048006
860,0.096085
861,0.049267
862,0.047933
863,0.048106
864,0.048172
865,0.048962
866,0.144144
867,0.048184
868,0.049133
869,0.048634
870,0.048404
871,0.048276
872,0.049220
873,0.048719
874,0.048944
875,0.048925
876,0.049132
877,0.048020
878,0.048346
879,0.048284
880,0.048269
881,0.046808
882,0.048179
883,0.190734
884,0.047748
885,0.047062
886,0.047784
887,0.048582
888,0.048524
889,0.046045
890,0.047520
891,0.193664
892,0.194929
893,0.047990
894,0.048275
895,0.044528
896,0.048478
897,0.048444
898,0.048269
899,0.049292
900,0.048648
901,0.048214
902,0.048754
903,0.047009
904,0.049761
905,0.043721
906,0.045538
907,0.044872
908,0.047529
909,0.049077
910,0.048086
911,0.048931
912,0.048640
913,0.049155
914,0.048367
915,0.047475
916,0.047174
917,0.048417
918,0.047644
919,0.049027
920,0.048765
921,0.048960
922,0.048297
923,0.049332
924,0.049621
925,0.048468
926,0.049210
927,0.049034
928,0.046360
929,0.049166
930,0.048929
931,0.049423
932,0.047354
933,0.048811
934,0.048483
935,0.048703
936,0.048603
937,0.046794
938,0.049056
939,0.046887
940,0.048860
941,0.048078
942,0.047838
943,0.049191
944,0.048766
945,0.047927
946,0.048151
947,0.048084
948,0.049151
949,0.048799
950,0.047653
951,0.144860
952,0.145989
953,0.047765
954,0.046249
955,0.192048
956,0.048751
957,0.048352
958,0.241253
959,0.048397
960,0.193000
961,0.047745
962,0.096610
963,0.048034
964,0.046828
965,0.145603
966,0.048631
967,0.093649
968,0.096743
969,0.144000
970,0.096377
971,0.096819
972,0.144838
973,0.048336
974,0.092971
975,0.144263
976,0.097359
977,0.144495
978,0.097278
979,0.094970
980,0.096947
981,0.097558
982,0.096464
983,0.049282
984,0.047621
985,0.096675
986,0.096943
987,0.094272
988,0.096901
989,0.094313
990,0.048828
991,0.048254
992,0.049182
993,0.049094
994,0.049314
995,0.048885
996,0.048779
997,0.048257
998,0.047926
999,0.047993
1000,0.048110
1001,0.048947
1002,0.047891
1003,0.047247
1004,0.048610
1005,0.047449
1006,0.046894
1007,0.047056
1008,0.047418
1009,0.047342
1010,0.048541
1011,0.048296
1012,0.048692
1013,0.048327
1014,0.048329
1015,0.048587
1016,0.046908
1017,0.049049
1018,0.049198
1019,0.045706
1020,0.047628
1021,0.048406
1022,0.048459
1023,0.046228
1024,0.048385
1025,0.048073
1026,0.047696
1027,0.048919
1028,0.048535
1029,0.047554
1030,0.048550
1031,0.048678
1032,0.048212
1033,0.048069
1034,0.048934
1035,0.049165
1036,0.049420
1037,0.048794
1038,0.048133
1039,0.048519
1040,0.048751
1041,0.047962
1042,0.048995
1043,0.049278
1044,0.046292
1045,0.049073
1046,0.048567
1047,0.046450
1048,0.048241
1049,0.048701
1050,0.048879
1051,0.049685
1052,0.049235
1053,0.048982
1054,0.047750
1055,0.045795
1056,0.048379
1057,0.046966
1058,0.048211
1059,0.047780
1060,0.049235
1061,0.048676
1062,0.047005
1063,0.047663
1064,0.048862
1065,0.048019
1066,0.048528
1067,0.048372
1068,0.048453
1069,0.048678
1070,0.048903
1071,0.048445
1072,0.045793
1073,0.048815
1074,0.048855
1075,0.049651
1076,0.049552
1077,0.048248
1078,0.048409
1079,0.048179
1080,0.048797
1081,0.048602
1082,0.048522
1083,0.048348
1084,0.049012
1085,0.047716
1086,0.048849
1087,0.048301
1088,0.047747
1089,0.048503
1090,0.049089
1091,0.048524
1092,0.049432
1093,0.048919
1094,0.048655
1095,0.047801
1096,0.048096
1097,0.048932
1098,0.049340
1099,0.047732
1100,0.048594
1101,0.048719
1102,0.048659
1103,0.048045
1104,0.049183
1105,0.048387
1106,0.046456
1107,0.048151
1108,0.049455
1109,0.048821
1110,0.049231
1111,0.046762
1112,0.049131
1113,0.048506
1114,0.048985
1115,0.048315
1116,0.048247
1117,0.142422
1118,0.048066
1119,0.048822
1120,0.049355
1121,0.048446
1122,0.047247
1123,0.146027
1124,0.143855
1125,0.048751
1126,0.048897
1127,0.082479
1128,0.043982
1129,0.044975
1130,0.044079
1131,0.143827
1132,0.048905
1133,0.047708
1134,0.190699
1135,0.144149
1136,0.048371
1137,0.144322
1138,0.144290
1139,0.046782
1140,0.048985
1141,0.048566
1142,0.048828
1143,0.048612
1144,0.193325
1145,0.048727
1146,0.048057
1147,0.191146
1148,0.048781
1149,0.048949
1150,0.049248
1151,0.145487
1152,0.047724
1153,0.047899
1154,0.047866
1155,0.048165
1156,0.049004
1157,0.048106
1158,0.048901
1159,0.048132
1160,0.047832
1161,0.047729
1162,0.048212
1163,0.047963
1164,0.048313
1165,0.048115
1166,0.049025
1167,0.047443
1168,0.048871
1169,0.047857
1170,0.046646
1171,0.045059
1172,0.048701
1173,0.049480
1174,0.048599
1175,0.048953
1176,0.048433
1177,0.047396
1178,0.048740
1179,0.047626
1180,0.047803
1181,0.047940
1182,0.048527
1183,0.048468
1184,0.048810
1185,0.048296
1186,0.045146
1187,0.049262
1188,0.048376
1189,0.049901
1190,0.049066
1191,0.049005
1192,0.047810
1193,0.048325
1194,0.049050
1195,0.048820
1196,0.051446
1197,0.044250
1198,0.044509
1199,0.044130
1200,0.044931
1201,0.048806
1202,0.046766
1203,0.046604
1204,0.048133
1205,0.049117
1206,0.048521
1207,0.048854
1208,0.048096
1209,0.048925
1210,0.048208
1211,0.048681
1212,0.047577
1213,0.048580
1214,0.048667
1215,0.048045
1216,0.048520
1217,0.048953
1218,0.049066
1219,0.048126
1220,0.048533
1221,0.049040
1222,0.048015
1223,0.048054
1224,0.048429
1225,0.047986
1226,0.048264
1227,0.047913
1228,0.048928
1229,0.048041
1230,0.049499
1231,0.049006
1232,0.049195
1233,0.048653
1234,0.048010
1235,0.048199
1236,0.049216
1237,0.046917
1238,0.049021
1239,0.049172
1240,0.047358
1241,0.047372
1242,0.048424
1243,0.048383
1244,0.048795
1245,0.049131
1246,0.047740
1247,0.048572
1248,0.048356
1249,0.049199
1250,0.049024
1251,0.047798
1252,0.046377
1253,0.048290
1254,0.048494
1255,0.048503
1256,0.048658
1257,0.048378
1258,0.048936
1259,0.048772
1260,0.047319
1261,0.049277
1262,0.048474
1263,0.048378
1264,0.047753
1265,0.049118
1266,0.048133
1267,0.049348
1268,0.048514
1269,0.046132
1270,0.048709
1271,0.049176
1272,0.047818
1273,0.046866
1274,0.048544
1275,0.048721
1276,0.048405
1277,0.048936
1278,0.048115
1279,0.048586
1280,0.049191
1281,0.049214
1282,0.048719
1283,0.048913
1284,0.046976
1285,0.048072
1286,0.049420
1287,0.048957
1288,0.048290
1289,0.047971
1290,0.048333
1291,0.048801
1292,0.048605
1293,0.048454
1294,0.048896
1295,0.049151
1296,0.048461
1297,0.049193
1298,0.048709
1299,0.047621
1300,0.047483
1301,0.048875
1302,0.048513
1303,0.049040
1304,0.048778
1305,0.047743
1306,0.047435
1307,0.049032
1308,0.049162
1309,0.049045
1310,0.048135
1311,0.048794
1312,0.047926
1313,0.048779
1314,0.048400
1315,0.049072
1316,0.048549
1317,0.048741
1318,0.048043
1319,0.048566
1320,0.049055
1321,0.049054
1322,0.047462
1323,0.048278
1324,0.048791
1325,0.048945
1326,0.047459
1327,0.048030
1328,0.048651
1329,0.048167
1330,0.048914
1331,0.049073
1332,0.049087
1333,0.048129
1334,0.048819
1335,0.047933
1336,0.049061
1337,0.049087
1338,0.048360
1339,0.047221
1340,0.048803
1341,0.048471
1342,0.049172
1343,0.048217
1344,0.048534
1345,0.048005
1346,0.049047
1347,0.048153
1348,0.049109
1349,0.048720
1350,0.046911
1351,0.047976
1352,0.048812
1353,0.048837
1354,0.049749
1355,0.047893
1356,0.048731
1357,0.048744
1358,0.049000
1359,0.049023
1360,0.048867
1361,0.048589
1362,0.048539
1363,0.047054
1364,0.048394
1365,0.048317
1366,0.047672
1367,0.048134
1368,0.047517
1369,0.049443
1370,0.048828
1371,0.048614
1372,0.048231
1373,0.048029
1374,0.048942
1375,0.048069
1376,0.047775
1377,0.048658
1378,0.048669
1379,0.048461
1380,0.048927
1381,0.048930
1382,0.049246
1383,0.048278
1384,0.048699
1385,0.048130
1386,0.048783
1387,0.048693
1388,0.049348
1389,0.048214
1390,0.048838
1391,0.048876
1392,0.046532
1393,0.047865
1394,0.048108
1395,0.048562
1396,0.047235
1397,0.047402
1398,0.047611
1399,0.046380
1400,0.048567
1401,0.048900
1402,0.048083
1403,0.047371
1404,0.046955
1405,0.048281
1406,0.047543
1407,0.045885
1408,0.047285
1409,0.046487
1410,0.044689
1411,0.048799
1412,0.048419
1413,0.048627
1414,0.046756
1415,0.048416
1416,0.049023
1417,0.048357
1418,0.095700
1419,0.048417
1420,0.048677
1421,0.048747
1422,0.048389
1423,0.048869
1424,0.049104
1425,0.047285
1426,0.046207
1427,0.049568
1428,0.049025
1429,0.046921
1430,0.048675
1431,0.048470
1432,0.047860
1433,0.047188
1434,0.045770
1435,0.044505
1436,0.044940
1437,0.044777
1438,0.045059
1439,0.048488
1440,0.047792
1441,0.048276
1442,0.048373
1443,0.047465
1444,0.049046
1445,0.044587
1446,0.048809
1447,0.048916
1448,0.048084
1449,0.048051
1450,0.047499
1451,0.049047
1452,0.048943
1453,0.048665
1454,0.048471
1455,0.047304
1456,0.048409
1457,0.048335
1458,0.049041
1459,0.047950
1460,0.048565
1461,0.048365
1462,0.049277
1463,0.049031
1464,0.048285
1465,0.048652
1466,0.048467
1467,0.049023
1468,0.048711
1469,0.048602
1470,0.048439
1471,0.045473
1472,0.048956
1473,0.046130
1474,0.048056
1475,0.048630
1476,0.048855
1477,0.048885
1478,0.048762
1479,0.048569
1480,0.052859
1481,0.044827
1482,0.044758
1483,0.045667
1484,0.045522
1485,0.046077
1486,0.044771
1487,0.044523
1488,0.044977
1489,0.044136
1490,0.044223
1491,0.044365
1492,0.045327
1493,0.044455
1494,0.044399
1495,0.044266
1496,0.051071
1497,0.045625
1498,0.045267
1499,0.044477
1500,0.045581
1501,0.044869
1502,0.047435
1503,0.044580
1504,0.047688
1505,0.044317
1506,0.050118
1507,0.043280
1508,0.043502
1509,0.043765
1510,0.043164
1511,0.043236
1512,0.042946
1513,0.043570
1514,0.043469
1515,0.042889
1516,0.044203
1517,0.044983
1518,0.043882
1519,0.043482
1520,0.044092
1521,0.043877
1522,0.044081
1523,0.044184
1524,0.043358
1525,0.043993
1526,0.043555
1527,0.044054
1528,0.043589
1529,0.044284
1530,0.043899
1531,0.043458
1532,0.044402
1533,0.044392
1534,0.044507
1535,0.043241
1536,0.043773
1537,0.044469
1538,0.043067
1539,0.048840
1540,0.039148
1541,0.043989
1542,0.043992
1543,0.043501
1544,0.043742
1545,0.045710
1546,0.090253
1547,0.043031
1548,0.044543
1549,0.046691
1550,0.048126
1551,0.046637
1552,0.029834
1553,0.043767
1554,0.043112
1555,0.043268
1556,0.043606
1557,0.043514
1558,0.043283
1559,0.044014
1560,0.043324
1561,0.043013
1562,0.042352
1563,0.045671
1564,0.043032
1565,0.043834
1566,0.043664
1567,0.044172
1568,0.044016
1569,0.046375
1570,0.048010
1571,0.049658
1572,0.049347
1573,0.048510
1574,0.047944
1575,0.048831
1576,0.048551
1577,0.048029
1578,0.045892
1579,0.047724
1580,0.048500
1581,0.048316
1582,0.048719
1583,0.046451
1584,0.044139
1585,0.044059
1586,0.045170
1587,0.047279
1588,0.046228
1589,0.051233
1590,0.042781
1591,0.038083
1592,0.039325
1593,0.042476
1594,0.041814
1595,0.043243
1596,0.043543
1597,0.043017
1598,0.043652
1599,0.043648
1600,0.043113
1601,0.044539
1602,0.048509
1603,0.046212
1604,0.048973
1605,0.094695
1606,0.050145
1607,0.043049
1608,0.043258
1609,0.044078
1610,0.043310
1611,0.043773
1612,0.043828
1613,0.042799
1614,0.042615
1615,0.043445
1616,0.047798
1617,0.044081
1618,0.043791
1619,0.042341
1620,0.043128
1621,0.043618
1622,0.043525
1623,0.042697
1624,0.043388
1625,0.043075
1626,0.043099
1627,0.052536
1628,0.044301
1629,0.044257
1630,0.044377
1631,0.043869
1632,0.044512
1633,0.045156
1634,0.042615
1635,0.044506
1636,0.044580
1637,0.044177
1638,0.044240
1639,0.040640
1640,0.043570
1641,0.043220
1642,0.044729
1643,0.044311
1644,0.044048
1645,0.045163
1646,0.044973
1647,0.045038
1648,0.044971
1649,0.048573
1650,0.029259
1651,0.029511
1652,0.045286
1653,0.044749
1654,0.045772
1655,0.044585
1656,0.050547
1657,0.051003
1658,0.051465
1659,0.051533
1660,0.050717
1661,0.048965
1662,0.045242
1663,0.046026
1664,0.046140
1665,0.045755
1666,0.044984
1667,0.044568
1668,0.045061
1669,0.044234
1670,0.045548
1671,0.044483
1672,0.045188
1673,0.034737
1674,0.050242
1675,0.049844
1676,0.052323
1677,0.050704
1678,0.050979
1679,0.050085
1680,0.051671
1681,0.049674
1682,0.045885
1683,0.045313
1684,0.044581
1685,0.044563
1686,0.045505
1687,0.044378
1688,0.044209
1689,0.044434
1690,0.044764
1691,0.045221
1692,0.044824
1693,0.044516
1694,0.044255
1695,0.043911
1696,0.044467
1697,0.044501
1698,0.047326
1699,0.044498
1700,0.043584
1701,0.042258
1702,0.042816
1703,0.044065
1704,0.044361
1705,0.045491
1706,0.044741
1707,0.044181
1708,0.044669
1709,0.045141
1710,0.044736
1711,0.045011
1712,0.044425
1713,0.047291
1714,0.046414
1715,0.045299
1716,0.045306
1717,0.053140
1718,0.041077
1719,0.041882
1720,0.042909
1721,0.044099
1722,0.043499
1723,0.043385
1724,0.043856
1725,0.043663
1726,0.043803
1727,0.043856
1728,0.045279
1729,0.045640
1730,0.045266
1731,0.044654
1732,0.044973
1733,0.043948
1734,0.043781
1735,0.044660
1736,0.044901
1737,0.043877
1738,0.043422
1739,0.043538
1740,0.044509
1741,0.043718
1742,0.043804
1743,0.043736
1744,0.043848
1745,0.043262
1746,0.043161
1747,0.042304
1748,0.040183
1749,0.043363
1750,0.043621
1751,0.044223
1752,0.043781
1753,0.041827
1754,0.047279
1755,0.044016
1756,0.044750
1757,0.044202
1758,0.042701
1759,0.040504
1760,0.042380
1761,0.043751
1762,0.043861
1763,0.043596
1764,0.044168
1765,0.043819
1766,0.043974
1767,0.043528
1768,0.044126
1769,0.044859
1770,0.044727
1771,0.047787
1772,0.045540
1773,0.047741
1774,0.048033
1775,0.047414
1776,0.048275
1777,0.044795
1778,0.044417
1779,0.044405
1780,0.043300
1781,0.044241
1782,0.043863
1783,0.042990
1784,0.044543
1785,0.044199
1786,0.043519
1787,0.043216
1788,0.044153
1789,0.044328
1790,0.043109
1791,0.043233
1792,0.042423
1793,0.040800
1794,0.042915
1795,0.043537
1796,0.043877
1797,0.043570
1798,0.043562
1799,0.043851
1800,0.044026
1801,0.043124
1802,0.045566
1803,0.047461
1804,0.048061
1805,0.045495
1806,0.047001
1807,0.046006
1808,0.044850
1809,0.045161
1810,0.045014
1811,0.044593
1812,0.044909
1813,0.044360
1814,0.044139
1815,0.044216
1816,0.043690
1817,0.044279
1818,0.043678
1819,0.042983
1820,0.044082
1821,0.043592
1822,0.044113
1823,0.043814
1824,0.043665
1825,0.044453
1826,0.044806
1827,0.044050
1828,0.042998
1829,0.044060
1830,0.037221
1831,0.044868
1832,0.043934
1833,0.044922
1834,0.046074
1835,0.047768
1836,0.046046
1837,0.046666
1838,0.045335
1839,0.045521
1840,0.048029
1841,0.045646
1842,0.046546
1843,0.045575
1844,0.044557
1845,0.046916
1846,0.047212
1847,0.046508
1848,0.047678
1849,0.046952
1850,0.046965
1851,0.048324
1852,0.048796
1853,0.047352
1854,0.044458
1855,0.045168
1856,0.045132
1857,0.045444
1858,0.045138
1859,0.043957
1860,0.044519
1861,0.044176
1862,0.043893
1863,0.043470
1864,0.043709
1865,0.043330
1866,0.043653
1867,0.043547
1868,0.043865
1869,0.044989
1870,0.045239
1871,0.043945
1872,0.043797
1873,0.044626
1874,0.044017
1875,0.043122
1876,0.042278
1877,0.042485
1878,0.040905
1879,0.043250
1880,0.044031
1881,0.043481
1882,0.043878
1883,0.043617
1884,0.043499
1885,0.043814
1886,0.044110
1887,0.045371
1888,0.045772
1889,0.047275
1890,0.044811
1891,0.044615
1892,0.045165
1893,0.045151
1894,0.044019
1895,0.044118
1896,0.044226
1897,0.043764
1898,0.044064
1899,0.043307
1900,0.043591
1901,0.043372
1902,0.043561
1903,0.043715
1904,0.044415
1905,0.043799
1906,0.043931
1907,0.045063
1908,0.043895
1909,0.044962
1910,0.043596
1911,0.043068
1912,0.041892
1913,0.040884
1914,0.044307
1915,0.043356
1916,0.044190
1917,0.043909
1918,0.044335
1919,0.043736
1920,0.044867
1921,0.044484
1922,0.043455
1923,0.044025
1924,0.044321
1925,0.045067
1926,0.043949
1927,0.044567
1928,0.044275
1929,0.047113
1930,0.044559
1931,0.045071
1932,0.044206
1933,0.044363
1934,0.044198
1935,0.044250
1936,0.045003
1937,0.043278
1938,0.046511
1939,0.043402
1940,0.043946
1941,0.045752
1942,0.044313
1943,0.060347
1944,0.045113
1945,0.044740
1946,0.042829
1947,0.045031
1948,0.043955
1949,0.043376
1950,0.044286
1951,0.044752
1952,0.043829
1953,0.046137
1954,0.044359
1955,0.043937
1956,0.044163
1957,0.044520
1958,0.043710
1959,0.040533
1960,0.041618
1961,0.044029
1962,0.043689
1963,0.043271
1964,0.043963
1965,0.043701
1966,0.043615
1967,0.046690
1968,0.045194
1969,0.045300
1970,0.044389
1971,0.042737
1972,0.044206
1973,0.042551
1974,0.043881
1975,0.043605
1976,0.044457
1977,0.044033
1978,0.041915
1979,0.040001
1980,0.043310
1981,0.043526
1982,0.043400
1983,0.043659
1984,0.044218
1985,0.045091
1986,0.046938
1987,0.045208
1988,0.044499
1989,0.044335
1990,0.043335
1991,0.043471
1992,0.043176
1993,0.044042
1994,0.043352
1995,0.043508
1996,0.042046
1997,0.040562
1998,0.043244
1999,0.044014
2000,0.043775
2001,0.044151
2002,0.043358
2003,0.043507
2004,0.048283
2005,0.045503
2006,0.045766
2007,0.044106
2008,0.043029
2009,0.043722
2010,0.043024
2011,0.043311
2012,0.043702
2013,0.044148
2014,0.042941
2015,0.039444
2016,0.043247
2017,0.043684
2018,0.043351
2019,0.043302
2020,0.044089
2021,0.043271
2022,0.045656
2023,0.047801
2024,0.044543
2025,0.044350
2026,0.043296
2027,0.043179
2028,0.043245
2029,0.044149
2030,0.043884
2031,0.043965
2032,0.043056
2033,0.041113
2034,0.040871
2035,0.043479
2036,0.043263
2037,0.043929
2038,0.043991
2039,0.033376
2040,0.032856
2041,0.033049
2042,0.032949
2043,0.032824
2044,0.032840
2045,0.032843
2046,0.032848
2047,0.032944
2048,0.032754
2049,0.033054
2050,0.032902
2051,0.032887
2052,0.032816
2053,0.032909
2054,0.032720
2055,0.032948
2056,0.032816
2057,0.032717
2058,0.032838
2059,0.032782
2060,0.032736
2061,0.033008
2062,0.040409
2063,0.034075
2064,0.028929
2065,0.028753
2066,0.028821
2067,0.028672
2068,0.028832
2069,0.028963
2070,0.029081
2071,0.029098
2072,0.029027
2073,0.029099
2074,0.029085
2075,0.028904
2076,0.028966
2077,0.028832
2078,0.028866
2079,0.028993
2080,0.028735
2081,0.028968
2082,0.028751
2083,0.028772
2084,0.029108
2085,0.028641
2086,0.029010
2087,0.029154
2088,0.028949
2089,0.028917
2090,0.028949
2091,0.029049
2092,0.029458
2093,0.029058
2094,0.029035
2095,0.029046
2096,0.028792
2097,0.029024
2098,0.029001
2099,0.028539
2100,0.029058
2101,0.028946
2102,0.028739
2103,0.028829
2104,0.029122
2105,0.029268
2106,0.028929
2107,0.028871
2108,0.028956
2109,0.028955
2110,0.029033
2111,0.028962
2112,0.029179
2113,0.028924
2114,0.028956
2115,0.028719
2116,0.029036
2117,0.029191
2118,0.028983
2119,0.028682
2120,0.028898
2121,0.029088
2122,0.028755
2123,0.028948
2124,0.028952
2125,0.028923
2126,0.028733
2127,0.028656
2128,0.028867
2129,0.029168
2130,0.028985
2131,0.029014
2132,0.028899
2133,0.028929
2134,0.028693
2135,0.029033
2136,0.028706
2137,0.028988
2138,0.029030
2139,0.028889
2140,0.029080
2141,0.029084
2142,0.029033
2143,0.029065
2144,0.029024
2145,0.028945
2146,0.029048
2147,0.029275
2148,0.029225
2149,0.028946
2150,0.029097
2151,0.029130
2152,0.028984
2153,0.028954
2154,0.028821
2155,0.028874
2156,0.028799
2157,0.028823
2158,0.029007
2159,0.029016
2160,0.029018
2161,0.028988
2162,0.028734
2163,0.029135
2164,0.028995
2165,0.028870
2166,0.028882
2167,0.029067
2168,0.028848
2169,0.029191
2170,0.028893
2171,0.028968
2172,0.028817
2173,0.028967
2174,0.029065
2175,0.029220
2176,0.028778
2177,0.029121
2178,0.028943
2179,0.028995
2180,0.028989
2181,0.029055
2182,0.028924
2183,0.029143
2184,0.028997
2185,0.028812
2186,0.028754
2187,0.028860
2188,0.028822
2189,0.028953
2190,0.029062
2191,0.028796
2192,0.028788
2193,0.029114
2194,0.029049
2195,0.028834
2196,0.029027
2197,0.028996
2198,0.028719
2199,0.028910
2200,0.028999
2201,0.029124
2202,0.028692
2203,0.028781
2204,0.029081
2205,0.029012
2206,0.028553
2207,0.029135
2208,0.029029
2209,0.029291
2210,0.028903
2211,0.028850
2212,0.028801
2213,0.029031
2214,0.028816
2215,0.028751
2216,0.028887
2217,0.028986
2218,0.028969
2219,0.029161
2220,0.029162
2221,0.028732
2222,0.029315
2223,0.028799
2224,0.028939
2225,0.029194
2226,0.028927
2227,0.028908
2228,0.029080
2229,0.029084
2230,0.028834
2231,0.028906
2232,0.029405
2233,0.028834
2234,0.028939
2235,0.027530
2236,0.028746
2237,0.028356
2238,0.029110
2239,0.028801
2240,0.028396
2241,0.029204
2242,0.029163
2243,0.029590
2244,0.028862
2245,0.029169
2246,0.028924
2247,0.028917
2248,0.028775
2249,0.029105
2250,0.029045
2251,0.028734
# total_episodes=2251, avg_seconds=0.047635
