# episode_index, seconds
1,0.004150
2,0.000921
3,0.002991
4,0.000723
5,0.001869
6,0.003375
7,0.002843
8,0.001256
9,0.002911
10,0.001853
11,0.003495
12,0.003454
13,0.001409
14,0.000724
15,0.002356
16,0.000724
17,0.002940
18,0.003542
19,0.002408
20,0.000759
21,0.000765
22,0.001885
23,0.003476
24,0.002468
25,0.000768
26,0.002960
27,0.002344
28,0.005468
29,0.028387
30,0.103650
31,0.026173
32,0.103338
33,0.130798
34,0.051734
35,0.077492
36,0.026008
37,0.077795
38,0.026297
39,0.025856
40,0.025744
41,0.026121
42,0.025844
43,0.051789
44,0.025877
45,0.026141
46,0.025764
47,0.025939
48,0.025818
49,0.026110
50,0.026061
51,0.026100
52,0.026031
53,0.026025
54,0.026087
55,0.025853
56,0.025913
57,0.026049
58,0.025911
59,0.026099
60,0.026014
61,0.026083
62,0.026058
63,0.026150
64,0.026148
65,0.026495
66,0.026039
67,0.025874
68,0.025914
69,0.026028
70,0.026035
71,0.025905
72,0.025985
73,0.026031
74,0.051805
75,0.026159
76,0.051744
77,0.026151
78,0.025899
79,0.025970
80,0.026078
81,0.051776
82,0.025940
83,0.026068
84,0.026036
85,0.051878
86,0.051739
87,0.025907
88,0.026078
89,0.026060
90,0.026054
91,0.025984
92,0.025996
93,0.026068
94,0.051867
95,0.051999
96,0.025924
97,0.026202
98,0.026128
99,0.051895
100,0.025962
101,0.051662
102,0.025978
103,0.026089
104,0.025921
105,0.026110
106,0.051704
107,0.026028
108,0.025931
109,0.051708
110,0.026121
111,0.025967
112,0.026122
113,0.051964
114,0.025978
115,0.026091
116,0.026080
117,0.026123
118,0.025968
119,0.026123
120,0.026042
121,0.026026
122,0.025999
123,0.025942
124,0.026242
125,0.026140
126,0.025973
127,0.026026
128,0.026048
129,0.026010
130,0.026067
131,0.025967
132,0.026072
133,0.026091
134,0.025917
135,0.026016
136,0.026113
137,0.026155
138,0.026007
139,0.026106
140,0.026035
141,0.025999
142,0.026038
143,0.026111
144,0.026054
145,0.026135
146,0.025948
147,0.026094
148,0.026050
149,0.026206
150,0.025877
151,0.026004
152,0.025984
153,0.051954
154,0.026130
155,0.028912
156,0.026118
157,0.026127
158,0.026129
159,0.026078
160,0.025963
161,0.026048
162,0.026042
163,0.025984
164,0.025927
165,0.026001
166,0.026184
167,0.051809
168,0.025995
169,0.026054
170,0.051851
171,0.026101
172,0.026079
173,0.051879
174,0.026103
175,0.051760
176,0.026150
177,0.051918
178,0.077699
179,0.052283
180,0.052342
181,0.078518
182,0.051926
183,0.052231
184,0.051999
185,0.052369
186,0.026387
187,0.026169
188,0.026382
189,0.029166
190,0.027326
191,0.026315
192,0.026049
193,0.026226
194,0.026270
195,0.026150
196,0.026183
197,0.026129
198,0.026216
199,0.025855
200,0.026238
201,0.026050
202,0.026108
203,0.026277
204,0.026218
205,0.026257
206,0.026099
207,0.026391
208,0.052009
209,0.026423
210,0.026214
211,0.026285
212,0.026103
213,0.026241
214,0.052086
215,0.027589
216,0.025852
217,0.026261
218,0.026271
219,0.026021
220,0.026327
221,0.026055
222,0.026454
223,0.026008
224,0.052196
225,0.026728
226,0.026539
227,0.026258
228,0.026375
229,0.026167
230,0.026382
231,0.026167
232,0.026178
233,0.026481
234,0.026181
235,0.026125
236,0.026120
237,0.026444
238,0.025941
239,0.026137
240,0.026413
241,0.026180
242,0.026253
243,0.026146
244,0.026367
245,0.025997
246,0.026092
247,0.026471
248,0.026058
249,0.026212
250,0.026088
251,0.026308
252,0.026014
253,0.026154
254,0.026371
255,0.026191
256,0.026277
257,0.026273
258,0.026038
259,0.026056
260,0.026126
261,0.026458
262,0.026149
263,0.026160
264,0.026135
265,0.026411
266,0.026017
267,0.026271
268,0.026411
269,0.025932
270,0.026132
271,0.026302
272,0.026269
273,0.026582
274,0.026059
275,0.026148
276,0.026161
277,0.026558
278,0.026427
279,0.026286
280,0.026418
281,0.026380
282,0.026720
283,0.026181
284,0.026464
285,0.026171
286,0.026158
287,0.026480
288,0.026241
289,0.026351
290,0.026259
291,0.026104
292,0.026381
293,0.026273
294,0.026124
295,0.026400
296,0.026343
297,0.026247
298,0.026208
299,0.026346
300,0.026043
301,0.026356
302,0.026220
303,0.026259
304,0.026296
305,0.052345
306,0.052037
307,0.026339
308,0.026197
309,0.026317
310,0.026302
311,0.026378
312,0.026158
313,0.026663
314,0.026241
315,0.052538
316,0.026235
317,0.026416
318,0.026208
319,0.026331
320,0.026219
321,0.026469
322,0.026432
323,0.026432
324,0.026350
325,0.026037
326,0.026156
327,0.026222
328,0.026104
329,0.026353
330,0.026266
331,0.026280
332,0.026247
333,0.026567
334,0.026287
335,0.026283
336,0.026458
337,0.026273
338,0.026374
339,0.026338
340,0.026238
341,0.026431
342,0.026190
343,0.026233
344,0.026029
345,0.026376
346,0.026471
347,0.026229
348,0.026090
349,0.026324
350,0.026417
351,0.026010
352,0.026297
353,0.026233
354,0.026170
355,0.026365
356,0.026114
357,0.026288
358,0.025937
359,0.026335
360,0.026223
361,0.026077
362,0.026432
363,0.026005
364,0.026168
365,0.026129
366,0.026202
367,0.026196
368,0.026096
369,0.026438
370,0.026100
371,0.026249
372,0.025998
373,0.026131
374,0.026159
375,0.026030
376,0.026149
377,0.026236
378,0.026387
379,0.026190
380,0.026426
381,0.026179
382,0.026081
383,0.026434
384,0.026013
385,0.026330
386,0.026366
387,0.026381
388,0.026263
389,0.026447
390,0.026258
391,0.026300
392,0.026372
393,0.026342
394,0.026206
395,0.026012
396,0.026226
397,0.026564
398,0.026135
399,0.026216
400,0.026026
401,0.052172
402,0.026240
403,0.026473
404,0.026178
405,0.026133
406,0.026225
407,0.026170
408,0.026022
409,0.026166
410,0.026372
411,0.026174
412,0.026139
413,0.026158
414,0.026245
415,0.026519
416,0.026162
417,0.026106
418,0.026176
419,0.026517
420,0.026509
421,0.026191
422,0.026389
423,0.026165
424,0.078300
425,0.026185
426,0.026286
427,0.026281
428,0.026207
429,0.026369
430,0.052139
431,0.026229
432,0.026145
433,0.026222
434,0.026358
435,0.026511
436,0.026248
437,0.026421
438,0.026220
439,0.026081
440,0.026454
441,0.026283
442,0.026446
443,0.052683
444,0.025911
445,0.026276
446,0.078599
447,0.026160
448,0.026145
449,0.026231
450,0.026156
451,0.026478
452,0.025828
453,0.026505
454,0.025959
455,0.026365
456,0.026493
457,0.026461
458,0.026401
459,0.052146
460,0.026117
461,0.026429
462,0.026473
463,0.078301
464,0.026257
465,0.052280
466,0.026385
467,0.026021
468,0.026347
469,0.026228
470,0.026192
471,0.026117
472,0.052044
473,0.052582
474,0.052277
475,0.026106
476,0.026254
477,0.026461
478,0.026154
479,0.026302
480,0.025921
481,0.026375
482,0.026275
483,0.026120
484,0.026396
485,0.026368
486,0.026441
487,0.026199
488,0.026385
489,0.026400
490,0.026285
491,0.026587
492,0.026004
493,0.026350
494,0.026058
495,0.026369
496,0.026129
497,0.026710
498,0.026573
499,0.026137
500,0.026173
501,0.026255
502,0.026014
503,0.026321
504,0.026131
505,0.052327
506,0.026272
507,0.026296
508,0.025938
509,0.026535
510,0.026099
511,0.026202
512,0.026012
513,0.026218
514,0.026102
515,0.026242
516,0.026469
517,0.026117
518,0.026304
519,0.026346
520,0.026616
521,0.026374
522,0.026120
523,0.026426
524,0.026214
525,0.026469
526,0.026387
527,0.026297
528,0.026315
529,0.026082
530,0.026391
531,0.026335
532,0.026459
533,0.026328
534,0.026096
535,0.026367
536,0.025977
537,0.026386
538,0.026246
539,0.026306
540,0.026188
541,0.026307
542,0.026418
543,0.026369
544,0.026408
545,0.026194
546,0.026260
547,0.026199
548,0.026169
549,0.026363
550,0.026175
551,0.026489
552,0.026072
553,0.026168
554,0.026054
555,0.052296
556,0.026311
557,0.026289
558,0.026169
559,0.026367
560,0.026427
561,0.052255
562,0.025984
563,0.051916
564,0.026339
565,0.026201
566,0.078394
567,0.052450
568,0.052438
569,0.052773
570,0.026006
571,0.052404
572,0.052199
573,0.078479
574,0.052308
575,0.026419
576,0.078269
577,0.077473
578,0.025895
579,0.026035
580,0.077659
581,0.026194
582,0.026042
583,0.026213
584,0.051965
585,0.026216
586,0.025994
587,0.026029
588,0.026027
589,0.026244
590,0.026077
591,0.026021
592,0.026023
593,0.025983
594,0.026203
595,0.026185
596,0.026030
597,0.026018
598,0.026154
599,0.026148
600,0.026138
601,0.026133
602,0.025997
603,0.026105
604,0.025964
605,0.026054
606,0.026099
607,0.051811
608,0.026068
609,0.026412
610,0.026026
611,0.077554
612,0.026109
613,0.026268
614,0.026147
615,0.026098
616,0.026024
617,0.026070
618,0.078024
619,0.026181
620,0.026001
621,0.026096
622,0.026107
623,0.025985
624,0.025942
625,0.026061
626,0.025919
627,0.026107
628,0.025939
629,0.026176
630,0.026174
631,0.025893
632,0.026178
633,0.026117
634,0.026013
635,0.051913
636,0.026012
637,0.026114
638,0.026047
639,0.026026
640,0.026074
641,0.026130
642,0.026033
643,0.026052
644,0.103592
645,0.026109
646,0.026114
647,0.026049
648,0.026039
649,0.026441
650,0.026022
651,0.051880
652,0.051835
653,0.026172
654,0.025972
655,0.026058
656,0.026053
657,0.025995
658,0.051916
659,0.026035
660,0.026206
661,0.026183
662,0.026067
663,0.051946
664,0.077766
665,0.052014
666,0.077676
667,0.025950
668,0.026038
669,0.026185
670,0.026064
671,0.026033
672,0.078173
673,0.026098
674,0.026257
675,0.026286
676,0.026268
677,0.026181
678,0.078126
679,0.026149
680,0.026171
681,0.104068
682,0.026048
683,0.026398
684,0.052320
685,0.026145
686,0.026199
687,0.078174
688,0.026187
689,0.026212
690,0.026173
691,0.026060
692,0.026101
693,0.026295
694,0.026143
695,0.026204
696,0.026286
697,0.026129
698,0.026261
699,0.026033
700,0.026030
701,0.026250
702,0.026086
703,0.026115
704,0.026061
705,0.026214
706,0.026171
707,0.025985
708,0.026176
709,0.026300
710,0.026259
711,0.026112
712,0.026122
713,0.026384
714,0.026224
715,0.026351
716,0.052305
717,0.026359
718,0.026200
719,0.026180
720,0.043349
721,0.026123
722,0.026128
723,0.077795
724,0.026095
725,0.026173
726,0.026178
727,0.026262
728,0.026093
729,0.026206
730,0.025984
731,0.026127
732,0.026309
733,0.026169
734,0.026175
735,0.025952
736,0.052249
737,0.026181
738,0.026399
739,0.026453
740,0.026234
741,0.026580
742,0.026237
743,0.026508
744,0.078518
745,0.026275
746,0.026272
747,0.026099
748,0.026303
749,0.026410
750,0.026097
751,0.026502
752,0.026399
753,0.026265
754,0.026072
755,0.026145
756,0.026072
757,0.026334
758,0.026459
759,0.026285
760,0.026097
761,0.026323
762,0.026355
763,0.026479
764,0.026384
765,0.026448
766,0.026166
767,0.026356
768,0.026132
769,0.026243
770,0.026547
771,0.026128
772,0.026347
773,0.026362
774,0.026176
775,0.026333
776,0.026075
777,0.026363
778,0.026023
779,0.026187
780,0.026242
781,0.104211
782,0.026360
783,0.026202
784,0.026362
785,0.026242
786,0.026187
787,0.026317
788,0.026309
789,0.026063
790,0.026383
791,0.026342
792,0.026220
793,0.026251
794,0.026167
795,0.026148
796,0.026278
797,0.026113
798,0.026056
799,0.026156
800,0.026304
801,0.026190
802,0.026235
803,0.026131
804,0.026315
805,0.026301
806,0.026276
807,0.026048
808,0.026340
809,0.026095
810,0.026053
811,0.026264
812,0.026110
813,0.026277
814,0.026218
815,0.026142
816,0.026083
817,0.026196
818,0.026095
819,0.026251
820,0.026207
821,0.026199
822,0.026267
823,0.026226
824,0.026042
825,0.026363
826,0.026087
827,0.026013
828,0.025975
829,0.026114
830,0.026037
831,0.026277
832,0.026174
833,0.025994
834,0.026288
835,0.026193
836,0.026029
837,0.026076
838,0.026223
839,0.026134
840,0.026064
841,0.026177
842,0.026149
843,0.026105
844,0.026106
845,0.026187
846,0.026088
847,0.026310
848,0.026129
849,0.026334
850,0.026056
851,0.026157
852,0.026121
853,0.026180
854,0.026163
855,0.026068
856,0.026071
857,0.026236
858,0.026123
859,0.026097
860,0.026018
861,0.026242
862,0.026211
863,0.026310
864,0.026207
865,0.026202
866,0.025861
867,0.026072
868,0.026096
869,0.026257
870,0.026287
871,0.026023
872,0.026226
873,0.026291
874,0.026087
875,0.026021
876,0.026033
877,0.026260
878,0.026105
879,0.026022
880,0.026120
881,0.026250
882,0.026082
883,0.026060
884,0.026234
885,0.026001
886,0.026031
887,0.026058
888,0.026426
889,0.026223
890,0.026282
891,0.026034
892,0.026091
893,0.026078
894,0.026045
895,0.026217
896,0.026225
897,0.026061
898,0.026079
899,0.107144
900,0.026638
901,0.026122
902,0.026008
903,0.103508
904,0.129443
905,0.129793
906,0.129515
907,0.077710
908,0.103812
909,0.077954
910,0.103746
911,0.103931
912,0.026142
913,0.051930
914,0.026102
915,0.052053
916,0.051916
917,0.051883
918,0.026174
919,0.052058
920,0.026257
921,0.026039
922,0.026128
923,0.026021
924,0.026282
925,0.026064
926,0.026180
927,0.026118
928,0.026007
929,0.026311
930,0.026100
931,0.026180
932,0.026020
933,0.026234
934,0.026026
935,0.026139
936,0.026068
937,0.026091
938,0.026103
939,0.026062
940,0.026241
941,0.026271
942,0.026154
943,0.026172
944,0.026110
945,0.026096
946,0.026086
947,0.026056
948,0.026162
949,0.026129
950,0.026135
951,0.025905
952,0.026070
953,0.026266
954,0.026033
955,0.026034
956,0.026179
957,0.026015
958,0.026188
959,0.026076
960,0.026079
961,0.026166
962,0.026264
963,0.025963
964,0.026168
965,0.026193
966,0.026078
967,0.026074
968,0.025982
969,0.026264
970,0.026031
971,0.026274
972,0.026089
973,0.026156
974,0.026156
975,0.026112
976,0.026162
977,0.026071
978,0.026107
979,0.026183
980,0.026162
981,0.026328
982,0.026139
983,0.026102
984,0.026140
985,0.026077
986,0.026072
987,0.026181
988,0.026118
989,0.026172
990,0.026015
991,0.026145
992,0.026078
993,0.026190
994,0.026056
995,0.026108
996,0.026077
997,0.026108
998,0.026162
999,0.025984
1000,0.026192
1001,0.026139
1002,0.026096
1003,0.025899
1004,0.026117
1005,0.026152
1006,0.025989
1007,0.026154
1008,0.025993
1009,0.026110
1010,0.026006
1011,0.026146
1012,0.026005
1013,0.026051
1014,0.026192
1015,0.025972
1016,0.026225
1017,0.026268
1018,0.026109
1019,0.026149
1020,0.026048
1021,0.026206
1022,0.026095
1023,0.026096
1024,0.026095
1025,0.026113
1026,0.026041
1027,0.026105
1028,0.025999
1029,0.026157
1030,0.026008
1031,0.026111
1032,0.026148
1033,0.026136
1034,0.026012
1035,0.026097
1036,0.025988
1037,0.026190
1038,0.026100
1039,0.026122
1040,0.026070
1041,0.026148
1042,0.026148
1043,0.026100
1044,0.026161
1045,0.026147
1046,0.026249
1047,0.026259
1048,0.026241
1049,0.026403
1050,0.026354
1051,0.026268
1052,0.026086
1053,0.026208
1054,0.026269
1055,0.026176
1056,0.026123
1057,0.026188
1058,0.026249
1059,0.026157
1060,0.026043
1061,0.026314
1062,0.026158
1063,0.026163
1064,0.026196
1065,0.026264
1066,0.026148
1067,0.026133
1068,0.026166
1069,0.026052
1070,0.026106
1071,0.026162
1072,0.026210
1073,0.026282
1074,0.026189
1075,0.026244
1076,0.026142
1077,0.026120
1078,0.026293
1079,0.026104
1080,0.026249
1081,0.026178
1082,0.078238
1083,0.078049
1084,0.078284
1085,0.104352
1086,0.104173
1087,0.078130
1088,0.052268
1089,0.052326
1090,0.052006
1091,0.052240
1092,0.052309
1093,0.026189
1094,0.026225
1095,0.026043
1096,0.026182
1097,0.026191
1098,0.026063
1099,0.026307
1100,0.026251
1101,0.026125
1102,0.026189
1103,0.026209
1104,0.026165
1105,0.026251
1106,0.026221
1107,0.026522
1108,0.026382
1109,0.026273
1110,0.026566
1111,0.026191
1112,0.026227
1113,0.026467
1114,0.026285
1115,0.026556
1116,0.026414
1117,0.026286
1118,0.026207
1119,0.052254
1120,0.026266
1121,0.026419
1122,0.026126
1123,0.026335
1124,0.026474
1125,0.026667
1126,0.026354
1127,0.026154
1128,0.026522
1129,0.026224
1130,0.026258
1131,0.026098
1132,0.026374
1133,0.026746
1134,0.026359
1135,0.026272
1136,0.026336
1137,0.026593
1138,0.026360
1139,0.026364
1140,0.026507
1141,0.026340
1142,0.026396
1143,0.026158
1144,0.026338
1145,0.026457
1146,0.026406
1147,0.026525
1148,0.026504
1149,0.026513
1150,0.026358
1151,0.026466
1152,0.026544
1153,0.026237
1154,0.026566
1155,0.026545
1156,0.026058
1157,0.026373
1158,0.026189
1159,0.026157
1160,0.026227
1161,0.026236
1162,0.026413
1163,0.026293
1164,0.026457
1165,0.026368
1166,0.026477
1167,0.026328
1168,0.026366
1169,0.026199
1170,0.026085
1171,0.026104
1172,0.026146
1173,0.026117
1174,0.026212
1175,0.026000
1176,0.026038
1177,0.026277
1178,0.026322
1179,0.025997
1180,0.026202
1181,0.026248
1182,0.026174
1183,0.026085
1184,0.026219
1185,0.026194
1186,0.026044
1187,0.026301
1188,0.026328
1189,0.026249
1190,0.026149
1191,0.026178
1192,0.026102
1193,0.026236
1194,0.026107
1195,0.026070
1196,0.026150
1197,0.026095
1198,0.026153
1199,0.026121
1200,0.026030
1201,0.026209
1202,0.026160
1203,0.026096
1204,0.026103
1205,0.026200
1206,0.026114
1207,0.026115
1208,0.026105
1209,0.026156
1210,0.026133
1211,0.026050
1212,0.026163
1213,0.026151
1214,0.025950
1215,0.026209
1216,0.026182
1217,0.026181
1218,0.026187
1219,0.026202
1220,0.026064
1221,0.026159
1222,0.026102
1223,0.051879
1224,0.026301
1225,0.026156
1226,0.026151
1227,0.026180
1228,0.068800
1229,0.051879
1230,0.026052
1231,0.025960
1232,0.026163
1233,0.077840
1234,0.026133
1235,0.026128
1236,0.026034
1237,0.026121
1238,0.026169
1239,0.026117
1240,0.026149
1241,0.026173
1242,0.026166
1243,0.026043
1244,0.026163
1245,0.026246
1246,0.026146
1247,0.026126
1248,0.026204
1249,0.026242
1250,0.026138
1251,0.051959
1252,0.026134
1253,0.026176
1254,0.026295
1255,0.026241
1256,0.026107
1257,0.026335
1258,0.026172
1259,0.026155
1260,0.026079
1261,0.026244
1262,0.026094
1263,0.026133
1264,0.026103
1265,0.026127
1266,0.026221
1267,0.026069
1268,0.025959
1269,0.026179
1270,0.026002
1271,0.026174
1272,0.026026
1273,0.026023
1274,0.025984
1275,0.026136
1276,0.026153
1277,0.026162
1278,0.051917
1279,0.026218
1280,0.026038
1281,0.026234
1282,0.026082
1283,0.026055
1284,0.026107
1285,0.026141
1286,0.026133
1287,0.026231
1288,0.026159
1289,0.026165
1290,0.026294
1291,0.026013
1292,0.026142
1293,0.026137
1294,0.026225
1295,0.026143
1296,0.026129
1297,0.026068
1298,0.026280
1299,0.026103
1300,0.026043
1301,0.026218
1302,0.025973
1303,0.026127
1304,0.026096
1305,0.026075
1306,0.026262
1307,0.026056
1308,0.026016
1309,0.026156
1310,0.026100
1311,0.026067
1312,0.026098
1313,0.026156
1314,0.026209
1315,0.026081
1316,0.026264
1317,0.026090
1318,0.026000
1319,0.026119
1320,0.026028
1321,0.026178
1322,0.026133
1323,0.026124
1324,0.026155
1325,0.026138
1326,0.026196
1327,0.026045
1328,0.026074
1329,0.026201
1330,0.026170
1331,0.026190
1332,0.026083
1333,0.026101
1334,0.026151
1335,0.026075
1336,0.026149
1337,0.026305
1338,0.026076
1339,0.026218
1340,0.026061
1341,0.026205
1342,0.026270
1343,0.026101
1344,0.026155
1345,0.026082
1346,0.025991
1347,0.026211
1348,0.026019
1349,0.026150
1350,0.026167
1351,0.026167
1352,0.026132
1353,0.026253
1354,0.026144
1355,0.026090
1356,0.026175
1357,0.026414
1358,0.026138
1359,0.026152
1360,0.025993
1361,0.026222
1362,0.026165
1363,0.026117
1364,0.026191
1365,0.052312
1366,0.052196
1367,0.026126
1368,0.026311
1369,0.026378
1370,0.077953
1371,0.078044
1372,0.052004
1373,0.026185
1374,0.026221
1375,0.026058
1376,0.052173
1377,0.026340
1378,0.026008
1379,0.026240
1380,0.026138
1381,0.078078
1382,0.026163
1383,0.026320
1384,0.026139
1385,0.026085
1386,0.052072
1387,0.026176
1388,0.026056
1389,0.026209
1390,0.026002
1391,0.026107
1392,0.026008
1393,0.026099
1394,0.026083
1395,0.026095
1396,0.052114
1397,0.026189
1398,0.026159
1399,0.026257
1400,0.052027
1401,0.026128
1402,0.026031
1403,0.026089
1404,0.026092
1405,0.026324
1406,0.026260
1407,0.026173
1408,0.026163
1409,0.026098
1410,0.026091
1411,0.026139
1412,0.026100
1413,0.026120
1414,0.026006
1415,0.026304
1416,0.026064
1417,0.026247
1418,0.026181
1419,0.026056
1420,0.026190
1421,0.026174
1422,0.026003
1423,0.026156
1424,0.026062
1425,0.026263
1426,0.026128
1427,0.052151
1428,0.026287
1429,0.026395
1430,0.026153
1431,0.026108
1432,0.026138
1433,0.026092
1434,0.026070
1435,0.025950
1436,0.026224
1437,0.026503
1438,0.026066
1439,0.026332
1440,0.026291
1441,0.026475
1442,0.026412
1443,0.026322
1444,0.026484
1445,0.026211
1446,0.026548
1447,0.026027
1448,0.026158
1449,0.026188
1450,0.026272
1451,0.026563
1452,0.026175
1453,0.026526
1454,0.026345
1455,0.026301
1456,0.026314
1457,0.026298
1458,0.026205
1459,0.026233
1460,0.026565
1461,0.026364
1462,0.026225
1463,0.026379
1464,0.026293
1465,0.026540
1466,0.026153
1467,0.026370
1468,0.026546
1469,0.026268
1470,0.026406
1471,0.026202
1472,0.026235
1473,0.026314
1474,0.025924
1475,0.026355
1476,0.026313
1477,0.026304
1478,0.026201
1479,0.026416
1480,0.026322
1481,0.026354
1482,0.026449
1483,0.026394
1484,0.026375
1485,0.026288
1486,0.026313
1487,0.026413
1488,0.026370
1489,0.026507
1490,0.026243
1491,0.026224
1492,0.026348
1493,0.026485
1494,0.026509
1495,0.026216
1496,0.026489
1497,0.026330
1498,0.026479
1499,0.026565
1500,0.026462
1501,0.026377
1502,0.026204
1503,0.026225
1504,0.026290
1505,0.026264
1506,0.026467
1507,0.026179
1508,0.026526
1509,0.026199
1510,0.026595
1511,0.026072
1512,0.026248
1513,0.026648
1514,0.026348
1515,0.026454
1516,0.026229
1517,0.026296
1518,0.026496
1519,0.026135
1520,0.026342
1521,0.026242
1522,0.026531
1523,0.026347
1524,0.026218
1525,0.026660
1526,0.026312
1527,0.026204
1528,0.026150
1529,0.026377
1530,0.026315
1531,0.026281
1532,0.026174
1533,0.026314
1534,0.026456
1535,0.026372
1536,0.026283
1537,0.026320
1538,0.026081
1539,0.026363
1540,0.026307
1541,0.026569
1542,0.026223
1543,0.026431
1544,0.026293
1545,0.026443
1546,0.026416
1547,0.026187
1548,0.026415
1549,0.026398
1550,0.026311
1551,0.026482
1552,0.026143
1553,0.026259
1554,0.026281
1555,0.026053
1556,0.026343
1557,0.026239
1558,0.026239
1559,0.026303
1560,0.026566
1561,0.026468
1562,0.026237
1563,0.026455
1564,0.026187
1565,0.026396
1566,0.026210
1567,0.026280
1568,0.026564
1569,0.026330
1570,0.026464
1571,0.026405
1572,0.026531
1573,0.026393
1574,0.026431
1575,0.026384
1576,0.026187
1577,0.026427
1578,0.026276
1579,0.026192
1580,0.026608
1581,0.026404
1582,0.026436
1583,0.026119
1584,0.026283
1585,0.026337
1586,0.026367
1587,0.026478
1588,0.026156
1589,0.026653
1590,0.026396
1591,0.026396
1592,0.026426
1593,0.026533
1594,0.026590
1595,0.026354
1596,0.026522
1597,0.026248
1598,0.026235
1599,0.026701
1600,0.026212
1601,0.026399
1602,0.026052
1603,0.026312
1604,0.026186
1605,0.026250
1606,0.026392
1607,0.026086
1608,0.026364
1609,0.026310
1610,0.026467
1611,0.026466
1612,0.026181
1613,0.026449
1614,0.026316
1615,0.026482
1616,0.026356
1617,0.052828
1618,0.026216
1619,0.026279
1620,0.026196
1621,0.026378
1622,0.026545
1623,0.026252
1624,0.026438
1625,0.026320
1626,0.026101
1627,0.026379
1628,0.026297
1629,0.026609
1630,0.026312
1631,0.026433
1632,0.026370
1633,0.026452
1634,0.026467
1635,0.026153
1636,0.026457
1637,0.026411
1638,0.026148
1639,0.026241
1640,0.026310
1641,0.026396
1642,0.026286
1643,0.026139
1644,0.026235
1645,0.026519
1646,0.026247
1647,0.026190
1648,0.026574
1649,0.026167
1650,0.026465
1651,0.026246
1652,0.026376
1653,0.026458
1654,0.026276
1655,0.026619
1656,0.026176
1657,0.026150
1658,0.026223
1659,0.026195
1660,0.026436
1661,0.026390
1662,0.026355
1663,0.026438
1664,0.026558
1665,0.026159
1666,0.026334
1667,0.026482
1668,0.026153
1669,0.026498
1670,0.026318
1671,0.026301
1672,0.026610
1673,0.026166
1674,0.026367
1675,0.026222
1676,0.026476
1677,0.026332
1678,0.026309
1679,0.026364
1680,0.026276
1681,0.026463
1682,0.026471
1683,0.026145
1684,0.026522
1685,0.026450
1686,0.026482
1687,0.026469
1688,0.026431
1689,0.026283
1690,0.026364
1691,0.026419
1692,0.026173
1693,0.026612
1694,0.026188
1695,0.026181
1696,0.026488
1697,0.026292
1698,0.026550
1699,0.026161
1700,0.026264
1701,0.026431
1702,0.026414
1703,0.026452
1704,0.026249
1705,0.026703
1706,0.026294
1707,0.026324
1708,0.026551
1709,0.026530
1710,0.026385
1711,0.026127
1712,0.026202
1713,0.026362
1714,0.026081
1715,0.026417
1716,0.026349
1717,0.026686
1718,0.026290
1719,0.026492
1720,0.026187
1721,0.026309
1722,0.026408
1723,0.026213
1724,0.026599
1725,0.026500
1726,0.026094
1727,0.026515
1728,0.026369
1729,0.026551
1730,0.026225
1731,0.026481
1732,0.026412
1733,0.026196
1734,0.026632
1735,0.026252
1736,0.026529
1737,0.026435
1738,0.026123
1739,0.026509
1740,0.026286
1741,0.026692
1742,0.026203
1743,0.026588
1744,0.026150
1745,0.026204
1746,0.026520
1747,0.026107
1748,0.026288
1749,0.026163
1750,0.026166
1751,0.026511
1752,0.026044
1753,0.026461
1754,0.026122
1755,0.026142
1756,0.025907
1757,0.026211
1758,0.025995
1759,0.026261
1760,0.026119
1761,0.026104
1762,0.026209
1763,0.026020
1764,0.026037
1765,0.026088
1766,0.026368
1767,0.026008
1768,0.026109
1769,0.026159
1770,0.026265
1771,0.025977
1772,0.026057
1773,0.026198
1774,0.026095
1775,0.026057
1776,0.026088
1777,0.026144
1778,0.026258
1779,0.051886
1780,0.026192
1781,0.026248
1782,0.026234
1783,0.026057
1784,0.026291
1785,0.026261
1786,0.026098
1787,0.026212
1788,0.026107
1789,0.026169
1790,0.025980
1791,0.026159
1792,0.026021
1793,0.026265
1794,0.025964
1795,0.026021
1796,0.026140
1797,0.026007
1798,0.026131
1799,0.026073
1800,0.026096
1801,0.026053
1802,0.026093
1803,0.026173
1804,0.026179
1805,0.026065
1806,0.026058
1807,0.026247
1808,0.026137
1809,0.026162
1810,0.026106
1811,0.026341
1812,0.026203
1813,0.026225
1814,0.026101
1815,0.026182
1816,0.026189
1817,0.026071
1818,0.026120
1819,0.026063
1820,0.025989
1821,0.026229
1822,0.025967
1823,0.026226
1824,0.026096
1825,0.026074
1826,0.026209
1827,0.025911
1828,0.026236
1829,0.026254
1830,0.026233
1831,0.026114
1832,0.025998
1833,0.026118
1834,0.026128
1835,0.026085
1836,0.026203
1837,0.026220
1838,0.026192
1839,0.025973
1840,0.026099
1841,0.026154
1842,0.026077
1843,0.026142
1844,0.026140
1845,0.026234
1846,0.026048
1847,0.026207
1848,0.026174
1849,0.026124
1850,0.026122
1851,0.026173
1852,0.026130
1853,0.026039
1854,0.026052
1855,0.026194
1856,0.026117
1857,0.026125
1858,0.026020
1859,0.026116
1860,0.026149
1861,0.026154
1862,0.026101
1863,0.026315
1864,0.026035
1865,0.026422
1866,0.026179
1867,0.026389
1868,0.026463
1869,0.026437
1870,0.026617
1871,0.026248
1872,0.026471
1873,0.026181
1874,0.026178
1875,0.026437
1876,0.026208
1877,0.026393
1878,0.026084
1879,0.026271
1880,0.026371
1881,0.026133
1882,0.026185
1883,0.026095
1884,0.026619
1885,0.026353
1886,0.026195
1887,0.026521
1888,0.026103
1889,0.026399
1890,0.026253
1891,0.026376
1892,0.026239
1893,0.026262
1894,0.026491
1895,0.026327
1896,0.026432
1897,0.026301
1898,0.026317
1899,0.026453
1900,0.026072
1901,0.026674
1902,0.026296
1903,0.026201
1904,0.026296
1905,0.026082
1906,0.026468
1907,0.026018
1908,0.026214
1909,0.026129
1910,0.026310
1911,0.026401
1912,0.026220
1913,0.026490
1914,0.026192
1915,0.026517
1916,0.026265
1917,0.026446
1918,0.026063
1919,0.026238
1920,0.026565
1921,0.026182
1922,0.026328
1923,0.026141
1924,0.026289
1925,0.026449
1926,0.026346
1927,0.026508
1928,0.026468
1929,0.026533
1930,0.026373
1931,0.026268
1932,0.026549
1933,0.026180
1934,0.026202
1935,0.026247
1936,0.026301
1937,0.026420
1938,0.026184
1939,0.026126
1940,0.026275
1941,0.026490
1942,0.026270
1943,0.026336
1944,0.026477
1945,0.026361
1946,0.026582
1947,0.026246
1948,0.026526
1949,0.026121
1950,0.026344
1951,0.026412
1952,0.026177
1953,0.026246
1954,0.026063
1955,0.026382
1956,0.026373
1957,0.026232
1958,0.026509
1959,0.026234
1960,0.026403
1961,0.026378
1962,0.026345
1963,0.026506
1964,0.026344
1965,0.026427
1966,0.026252
1967,0.026384
1968,0.042591
1969,0.026184
1970,0.026328
1971,0.026245
1972,0.026334
1973,0.026216
1974,0.026268
1975,0.026499
1976,0.026225
1977,0.026402
1978,0.026349
1979,0.026278
1980,0.026378
1981,0.026309
1982,0.026190
1983,0.026153
1984,0.026301
1985,0.026247
1986,0.026470
1987,0.026318
1988,0.026186
1989,0.026423
1990,0.026219
1991,0.026388
1992,0.026144
1993,0.026542
1994,0.026684
1995,0.026297
1996,0.026430
1997,0.026637
1998,0.026535
1999,0.026406
2000,0.026152
2001,0.026569
2002,0.026221
2003,0.026358
2004,0.026129
2005,0.026618
2006,0.026401
2007,0.026221
2008,0.026401
2009,0.026265
2010,0.026227
2011,0.026367
2012,0.026360
2013,0.026464
2014,0.026396
2015,0.026582
2016,0.026245
2017,0.026339
2018,0.026117
2019,0.026237
2020,0.026482
2021,0.026043
2022,0.026330
2023,0.026135
2024,0.026262
2025,0.026663
2026,0.026228
2027,0.026581
2028,0.026212
2029,0.026392
2030,0.026252
2031,0.026460
2032,0.026542
2033,0.026289
2034,0.026431
2035,0.026215
2036,0.026246
2037,0.026567
2038,0.026437
2039,0.026475
2040,0.026132
2041,0.026239
2042,0.026374
2043,0.026410
2044,0.026413
2045,0.026368
2046,0.026572
2047,0.026408
2048,0.026292
2049,0.026521
2050,0.026292
2051,0.026256
2052,0.026310
2053,0.026359
2054,0.026227
2055,0.026181
2056,0.026363
2057,0.026098
2058,0.026478
2059,0.026284
2060,0.026545
2061,0.026440
2062,0.026173
2063,0.026515
2064,0.026151
2065,0.026358
2066,0.026145
2067,0.026302
2068,0.026609
2069,0.026307
2070,0.026844
2071,0.027299
2072,0.027122
2073,0.027390
2074,0.026404
2075,0.026306
2076,0.026149
2077,0.026316
2078,0.026520
2079,0.026304
2080,0.026467
2081,0.026228
2082,0.026116
2083,0.026414
2084,0.026340
2085,0.026469
2086,0.026433
2087,0.026393
2088,0.026199
2089,0.026616
2090,0.026172
2091,0.026108
2092,0.026404
2093,0.026119
2094,0.026194
2095,0.026038
2096,0.026219
2097,0.026546
2098,0.026172
2099,0.026663
2100,0.026228
2101,0.026284
2102,0.026263
2103,0.026047
2104,0.026423
2105,0.026063
2106,0.026269
2107,0.025989
2108,0.026426
2109,0.026329
2110,0.026397
2111,0.026455
2112,0.026316
2113,0.026493
2114,0.026321
2115,0.026342
2116,0.026190
2117,0.026329
2118,0.026370
2119,0.026215
2120,0.026528
2121,0.026488
2122,0.026056
2123,0.026477
2124,0.026064
2125,0.026345
2126,0.026206
2127,0.026487
2128,0.026353
2129,0.026591
2130,0.026330
2131,0.026249
2132,0.026221
2133,0.026251
2134,0.026301
2135,0.026505
2136,0.026468
2137,0.026484
2138,0.026015
2139,0.026261
2140,0.026336
2141,0.026099
2142,0.026400
2143,0.026094
2144,0.026311
2145,0.026249
2146,0.026456
2147,0.026274
2148,0.026104
2149,0.026425
2150,0.026259
2151,0.026437
2152,0.026257
2153,0.026511
2154,0.025907
2155,0.026285
2156,0.026589
2157,0.026377
2158,0.026528
2159,0.026210
2160,0.026174
2161,0.026628
2162,0.025987
2163,0.026314
2164,0.026101
2165,0.026118
2166,0.026199
2167,0.026081
2168,0.026468
2169,0.026356
2170,0.026375
2171,0.026226
2172,0.026593
2173,0.026432
2174,0.026221
2175,0.026429
2176,0.026142
2177,0.026285
2178,0.026038
2179,0.026381
2180,0.026454
2181,0.026180
2182,0.026566
2183,0.026224
2184,0.026276
2185,0.026407
2186,0.026283
2187,0.026417
2188,0.026200
2189,0.026586
2190,0.026200
2191,0.026473
2192,0.026162
2193,0.026311
2194,0.026381
2195,0.026122
2196,0.026196
2197,0.026224
2198,0.026207
2199,0.026100
2200,0.026239
2201,0.026444
2202,0.026038
2203,0.026346
2204,0.026063
2205,0.026217
2206,0.026387
2207,0.026155
2208,0.026282
2209,0.026558
2210,0.026451
2211,0.026218
2212,0.026137
2213,0.026379
2214,0.026096
2215,0.026300
2216,0.026270
2217,0.026498
2218,0.026205
2219,0.026332
2220,0.026401
2221,0.026408
2222,0.026510
2223,0.026150
2224,0.026257
2225,0.026464
2226,0.026377
# total_episodes=2226, avg_seconds=0.028293
