# episode_index, seconds
1,0.004669
2,0.002046
3,0.002547
4,0.003787
5,0.003745
6,0.004562
7,0.003288
8,0.003111
9,0.003132
10,0.002500
11,0.003635
12,0.003100
13,0.003112
14,0.003045
15,0.002496
16,0.002498
17,0.003092
18,0.003030
19,0.003687
20,0.003590
21,0.083077
22,0.077635
23,0.130326
24,0.131112
25,0.105086
26,0.105076
27,0.104954
28,0.078155
29,0.078265
30,0.052350
31,0.079191
32,0.078262
33,0.078288
34,0.104118
35,0.104273
36,0.104156
37,0.104492
38,0.078217
39,0.078266
40,0.104281
41,0.104374
42,0.104410
43,0.078630
44,0.078430
45,0.078165
46,0.104228
47,0.104379
48,0.078312
49,0.079163
50,0.078247
51,0.078364
52,0.078386
53,0.104378
54,0.104537
55,0.078147
56,0.078480
57,0.104548
58,0.104229
59,0.078274
60,0.104368
61,0.104532
62,0.104363
63,0.104279
64,0.078541
65,0.078251
66,0.078437
67,0.078249
68,0.078376
69,0.052402
70,0.104508
71,0.078420
72,0.104381
73,0.078628
74,0.078118
75,0.052293
76,0.082739
77,0.104549
78,0.104682
79,0.078290
80,0.078315
81,0.078209
82,0.078560
83,0.104610
84,0.078346
85,0.079217
86,0.105258
87,0.104760
88,0.052495
89,0.078295
90,0.104702
91,0.078414
92,0.052130
93,0.078281
94,0.078258
95,0.078188
96,0.104289
97,0.078409
98,0.078921
99,0.078986
100,0.078281
101,0.078562
102,0.104732
103,0.078852
104,0.078899
105,0.079400
106,0.079056
107,0.080092
108,0.054043
109,0.080863
110,0.080871
111,0.080902
112,0.080825
113,0.053808
114,0.054101
115,0.053852
116,0.080893
117,0.081018
118,0.054351
119,0.053929
120,0.054136
121,0.053448
122,0.053045
123,0.052904
124,0.026464
125,0.079346
126,0.026800
127,0.053320
128,0.052591
129,0.026716
130,0.026513
131,0.052846
132,0.026706
133,0.059253
134,0.026907
135,0.052448
136,0.026711
137,0.052924
138,0.026851
139,0.026610
140,0.027132
141,0.052959
142,0.052834
143,0.052865
144,0.026703
145,0.053324
146,0.052974
147,0.026771
148,0.053506
149,0.054024
150,0.053841
151,0.026821
152,0.054132
153,0.054040
154,0.053935
155,0.027291
156,0.053939
157,0.027052
158,0.053931
159,0.053698
160,0.026288
161,0.026617
162,0.079228
163,0.026465
164,0.052844
165,0.052858
166,0.026706
167,0.053772
168,0.026952
169,0.027405
170,0.026976
171,0.054014
172,0.027133
173,0.027119
174,0.054085
175,0.053974
176,0.027088
177,0.054084
178,0.053597
179,0.026242
180,0.026415
181,0.052497
182,0.026232
183,0.026393
184,0.052129
185,0.026409
186,0.052537
187,0.052305
188,0.052276
189,0.052476
190,0.026165
191,0.026314
192,0.053302
193,0.026507
194,0.026354
195,0.026206
196,0.052281
197,0.052166
198,0.026325
199,0.052589
200,0.026804
201,0.027041
202,0.053455
203,0.026748
204,0.053491
205,0.026964
206,0.026849
207,0.053494
208,0.026972
209,0.053584
210,0.026883
211,0.054010
212,0.027056
213,0.027038
214,0.027271
215,0.026885
216,0.054113
217,0.054063
218,0.027076
219,0.026842
220,0.027182
221,0.026776
222,0.027337
223,0.026992
224,0.027024
225,0.027940
226,0.027312
227,0.026880
228,0.027095
229,0.053691
230,0.026963
231,0.053875
232,0.026980
233,0.027070
234,0.053640
235,0.027087
236,0.026899
237,0.053891
238,0.027066
239,0.026949
240,0.027175
241,0.026976
242,0.053444
243,0.026972
244,0.026926
245,0.027235
246,0.027013
247,0.053809
248,0.026983
249,0.053684
250,0.026998
251,0.026903
252,0.026910
253,0.053375
254,0.027030
255,0.053465
256,0.026970
257,0.026954
258,0.053491
259,0.053429
260,0.026787
261,0.027017
262,0.026800
263,0.027018
264,0.053378
265,0.028673
266,0.026808
267,0.026086
268,0.026435
269,0.026338
270,0.052399
271,0.026705
272,0.026869
273,0.026940
274,0.026824
275,0.026725
276,0.027040
277,0.026762
278,0.026789
279,0.026898
280,0.026818
281,0.026800
282,0.053587
283,0.026802
284,0.026798
285,0.026470
286,0.026387
287,0.026355
288,0.052078
289,0.026420
290,0.026161
291,0.026252
292,0.026483
293,0.026398
294,0.026453
295,0.026632
296,0.026065
297,0.026179
298,0.026317
299,0.026091
300,0.026433
301,0.026215
302,0.026353
303,0.026158
304,0.026315
305,0.026157
306,0.026238
307,0.026188
308,0.026417
309,0.026182
310,0.026248
311,0.026118
312,0.026307
313,0.026206
314,0.026260
315,0.026270
316,0.026736
317,0.026830
318,0.053382
319,0.026972
320,0.026497
321,0.026654
322,0.026729
323,0.026784
324,0.053358
325,0.026839
326,0.026992
327,0.026804
328,0.026910
329,0.053344
330,0.026758
331,0.053310
332,0.026891
333,0.026852
334,0.027021
335,0.026750
336,0.027002
337,0.053471
338,0.026692
339,0.026969
340,0.026728
341,0.079970
342,0.053305
343,0.026751
344,0.080020
345,0.079914
346,0.080089
347,0.079861
348,0.053241
349,0.080085
350,0.079827
351,0.080033
352,0.080012
353,0.079996
354,0.079791
355,0.080002
356,0.079911
357,0.080180
358,0.053063
359,0.053351
360,0.026701
361,0.026928
362,0.026752
363,0.053332
364,0.053415
365,0.027055
366,0.026708
367,0.026926
368,0.053376
369,0.026738
370,0.053435
371,0.053270
372,0.053357
373,0.053361
374,0.053390
375,0.026946
376,0.053361
377,0.026799
378,0.026961
379,0.026689
380,0.026899
381,0.026747
382,0.026868
383,0.026675
384,0.026953
385,0.026826
386,0.026951
387,0.026687
388,0.026896
389,0.026759
390,0.026896
391,0.026757
392,0.026885
393,0.026806
394,0.026756
395,0.026565
396,0.026595
397,0.026130
398,0.026291
399,0.026231
400,0.053148
401,0.026945
402,0.026732
403,0.053434
404,0.026871
405,0.053545
406,0.026649
407,0.053407
408,0.026973
409,0.026742
410,0.026885
411,0.026723
412,0.026908
413,0.053475
414,0.026693
415,0.026874
416,0.053450
417,0.026772
418,0.053314
419,0.053271
420,0.053366
421,0.053387
422,0.026911
423,0.026757
424,0.053397
425,0.027059
426,0.026786
427,0.026739
428,0.026903
429,0.026977
430,0.053099
431,0.026483
432,0.026914
433,0.053503
434,0.026730
435,0.026878
436,0.026743
437,0.026908
438,0.026712
439,0.053336
440,0.026982
441,0.053369
442,0.026683
443,0.053502
444,0.053395
445,0.027011
446,0.053501
447,0.053520
448,0.053661
449,0.053628
450,0.053609
451,0.053526
452,0.080119
453,0.053713
454,0.053604
455,0.053459
456,0.027057
457,0.052781
458,0.052288
459,0.052240
460,0.026448
461,0.026813
462,0.026179
463,0.026386
464,0.052242
465,0.052375
466,0.078029
467,0.053193
468,0.080293
469,0.080279
470,0.079963
471,0.078460
472,0.078594
473,0.078038
474,0.078280
475,0.078512
476,0.103971
477,0.078259
478,0.078589
479,0.078070
480,0.052106
481,0.077925
482,0.052091
483,0.052063
484,0.052053
485,0.052199
486,0.052287
487,0.052110
488,0.051979
489,0.052380
490,0.079622
491,0.053928
492,0.080370
493,0.052610
494,0.052397
495,0.078872
496,0.078818
497,0.079027
498,0.078587
499,0.107060
500,0.080429
501,0.080950
502,0.080886
503,0.080410
504,0.107157
505,0.107181
506,0.107485
507,0.107243
508,0.107215
509,0.080745
510,0.107046
511,0.107631
512,0.080313
513,0.080758
514,0.080452
515,0.080762
516,0.053681
517,0.080911
518,0.053702
519,0.053713
520,0.053646
521,0.053915
522,0.026991
523,0.026883
524,0.027298
525,0.027060
526,0.053884
527,0.027031
528,0.026887
529,0.053925
530,0.027107
531,0.026900
532,0.027292
533,0.027177
534,0.027111
535,0.053761
536,0.026909
537,0.053815
538,0.053694
539,0.027052
540,0.053870
541,0.027100
542,0.027022
543,0.053946
544,0.053633
545,0.053669
546,0.053239
547,0.080330
548,0.080573
549,0.080607
550,0.080953
551,0.080380
552,0.080792
553,0.107243
554,0.079899
555,0.105971
556,0.080652
557,0.107309
558,0.079825
559,0.078927
560,0.078589
561,0.078443
562,0.078486
563,0.078904
564,0.079062
565,0.079383
566,0.078605
567,0.079445
568,0.079290
569,0.054102
570,0.053774
571,0.054157
572,0.053998
573,0.054044
574,0.054002
575,0.027136
576,0.054199
577,0.026803
578,0.026896
579,0.054103
580,0.080321
581,0.080801
582,0.053753
583,0.079649
584,0.078843
585,0.079904
586,0.079536
587,0.079017
588,0.079924
589,0.079842
590,0.079889
591,0.079698
592,0.080104
593,0.053674
594,0.053275
595,0.052689
596,0.053449
597,0.053561
598,0.053464
599,0.053519
600,0.027019
601,0.027332
602,0.026871
603,0.027272
604,0.026965
605,0.027133
606,0.027162
607,0.027055
608,0.026978
609,0.027335
610,0.026881
611,0.027252
612,0.026965
613,0.027158
614,0.026903
615,0.027084
616,0.026851
617,0.027169
618,0.026887
619,0.026930
620,0.026941
621,0.027117
622,0.027063
623,0.026754
624,0.027179
625,0.027259
626,0.053722
627,0.026759
628,0.053685
629,0.026985
630,0.027082
631,0.026943
632,0.026951
633,0.027246
634,0.027005
635,0.027028
636,0.053890
637,0.053739
638,0.053881
639,0.027086
640,0.053985
641,0.027195
642,0.027114
643,0.053598
644,0.027055
645,0.026937
646,0.027329
647,0.053655
648,0.027223
649,0.053933
650,0.027434
651,0.054022
652,0.027151
653,0.054002
654,0.054019
655,0.027294
656,0.027092
657,0.053845
658,0.026938
659,0.026979
660,0.026738
661,0.027175
662,0.053869
663,0.053750
664,0.026872
665,0.054078
666,0.053855
667,0.026961
668,0.053897
669,0.053934
670,0.053851
671,0.053404
672,0.053869
673,0.054022
674,0.053820
675,0.080745
676,0.080668
677,0.053740
678,0.080745
679,0.054018
680,0.080623
681,0.080479
682,0.080716
683,0.079966
684,0.080968
685,0.080745
686,0.080899
687,0.080539
688,0.080216
689,0.080448
690,0.080729
691,0.080544
692,0.080448
693,0.080159
694,0.079896
695,0.080014
696,0.053307
697,0.052834
698,0.052325
699,0.052040
700,0.026362
701,0.026453
702,0.026373
703,0.026227
704,0.026623
705,0.026826
706,0.027011
707,0.026800
708,0.026863
709,0.027039
710,0.026820
711,0.026646
712,0.026700
713,0.026883
714,0.026784
715,0.026927
716,0.026878
717,0.026889
718,0.026809
719,0.026722
720,0.026828
721,0.053530
722,0.026867
723,0.026918
724,0.026969
725,0.026826
726,0.026884
727,0.026951
728,0.026831
729,0.026966
730,0.053404
731,0.027004
732,0.026850
733,0.026908
734,0.026947
735,0.026742
736,0.026798
737,0.053566
738,0.026825
739,0.026916
740,0.026951
741,0.053513
742,0.026839
743,0.026718
744,0.026934
745,0.026964
746,0.053262
747,0.026925
748,0.026753
749,0.053466
750,0.053207
751,0.053351
752,0.079711
753,0.053713
754,0.079720
755,0.053383
756,0.079646
757,0.053487
758,0.080197
759,0.053477
760,0.079966
761,0.079987
762,0.053283
763,0.053177
764,0.053338
765,0.053404
766,0.053459
767,0.053413
768,0.053565
769,0.053333
770,0.080044
771,0.080053
772,0.079849
773,0.079952
774,0.053388
775,0.026773
776,0.053556
777,0.026887
778,0.053434
779,0.053464
780,0.026718
781,0.053360
782,0.026719
783,0.053447
784,0.053221
785,0.026843
786,0.026905
787,0.026685
788,0.026807
789,0.053580
790,0.026730
791,0.026954
792,0.053325
793,0.053353
794,0.026877
795,0.053344
796,0.053422
797,0.026869
798,0.026861
799,0.026758
800,0.033148
801,0.053467
802,0.026147
803,0.026302
804,0.026176
805,0.026277
806,0.026350
807,0.052108
808,0.026778
809,0.027083
810,0.026809
811,0.027161
812,0.026955
813,0.027177
814,0.027252
815,0.026999
816,0.026970
817,0.027285
818,0.026997
819,0.027009
820,0.027123
821,0.027026
822,0.026979
823,0.027049
824,0.026919
825,0.027068
826,0.027103
827,0.026961
828,0.026931
829,0.027126
830,0.026918
831,0.026916
832,0.026984
833,0.026969
834,0.026892
835,0.027107
836,0.026990
837,0.027062
838,0.027046
839,0.026999
840,0.026940
841,0.027073
842,0.026908
843,0.026892
844,0.027055
845,0.026964
846,0.026927
847,0.027089
848,0.053548
849,0.027162
850,0.053590
851,0.027089
852,0.026963
853,0.027127
854,0.027060
855,0.026998
856,0.026857
857,0.053889
858,0.026983
859,0.027081
860,0.026855
861,0.026983
862,0.027111
863,0.053481
864,0.027112
865,0.027031
866,0.053642
867,0.080219
868,0.080521
869,0.053328
870,0.080173
871,0.080413
872,0.080423
873,0.080490
874,0.080373
875,0.080592
876,0.053753
877,0.053761
878,0.053465
879,0.053630
880,0.053597
881,0.053535
882,0.053688
883,0.026981
884,0.027079
885,0.026917
886,0.026868
887,0.026980
888,0.026890
889,0.026878
890,0.027022
891,0.026859
892,0.026942
893,0.027072
894,0.026927
895,0.026757
896,0.026998
897,0.026877
898,0.026961
899,0.026960
900,0.026917
901,0.026981
902,0.027119
903,0.026744
904,0.026921
905,0.027010
906,0.026861
907,0.026874
908,0.026973
909,0.026926
910,0.026932
911,0.026958
912,0.026843
913,0.026866
914,0.027036
915,0.026817
916,0.027836
917,0.028754
918,0.027873
919,0.027368
920,0.028054
921,0.028237
922,0.027143
923,0.027407
924,0.026999
925,0.027049
926,0.027080
927,0.027585
928,0.028356
929,0.029860
930,0.028923
931,0.027978
932,0.028074
933,0.028202
934,0.027254
935,0.027336
936,0.027098
937,0.027342
938,0.027030
939,0.026943
940,0.026883
941,0.027120
942,0.026875
943,0.026963
944,0.027064
945,0.026894
946,0.026765
947,0.027659
948,0.027355
949,0.053776
950,0.026822
951,0.053611
952,0.026905
953,0.042265
954,0.026199
955,0.052267
956,0.026677
957,0.026360
958,0.026291
959,0.026562
960,0.026321
961,0.026662
962,0.026521
963,0.026417
964,0.026600
965,0.052838
966,0.026255
967,0.056331
968,0.056104
969,0.028447
970,0.027492
971,0.027557
972,0.027627
973,0.053430
974,0.027314
975,0.053005
976,0.026277
977,0.026406
978,0.052893
979,0.053767
980,0.027154
981,0.027340
982,0.027977
983,0.054436
984,0.027139
985,0.027153
986,0.053996
987,0.027193
988,0.027039
989,0.027375
990,0.027265
991,0.027070
992,0.027334
993,0.027048
994,0.054038
995,0.027063
996,0.054052
997,0.027053
998,0.054137
999,0.026990
1000,0.053981
1001,0.054062
1002,0.054136
1003,0.053875
1004,0.053731
1005,0.080889
1006,0.080606
1007,0.080799
1008,0.080858
1009,0.080862
1010,0.080988
1011,0.080636
1012,0.080750
1013,0.080818
1014,0.080534
1015,0.080811
1016,0.080646
1017,0.080743
1018,0.080925
1019,0.080828
1020,0.080830
1021,0.053993
1022,0.053898
1023,0.054221
1024,0.054104
1025,0.053997
1026,0.053929
1027,0.054137
1028,0.053835
1029,0.027011
1030,0.053951
1031,0.026906
1032,0.027115
1033,0.027200
1034,0.027013
1035,0.027163
1036,0.027131
1037,0.027121
1038,0.027174
1039,0.027052
1040,0.026961
1041,0.027079
1042,0.027136
1043,0.027050
1044,0.026984
1045,0.027231
1046,0.027228
1047,0.026921
1048,0.027404
1049,0.027320
1050,0.026915
1051,0.027353
1052,0.026409
1053,0.026477
1054,0.026732
1055,0.026338
1056,0.026414
1057,0.026711
1058,0.026576
1059,0.026953
1060,0.026991
1061,0.027271
1062,0.027102
1063,0.027124
1064,0.027014
1065,0.027200
1066,0.027301
1067,0.027256
1068,0.026970
1069,0.027331
1070,0.026985
1071,0.027020
1072,0.027329
1073,0.027144
1074,0.027117
1075,0.027280
1076,0.027004
1077,0.027272
1078,0.027100
1079,0.041693
1080,0.026366
1081,0.026642
1082,0.052844
1083,0.026638
1084,0.026571
1085,0.026425
1086,0.052636
1087,0.026276
1088,0.026570
1089,0.052658
1090,0.052845
1091,0.052682
1092,0.052597
1093,0.052847
1094,0.052662
1095,0.052763
1096,0.079067
1097,0.078687
1098,0.052709
1099,0.078733
1100,0.078755
1101,0.078768
1102,0.078975
1103,0.078388
1104,0.078622
1105,0.078517
1106,0.078646
1107,0.055308
1108,0.052756
1109,0.052788
1110,0.052608
1111,0.052251
1112,0.052412
1113,0.052499
1114,0.052313
1115,0.052786
1116,0.052308
1117,0.052712
1118,0.052477
1119,0.052618
1120,0.052723
1121,0.052744
1122,0.052556
1123,0.052684
1124,0.052491
1125,0.052559
1126,0.052483
1127,0.053052
1128,0.052619
1129,0.078446
1130,0.052316
1131,0.078642
1132,0.078536
1133,0.052526
1134,0.052365
1135,0.078569
1136,0.078891
1137,0.078946
1138,0.078687
1139,0.078899
1140,0.078637
1141,0.078625
1142,0.052542
1143,0.078169
1144,0.078839
1145,0.078646
1146,0.052444
1147,0.052312
1148,0.078414
1149,0.052759
1150,0.052259
1151,0.052251
1152,0.052288
1153,0.052529
1154,0.026488
1155,0.026336
1156,0.052731
1157,0.052560
1158,0.052242
1159,0.026342
1160,0.026201
1161,0.026608
1162,0.052763
1163,0.026362
1164,0.026519
1165,0.026536
1166,0.026193
1167,0.052721
1168,0.052537
1169,0.026342
1170,0.066172
1171,0.054247
1172,0.026195
1173,0.052375
1174,0.026146
1175,0.078473
1176,0.052170
1177,0.052692
1178,0.078464
1179,0.078655
1180,0.078545
1181,0.078617
1182,0.079716
1183,0.053258
1184,0.079140
1185,0.051987
1186,0.052082
1187,0.078253
1188,0.079746
1189,0.079771
1190,0.079637
1191,0.079875
1192,0.079777
1193,0.079844
1194,0.079591
1195,0.026678
1196,0.026854
1197,0.053283
1198,0.026978
1199,0.026701
1200,0.026741
1201,0.026904
1202,0.026751
1203,0.026780
1204,0.026787
1205,0.027007
1206,0.026746
1207,0.026712
1208,0.026874
1209,0.026884
1210,0.026885
1211,0.026720
1212,0.026781
1213,0.026769
1214,0.026918
1215,0.026792
1216,0.026677
1217,0.026762
1218,0.026738
1219,0.026710
1220,0.026783
1221,0.026796
1222,0.026711
1223,0.026913
1224,0.026710
1225,0.026787
1226,0.026773
1227,0.026872
1228,0.026753
1229,0.026812
1230,0.026762
1231,0.026771
1232,0.026553
1233,0.026857
1234,0.026946
1235,0.026802
1236,0.026695
1237,0.027024
1238,0.026834
1239,0.026887
1240,0.026747
1241,0.027143
1242,0.026787
1243,0.026830
1244,0.026886
1245,0.026748
1246,0.026682
1247,0.026824
1248,0.026747
1249,0.026902
1250,0.026756
1251,0.026771
1252,0.026849
1253,0.026877
1254,0.026752
1255,0.026697
1256,0.026831
1257,0.026977
1258,0.026799
1259,0.026719
1260,0.026835
1261,0.026898
1262,0.026876
1263,0.026752
1264,0.026774
1265,0.026943
1266,0.026791
1267,0.026852
1268,0.026831
1269,0.053378
1270,0.026759
1271,0.026861
1272,0.026914
1273,0.026869
1274,0.026812
1275,0.026835
1276,0.026881
1277,0.026895
1278,0.026793
1279,0.053495
1280,0.053394
1281,0.053389
1282,0.080003
1283,0.053412
1284,0.079516
1285,0.079934
1286,0.079789
1287,0.079895
1288,0.079971
1289,0.079998
1290,0.079858
1291,0.079830
1292,0.079997
1293,0.080118
1294,0.079963
1295,0.079850
1296,0.079848
1297,0.080031
1298,0.079950
1299,0.080539
1300,0.080348
1301,0.080644
1302,0.080730
1303,0.080506
1304,0.080440
1305,0.080618
1306,0.080485
1307,0.080732
1308,0.053677
1309,0.080915
1310,0.080639
1311,0.080508
1312,0.080621
1313,0.080502
1314,0.080541
1315,0.080460
1316,0.053930
1317,0.053927
1318,0.054020
1319,0.027067
1320,0.053973
1321,0.053899
1322,0.026975
1323,0.027041
1324,0.027116
1325,0.027035
1326,0.027071
1327,0.026989
1328,0.026925
1329,0.027274
1330,0.026983
1331,0.026969
1332,0.027134
1333,0.027083
1334,0.027099
1335,0.027065
1336,0.027017
1337,0.027388
1338,0.026946
1339,0.026814
1340,0.026966
1341,0.027062
1342,0.027377
1343,0.026995
1344,0.026926
1345,0.027395
1346,0.026977
1347,0.027095
1348,0.027154
1349,0.027146
1350,0.054021
1351,0.026938
1352,0.053893
1353,0.027133
1354,0.027025
1355,0.027122
1356,0.027002
1357,0.027048
1358,0.053862
1359,0.026926
1360,0.053918
1361,0.053573
1362,0.053774
1363,0.027121
1364,0.026837
1365,0.053822
1366,0.053788
1367,0.053563
1368,0.027040
1369,0.027037
1370,0.026897
1371,0.053577
1372,0.027069
1373,0.026938
1374,0.027109
1375,0.027097
1376,0.027068
1377,0.027238
1378,0.026882
1379,0.027071
1380,0.026931
1381,0.026977
1382,0.053727
1383,0.026740
1384,0.027182
1385,0.026890
1386,0.054028
1387,0.026808
1388,0.027062
1389,0.027074
1390,0.027237
1391,0.027113
1392,0.026902
1393,0.053852
1394,0.054044
1395,0.053568
1396,0.027028
1397,0.027117
1398,0.053722
1399,0.026995
1400,0.027139
1401,0.027038
1402,0.026950
1403,0.053605
1404,0.027302
1405,0.026896
1406,0.027074
1407,0.053978
1408,0.053648
# total_episodes=1408, avg_seconds=0.045509
