# episode_index, seconds
1,0.001387
2,0.003218
3,0.002581
4,0.003472
5,0.002488
6,0.002448
7,0.002947
8,0.003546
9,0.003535
10,0.003527
11,0.001374
12,0.002464
13,0.003013
14,0.003587
15,0.002972
16,0.002972
17,0.003597
18,0.002943
19,0.003002
20,0.003507
21,0.000795
22,0.002452
23,0.110462
24,0.106412
25,0.079983
26,0.080304
27,0.080233
28,0.080100
29,0.080165
30,0.080272
31,0.053615
32,0.053724
33,0.080663
34,0.080161
35,0.027066
36,0.080324
37,0.027025
38,0.053519
39,0.080324
40,0.026830
41,0.027043
42,0.027074
43,0.027012
44,0.053646
45,0.080228
46,0.026898
47,0.053628
48,0.053508
49,0.053723
50,0.027016
51,0.106802
52,0.080178
53,0.053590
54,0.026978
55,0.107006
56,0.080213
57,0.027075
58,0.080179
59,0.053876
60,0.069160
61,0.052297
62,0.052353
63,0.026426
64,0.026364
65,0.105066
66,0.078656
67,0.026342
68,0.052334
69,0.053626
70,0.053682
71,0.053874
72,0.080456
73,0.027109
74,0.026924
75,0.026991
76,0.053655
77,0.026334
78,0.052304
79,0.026347
80,0.026354
81,0.026441
82,0.052471
83,0.026325
84,0.026347
85,0.026555
86,0.026286
87,0.026316
88,0.078541
89,0.052530
90,0.026355
91,0.026341
92,0.026306
93,0.078493
94,0.052280
95,0.026376
96,0.026423
97,0.026459
98,0.026370
99,0.026254
100,0.026384
101,0.079521
102,0.027004
103,0.026957
104,0.053752
105,0.027083
106,0.053926
107,0.026980
108,0.027036
109,0.027030
110,0.026989
111,0.027070
112,0.026971
113,0.053734
114,0.027079
115,0.027028
116,0.027136
117,0.026669
118,0.026355
119,0.026447
120,0.026347
121,0.052430
122,0.026320
123,0.026290
124,0.027394
125,0.027228
126,0.052639
127,0.026398
128,0.026415
129,0.026524
130,0.026357
131,0.026354
132,0.026399
133,0.026419
134,0.026260
135,0.026339
136,0.026395
137,0.026407
138,0.026398
139,0.026397
140,0.026412
141,0.026429
142,0.026459
143,0.026265
144,0.026426
145,0.026493
146,0.026314
147,0.026344
148,0.052521
149,0.052513
150,0.026435
151,0.026332
152,0.026307
153,0.026383
154,0.026443
155,0.026326
156,0.026303
157,0.026384
158,0.026421
159,0.052771
160,0.026440
161,0.026401
162,0.026348
163,0.026356
164,0.026254
165,0.026463
166,0.026284
167,0.026269
168,0.026346
169,0.026369
170,0.026320
171,0.026374
172,0.026297
173,0.026450
174,0.026361
175,0.026240
176,0.026330
177,0.026425
178,0.026339
179,0.026203
180,0.026394
181,0.026398
182,0.026319
183,0.026445
184,0.026397
185,0.026540
186,0.026326
187,0.078577
188,0.026381
189,0.026325
190,0.026309
191,0.052383
192,0.078628
193,0.052519
194,0.078632
195,0.052311
196,0.078647
197,0.052505
198,0.052324
199,0.078432
200,0.078601
201,0.052725
202,0.078690
203,0.078476
204,0.052379
205,0.052396
206,0.078685
207,0.078423
208,0.052367
209,0.052419
210,0.052458
211,0.026383
212,0.026455
213,0.026476
214,0.026365
215,0.052403
216,0.052316
217,0.052379
218,0.026254
219,0.052470
220,0.026395
221,0.026398
222,0.026351
223,0.026651
224,0.080311
225,0.027014
226,0.107235
227,0.027089
228,0.053287
229,0.053595
230,0.026991
231,0.027011
232,0.053014
233,0.026618
234,0.026472
235,0.026462
236,0.026439
237,0.026372
238,0.026294
239,0.026346
240,0.026310
241,0.026291
242,0.026367
243,0.026320
244,0.026233
245,0.026413
246,0.026405
247,0.026483
248,0.026429
249,0.026389
250,0.026329
251,0.026161
252,0.026281
253,0.026265
254,0.026312
255,0.052189
256,0.026249
257,0.026506
258,0.026368
259,0.026324
260,0.026394
261,0.026274
262,0.026267
263,0.026413
264,0.026078
265,0.026353
266,0.026307
267,0.026438
268,0.026369
269,0.026247
270,0.026387
271,0.026305
272,0.026265
273,0.026349
274,0.026216
275,0.026389
276,0.026229
277,0.026536
278,0.026282
279,0.026600
280,0.026324
281,0.026394
282,0.026222
283,0.026263
284,0.026446
285,0.026524
286,0.026466
287,0.026462
288,0.026367
289,0.026373
290,0.026275
291,0.026299
292,0.026227
293,0.026907
294,0.027015
295,0.026903
296,0.026939
297,0.027021
298,0.027024
299,0.053594
300,0.026856
301,0.053734
302,0.053827
303,0.026966
304,0.026876
305,0.026863
306,0.053207
307,0.052360
308,0.052354
309,0.026395
310,0.052278
311,0.026243
312,0.026358
313,0.052412
314,0.026207
315,0.026375
316,0.026282
317,0.026409
318,0.026258
319,0.026447
320,0.026356
321,0.052347
322,0.026382
323,0.026416
324,0.026411
325,0.052483
326,0.026221
327,0.052461
328,0.078394
329,0.052591
330,0.052245
331,0.052287
332,0.052525
333,0.026387
334,0.026296
335,0.078230
336,0.052320
337,0.026435
338,0.052321
339,0.026448
340,0.026363
341,0.026259
342,0.026261
343,0.052354
344,0.052563
345,0.026311
346,0.052235
347,0.026365
348,0.026242
349,0.026454
350,0.026374
351,0.026288
352,0.026254
353,0.026300
354,0.026365
355,0.026887
356,0.053735
357,0.027065
358,0.026945
359,0.026951
360,0.026919
361,0.027082
362,0.026900
363,0.027002
364,0.026948
365,0.026991
366,0.053607
367,0.026845
368,0.026757
369,0.026743
370,0.053500
371,0.026904
372,0.026324
373,0.026339
374,0.026269
375,0.052237
376,0.026289
377,0.052603
378,0.078729
379,0.026465
380,0.078502
381,0.026497
382,0.078843
383,0.104823
384,0.078620
385,0.052531
386,0.052696
387,0.026438
388,0.052493
389,0.026405
390,0.026475
391,0.026264
392,0.026390
393,0.026459
394,0.052304
395,0.078608
396,0.027031
397,0.054039
398,0.026924
399,0.026897
400,0.027111
401,0.027080
402,0.026968
403,0.026496
404,0.026382
405,0.055659
406,0.053039
407,0.026878
408,0.026301
409,0.026636
410,0.026764
411,0.026937
412,0.026977
413,0.027029
414,0.026941
415,0.027017
416,0.026834
417,0.027055
418,0.026941
419,0.027028
420,0.027009
421,0.026891
422,0.026914
423,0.026998
424,0.027016
425,0.026784
426,0.053394
427,0.026874
428,0.026911
429,0.026929
430,0.026980
431,0.026821
432,0.027030
433,0.027037
434,0.026894
435,0.026859
436,0.026905
437,0.027062
438,0.026919
439,0.026987
440,0.026918
441,0.027022
442,0.026841
443,0.026964
444,0.026935
445,0.027188
446,0.027019
447,0.026935
448,0.026814
449,0.026903
450,0.026987
451,0.026911
452,0.026899
453,0.026927
454,0.026806
455,0.027083
456,0.026924
457,0.026976
458,0.026831
459,0.026846
460,0.026884
461,0.026993
462,0.027023
463,0.027025
464,0.026882
465,0.026876
466,0.026841
467,0.026862
468,0.026916
469,0.027026
470,0.026876
471,0.027008
472,0.053559
473,0.026923
474,0.026840
475,0.026916
476,0.026909
477,0.026997
478,0.026915
479,0.027011
480,0.026920
481,0.027069
482,0.026951
483,0.026558
484,0.026844
485,0.026948
486,0.027061
487,0.026877
488,0.026938
489,0.026937
490,0.026914
491,0.026891
492,0.026971
493,0.026934
494,0.026978
495,0.053542
496,0.030836
497,0.079007
498,0.078230
499,0.078288
500,0.078273
501,0.078404
502,0.104263
503,0.078126
504,0.078263
505,0.104265
506,0.078213
507,0.078089
508,0.104140
509,0.079178
510,0.106156
511,0.080181
512,0.106868
513,0.078823
514,0.104204
515,0.078412
516,0.078209
517,0.104364
518,0.104225
519,0.104220
520,0.104118
521,0.104465
522,0.104132
523,0.104196
524,0.104241
525,0.104422
526,0.104158
527,0.078137
528,0.078134
529,0.078344
530,0.078181
531,0.104408
532,0.080073
533,0.080265
534,0.106749
535,0.080286
536,0.106720
537,0.080172
538,0.080277
539,0.053434
540,0.053459
541,0.053561
542,0.053750
543,0.079963
544,0.053518
545,0.026923
546,0.026853
547,0.053495
548,0.026892
549,0.027050
550,0.053405
551,0.052486
552,0.026191
553,0.052262
554,0.052183
555,0.026407
556,0.026204
557,0.026263
558,0.052387
559,0.026244
560,0.052285
561,0.026385
562,0.026268
563,0.052176
564,0.026214
565,0.026449
566,0.052269
567,0.026507
568,0.078226
569,0.026279
570,0.026701
571,0.078782
572,0.026343
573,0.026301
574,0.078306
575,0.052418
576,0.078451
577,0.078851
578,0.078591
579,0.026889
580,0.026822
581,0.026788
582,0.080173
583,0.053576
584,0.026888
585,0.027023
586,0.026864
587,0.027005
588,0.027115
589,0.027102
590,0.080873
591,0.027137
592,0.107815
593,0.027351
594,0.027254
595,0.027058
596,0.026393
597,0.026645
598,0.026620
599,0.026426
600,0.026625
601,0.026320
602,0.107237
603,0.026836
604,0.027303
605,0.027162
606,0.027121
607,0.027305
608,0.027117
609,0.027088
610,0.027395
611,0.027010
612,0.027288
613,0.027232
614,0.026843
615,0.027236
616,0.026998
617,0.027127
618,0.027422
619,0.027214
620,0.107603
621,0.079192
622,0.052977
623,0.079944
624,0.079306
625,0.078907
626,0.079129
627,0.052911
628,0.052738
629,0.026856
630,0.026306
631,0.026709
632,0.052606
633,0.052492
634,0.026600
635,0.026551
636,0.026603
637,0.026435
638,0.053086
639,0.026352
640,0.052928
641,0.078883
642,0.026897
643,0.052530
644,0.026794
645,0.078749
646,0.078988
647,0.053083
648,0.078732
649,0.026612
650,0.026206
651,0.079121
652,0.079017
653,0.079316
654,0.078720
655,0.052736
656,0.053013
657,0.052653
658,0.052629
659,0.052792
660,0.052601
661,0.052923
662,0.026728
663,0.052690
664,0.052819
665,0.052998
666,0.052628
667,0.052707
668,0.052868
669,0.052507
670,0.026431
671,0.052483
672,0.052814
673,0.052429
674,0.026667
675,0.026411
676,0.052659
677,0.052629
678,0.026378
679,0.026680
680,0.026562
681,0.043784
682,0.025994
683,0.026245
684,0.026415
685,0.026413
686,0.026654
687,0.026330
688,0.026463
689,0.026705
690,0.026501
691,0.026385
692,0.026348
693,0.026434
694,0.026747
695,0.026620
696,0.027386
697,0.027151
698,0.054023
699,0.027053
700,0.027337
701,0.027306
702,0.027061
703,0.027204
704,0.027238
705,0.027051
706,0.027144
707,0.027108
708,0.027283
709,0.027388
710,0.027019
711,0.027111
712,0.027192
713,0.027330
714,0.027200
715,0.026927
716,0.026855
717,0.027227
718,0.026839
719,0.027449
720,0.026982
721,0.027221
722,0.027391
723,0.026865
724,0.026768
725,0.027300
726,0.027339
727,0.027316
728,0.027210
729,0.027091
730,0.027278
731,0.027029
732,0.027071
733,0.027311
734,0.027003
735,0.027140
736,0.026926
737,0.027270
738,0.026976
739,0.027030
740,0.027027
741,0.027319
742,0.026939
743,0.027222
744,0.054099
745,0.027184
746,0.027039
747,0.026980
748,0.027187
749,0.053915
750,0.027291
751,0.054017
752,0.026982
753,0.054279
754,0.026764
755,0.053904
756,0.080932
757,0.080559
758,0.080823
759,0.081009
760,0.080752
761,0.080596
762,0.080852
763,0.080669
764,0.054329
765,0.054118
766,0.053948
767,0.027127
768,0.054172
769,0.054560
770,0.054140
771,0.027177
772,0.054132
773,0.027221
774,0.027381
775,0.027252
776,0.027211
777,0.053844
778,0.027366
779,0.027109
780,0.027044
781,0.027329
782,0.026916
783,0.054169
784,0.027009
785,0.027108
786,0.027105
787,0.027106
788,0.027172
789,0.027035
790,0.027338
791,0.027367
792,0.027092
793,0.027379
794,0.027115
795,0.026971
796,0.027117
797,0.027036
798,0.027265
799,0.027213
800,0.027070
801,0.027299
802,0.027056
803,0.027013
804,0.027226
805,0.027022
806,0.027337
807,0.027238
808,0.026832
809,0.026940
810,0.053855
811,0.027353
812,0.027134
813,0.027434
814,0.027149
815,0.027084
816,0.027339
817,0.027079
818,0.026998
819,0.027309
820,0.053735
821,0.054129
822,0.054128
823,0.054058
824,0.054255
825,0.054184
826,0.054182
827,0.080215
828,0.078543
829,0.079550
830,0.078800
831,0.078837
832,0.052645
833,0.079244
834,0.079160
835,0.052639
836,0.052809
837,0.052507
838,0.026480
839,0.053402
840,0.027322
841,0.054087
842,0.027248
843,0.054086
844,0.053961
845,0.027507
846,0.053913
847,0.053911
848,0.054187
849,0.054121
850,0.026842
851,0.026910
852,0.054062
853,0.027363
854,0.027357
855,0.027179
856,0.027292
857,0.054142
858,0.027112
859,0.027109
860,0.027259
861,0.027409
862,0.027172
863,0.027139
864,0.027287
865,0.027159
866,0.027279
867,0.027154
868,0.027259
869,0.027420
870,0.027144
871,0.027432
872,0.027451
873,0.027256
874,0.027137
875,0.027210
876,0.027040
877,0.027541
878,0.027135
879,0.027161
880,0.027409
881,0.027287
882,0.027412
883,0.027392
884,0.027263
885,0.026884
886,0.027069
887,0.027059
888,0.027216
889,0.026744
890,0.026642
891,0.026521
892,0.026417
893,0.026773
894,0.026509
895,0.026349
896,0.026431
897,0.026608
898,0.026702
899,0.026435
900,0.026680
901,0.026549
902,0.026237
903,0.026733
904,0.026522
905,0.026467
906,0.026399
907,0.026498
908,0.026720
909,0.026539
910,0.026760
911,0.026434
912,0.026702
913,0.026611
914,0.026423
915,0.052483
916,0.026260
917,0.052527
918,0.026538
919,0.026283
920,0.052667
921,0.052614
922,0.078814
923,0.078631
924,0.052580
925,0.052509
926,0.052710
927,0.026402
928,0.026440
929,0.052483
930,0.026380
931,0.026538
932,0.026661
933,0.026477
934,0.026421
935,0.026284
936,0.026664
937,0.052358
938,0.026415
939,0.026459
940,0.026538
941,0.026436
942,0.026494
943,0.026270
944,0.026163
945,0.026446
946,0.026156
947,0.026605
948,0.026283
949,0.026364
950,0.026461
951,0.026449
952,0.026473
953,0.026599
954,0.026560
955,0.026634
956,0.026318
957,0.026674
958,0.026268
959,0.052641
960,0.026439
961,0.026493
962,0.026507
963,0.026391
964,0.026309
965,0.026263
966,0.026702
967,0.026210
968,0.026445
969,0.026293
970,0.026568
971,0.026288
972,0.026422
973,0.043518
974,0.026114
975,0.026489
976,0.026352
977,0.026339
978,0.026555
979,0.026073
980,0.026492
981,0.026467
982,0.026697
983,0.026223
984,0.026450
985,0.026397
986,0.026289
987,0.026493
988,0.026354
989,0.026209
990,0.026822
991,0.026382
992,0.026637
993,0.026317
994,0.026390
995,0.026489
996,0.026379
997,0.026531
998,0.026263
999,0.026233
1000,0.026367
1001,0.026458
1002,0.026622
1003,0.026283
1004,0.026615
1005,0.026170
1006,0.026422
1007,0.026423
1008,0.026421
1009,0.026504
1010,0.052336
1011,0.052750
1012,0.026591
1013,0.052751
1014,0.026298
1015,0.052379
1016,0.052513
1017,0.026353
1018,0.026344
1019,0.052259
1020,0.026478
1021,0.026247
1022,0.026675
1023,0.026095
1024,0.026314
1025,0.052228
1026,0.026495
1027,0.026186
1028,0.026277
1029,0.052702
1030,0.052528
1031,0.026703
1032,0.052504
1033,0.026251
1034,0.052747
1035,0.026233
1036,0.026448
1037,0.026390
1038,0.026165
1039,0.026377
1040,0.026063
1041,0.026533
1042,0.051995
1043,0.026155
1044,0.026197
1045,0.026181
1046,0.026160
1047,0.052025
1048,0.026018
1049,0.026368
1050,0.026150
1051,0.026212
1052,0.026123
1053,0.026350
1054,0.026174
1055,0.026250
1056,0.026187
1057,0.026321
1058,0.026201
1059,0.026282
1060,0.052070
1061,0.052147
1062,0.026122
1063,0.026273
1064,0.052319
1065,0.026181
1066,0.026312
1067,0.026091
1068,0.026251
1069,0.026132
1070,0.026241
1071,0.026129
1072,0.026211
1073,0.026142
1074,0.026211
1075,0.026199
1076,0.026271
1077,0.026185
1078,0.026213
1079,0.026155
1080,0.052111
1081,0.026330
1082,0.026117
1083,0.026225
1084,0.052488
1085,0.026552
1086,0.052525
1087,0.052449
1088,0.026596
1089,0.026383
1090,0.026619
1091,0.026244
1092,0.026612
1093,0.052355
1094,0.026495
1095,0.026281
1096,0.052392
1097,0.078582
1098,0.078978
1099,0.078674
1100,0.078639
1101,0.078584
1102,0.078756
1103,0.078348
1104,0.078553
1105,0.078577
1106,0.052315
1107,0.052641
1108,0.078495
1109,0.052299
1110,0.078705
1111,0.052205
1112,0.052342
1113,0.078859
1114,0.094720
1115,0.052624
1116,0.078738
1117,0.026211
1118,0.052154
1119,0.052560
1120,0.026398
1121,0.026303
1122,0.026617
1123,0.026304
1124,0.026417
1125,0.026493
1126,0.026323
1127,0.026428
1128,0.026503
1129,0.026488
1130,0.026431
1131,0.026510
1132,0.026676
1133,0.026654
1134,0.026453
1135,0.026680
1136,0.026210
1137,0.026570
1138,0.026205
1139,0.026639
1140,0.026285
1141,0.026681
1142,0.026632
1143,0.026350
1144,0.026589
1145,0.026444
1146,0.052652
1147,0.026244
1148,0.026545
1149,0.026428
1150,0.026614
1151,0.026493
1152,0.026198
1153,0.026587
1154,0.026329
1155,0.026297
1156,0.026423
1157,0.026325
1158,0.026483
1159,0.026273
1160,0.026564
1161,0.026275
1162,0.026408
1163,0.026504
1164,0.026454
1165,0.052672
1166,0.026249
1167,0.026546
1168,0.026334
1169,0.026680
1170,0.026285
1171,0.026633
1172,0.026212
1173,0.026498
1174,0.026461
1175,0.026366
1176,0.026380
1177,0.026474
1178,0.052693
1179,0.026405
1180,0.026563
1181,0.026317
1182,0.052259
1183,0.026405
1184,0.026466
1185,0.026416
1186,0.026543
1187,0.026225
1188,0.026230
1189,0.026508
1190,0.026315
1191,0.026545
1192,0.026305
1193,0.026670
1194,0.026046
1195,0.026423
1196,0.026576
1197,0.026586
1198,0.052371
1199,0.026235
1200,0.026402
1201,0.026406
1202,0.026514
1203,0.026248
1204,0.052762
1205,0.026580
1206,0.026488
1207,0.026581
1208,0.026322
1209,0.026518
1210,0.026547
1211,0.026610
1212,0.026293
1213,0.052602
1214,0.052340
1215,0.026459
1216,0.052542
1217,0.026526
1218,0.052460
1219,0.078678
1220,0.026292
1221,0.052539
1222,0.052722
1223,0.052696
1224,0.052685
1225,0.026486
1226,0.052306
1227,0.026246
1228,0.026520
1229,0.026375
1230,0.026617
1231,0.026400
1232,0.052789
1233,0.026609
1234,0.026557
1235,0.052307
1236,0.026275
1237,0.052643
1238,0.026325
1239,0.026649
1240,0.026311
1241,0.026580
1242,0.026501
1243,0.026481
1244,0.026490
1245,0.052516
1246,0.026694
1247,0.026364
1248,0.026659
1249,0.026327
1250,0.026686
1251,0.026299
1252,0.026524
1253,0.052661
1254,0.052584
1255,0.026415
1256,0.026570
1257,0.026292
1258,0.026522
1259,0.026337
1260,0.026677
1261,0.026294
1262,0.026405
1263,0.026499
1264,0.026474
1265,0.026495
1266,0.026577
1267,0.026385
1268,0.026656
1269,0.026442
1270,0.026539
1271,0.026146
1272,0.026533
1273,0.069386
1274,0.026462
1275,0.026410
1276,0.026497
1277,0.026420
1278,0.026319
1279,0.026610
1280,0.026170
1281,0.026487
1282,0.026185
1283,0.026434
1284,0.026500
1285,0.026467
1286,0.026402
1287,0.026411
1288,0.026488
1289,0.026562
1290,0.026291
1291,0.026594
1292,0.026507
1293,0.026596
1294,0.026386
1295,0.026481
1296,0.026631
1297,0.026581
1298,0.026234
1299,0.026288
1300,0.026328
1301,0.026591
1302,0.026426
1303,0.026457
1304,0.026341
1305,0.026731
1306,0.026354
1307,0.026429
1308,0.026465
1309,0.026370
1310,0.026523
1311,0.026495
1312,0.026141
1313,0.026700
1314,0.026240
1315,0.026684
1316,0.026316
1317,0.026690
1318,0.026455
1319,0.026394
1320,0.026492
1321,0.026245
1322,0.026165
1323,0.026418
1324,0.026327
1325,0.026693
1326,0.026256
1327,0.026526
1328,0.026231
1329,0.026493
1330,0.026520
1331,0.026445
1332,0.026443
1333,0.026466
1334,0.026520
1335,0.026389
1336,0.026320
1337,0.026728
1338,0.026183
1339,0.026644
1340,0.026380
1341,0.026314
1342,0.026451
1343,0.026481
1344,0.026485
1345,0.026509
1346,0.026512
1347,0.026269
1348,0.026348
1349,0.026620
1350,0.026288
1351,0.026362
1352,0.026465
1353,0.026510
1354,0.026613
1355,0.026355
1356,0.026372
1357,0.026342
1358,0.026266
1359,0.026596
1360,0.026274
1361,0.026598
1362,0.026288
1363,0.026597
1364,0.026275
1365,0.026547
1366,0.026429
1367,0.026345
1368,0.026316
1369,0.026272
1370,0.026380
1371,0.026589
1372,0.026305
1373,0.052474
1374,0.026526
1375,0.052713
1376,0.026501
1377,0.052780
1378,0.026310
1379,0.026379
1380,0.026503
1381,0.026362
1382,0.026551
1383,0.026348
1384,0.026664
1385,0.026456
1386,0.026485
1387,0.026432
1388,0.026300
1389,0.026620
1390,0.026581
1391,0.026345
1392,0.026761
1393,0.026366
1394,0.026559
1395,0.026224
1396,0.026394
1397,0.026547
1398,0.026426
1399,0.026378
1400,0.026446
1401,0.026584
1402,0.026490
1403,0.026353
1404,0.026544
1405,0.026252
1406,0.026667
1407,0.026319
1408,0.026321
1409,0.026628
1410,0.026446
1411,0.026565
1412,0.026395
1413,0.026426
1414,0.026711
1415,0.026432
1416,0.026555
1417,0.026344
1418,0.026674
1419,0.026352
1420,0.026543
1421,0.026532
1422,0.026450
1423,0.026524
1424,0.026423
1425,0.026406
1426,0.026580
1427,0.026334
1428,0.026685
1429,0.026259
1430,0.026385
1431,0.026490
1432,0.026504
1433,0.026385
1434,0.026473
1435,0.026560
1436,0.026436
1437,0.026455
1438,0.026633
1439,0.026073
1440,0.026662
1441,0.026528
1442,0.026270
1443,0.026289
1444,0.026439
1445,0.026642
1446,0.026511
1447,0.026359
1448,0.026591
1449,0.026357
1450,0.026660
1451,0.026107
1452,0.026312
1453,0.026366
1454,0.026452
1455,0.026485
1456,0.026432
1457,0.026470
1458,0.042258
1459,0.026256
1460,0.026372
1461,0.026315
1462,0.026652
1463,0.026133
1464,0.026423
1465,0.026364
1466,0.026411
1467,0.026458
1468,0.026318
1469,0.026321
1470,0.026442
1471,0.026545
1472,0.026452
1473,0.026348
1474,0.026617
1475,0.026305
1476,0.026567
1477,0.026412
1478,0.026276
1479,0.026470
1480,0.026371
1481,0.026555
1482,0.026396
1483,0.026454
1484,0.026279
1485,0.026388
1486,0.026657
1487,0.026265
1488,0.026391
1489,0.026421
1490,0.026469
1491,0.026417
1492,0.026442
1493,0.026462
1494,0.026346
1495,0.026344
1496,0.026588
1497,0.026523
1498,0.026496
1499,0.026290
1500,0.026681
1501,0.026385
1502,0.026513
1503,0.026476
1504,0.026215
1505,0.026529
1506,0.026429
1507,0.026220
1508,0.026449
1509,0.026369
1510,0.026581
1511,0.026300
1512,0.026571
1513,0.026101
1514,0.026384
1515,0.026519
1516,0.026224
1517,0.052738
1518,0.026347
1519,0.026528
1520,0.026416
1521,0.026683
1522,0.052747
1523,0.052298
1524,0.052569
1525,0.052468
1526,0.052180
1527,0.052691
1528,0.078214
1529,0.078383
1530,0.078670
1531,0.078653
1532,0.078591
1533,0.078782
1534,0.078563
1535,0.078318
1536,0.078578
1537,0.078810
1538,0.104513
1539,0.078692
1540,0.078465
1541,0.078621
1542,0.078772
1543,0.052671
1544,0.078773
1545,0.052496
1546,0.052459
1547,0.078803
1548,0.052331
1549,0.052550
1550,0.052344
1551,0.052582
1552,0.052747
1553,0.078768
1554,0.052694
1555,0.078790
1556,0.052461
1557,0.052404
1558,0.052597
1559,0.052449
1560,0.052440
1561,0.052756
1562,0.052518
1563,0.052475
1564,0.052460
1565,0.053144
1566,0.052829
1567,0.052496
1568,0.052992
1569,0.052793
1570,0.052720
1571,0.052841
1572,0.052793
1573,0.052941
1574,0.052895
1575,0.043750
1576,0.026292
1577,0.026304
1578,0.026764
1579,0.026505
1580,0.026684
1581,0.026560
1582,0.026378
1583,0.026684
1584,0.026420
1585,0.026616
1586,0.026421
1587,0.026475
1588,0.026453
1589,0.026556
1590,0.026645
1591,0.026539
1592,0.026452
1593,0.026791
1594,0.026394
1595,0.026430
1596,0.026335
1597,0.026802
1598,0.026376
1599,0.026475
1600,0.026456
1601,0.026607
1602,0.026399
1603,0.026525
1604,0.026428
1605,0.026828
1606,0.026282
1607,0.052466
1608,0.026540
1609,0.052946
1610,0.052502
1611,0.052558
1612,0.078813
1613,0.079304
1614,0.078641
1615,0.052608
1616,0.078750
1617,0.078372
1618,0.026535
1619,0.052687
1620,0.079006
1621,0.079272
1622,0.052912
1623,0.052579
1624,0.026267
1625,0.026532
1626,0.052592
1627,0.078288
1628,0.026319
1629,0.052431
1630,0.026109
1631,0.026504
1632,0.026315
1633,0.052388
1634,0.026236
1635,0.026396
1636,0.026411
1637,0.026368
1638,0.026292
1639,0.026350
1640,0.026282
1641,0.026431
1642,0.026316
1643,0.026339
1644,0.026285
1645,0.026392
1646,0.026225
1647,0.026279
1648,0.026298
1649,0.026459
1650,0.026355
1651,0.026401
1652,0.026259
1653,0.026464
1654,0.026256
1655,0.026507
1656,0.026147
1657,0.026449
1658,0.026264
1659,0.026237
1660,0.026431
1661,0.026330
1662,0.026341
1663,0.026356
1664,0.026399
1665,0.026441
1666,0.026235
1667,0.026411
1668,0.026291
1669,0.026437
1670,0.026345
1671,0.026313
1672,0.026282
1673,0.026391
1674,0.026285
1675,0.026432
1676,0.026443
1677,0.026383
1678,0.026232
1679,0.026259
1680,0.026184
1681,0.026466
1682,0.026327
1683,0.052477
1684,0.026402
1685,0.026402
1686,0.026356
1687,0.026327
1688,0.026242
1689,0.026320
1690,0.052350
1691,0.026311
1692,0.026315
1693,0.026423
1694,0.052357
1695,0.026318
1696,0.026353
1697,0.052302
1698,0.052467
1699,0.052317
1700,0.026345
1701,0.052349
1702,0.052293
1703,0.052310
1704,0.052431
1705,0.026514
1706,0.052317
1707,0.052426
1708,0.052330
1709,0.026356
1710,0.026431
1711,0.052347
1712,0.026330
1713,0.052566
1714,0.026359
1715,0.052448
1716,0.052338
1717,0.026352
1718,0.052433
1719,0.026297
1720,0.028115
1721,0.026410
1722,0.026310
1723,0.026349
1724,0.026258
1725,0.026461
1726,0.026238
1727,0.026255
1728,0.026293
1729,0.026285
1730,0.026336
1731,0.026350
1732,0.026498
1733,0.026455
1734,0.026319
1735,0.026477
1736,0.026276
1737,0.026382
1738,0.026265
1739,0.026387
1740,0.026263
1741,0.026411
1742,0.026272
1743,0.026356
1744,0.026308
1745,0.026404
1746,0.026322
1747,0.026364
1748,0.026239
1749,0.026336
1750,0.026292
1751,0.026340
1752,0.026245
1753,0.026349
1754,0.026266
1755,0.026291
1756,0.026293
1757,0.026326
1758,0.026329
# total_episodes=1758, avg_seconds=0.036253
