# episode_index, seconds
1,0.001447
2,0.003802
3,0.000702
4,0.002734
5,0.000785
6,0.001309
7,0.003998
8,0.001830
9,0.001517
10,0.000795
11,0.000758
12,0.000745
13,0.001913
14,0.000726
15,0.003414
16,0.001258
17,0.001855
18,0.000702
19,0.001814
20,0.002321
21,0.000746
22,0.000713
23,0.001273
24,0.000693
25,0.000738
26,0.002345
27,0.000706
28,0.000688
29,0.000719
30,0.000694
31,0.000688
32,0.003322
33,0.002312
34,0.002305
35,0.003374
36,0.001227
37,0.000754
38,0.002854
39,0.001778
40,0.002887
41,0.064556
42,0.025778
43,0.076167
44,0.025923
45,0.026177
46,0.077051
47,0.076871
48,0.052147
49,0.027039
50,0.025941
51,0.025840
52,0.025833
53,0.025834
54,0.025775
55,0.025794
56,0.025790
57,0.025865
58,0.025998
59,0.025914
60,0.025757
61,0.025921
62,0.025799
63,0.025812
64,0.025801
65,0.025890
66,0.025808
67,0.025822
68,0.025775
69,0.025840
70,0.025980
71,0.025701
72,0.026194
73,0.025792
74,0.026008
75,0.025943
76,0.026010
77,0.026004
78,0.026109
79,0.025889
80,0.025956
81,0.026149
82,0.025789
83,0.025939
84,0.025980
85,0.025942
86,0.025828
87,0.025992
88,0.026207
89,0.025723
90,0.051636
91,0.025965
92,0.025798
93,0.025933
94,0.025940
95,0.025829
96,0.025819
97,0.025874
98,0.025891
99,0.026066
100,0.025820
101,0.025882
102,0.025973
103,0.025832
104,0.025915
105,0.128670
106,0.025868
107,0.025917
108,0.051484
109,0.103093
110,0.025828
111,0.077176
112,0.051485
113,0.051554
114,0.051423
115,0.051367
116,0.051380
117,0.077096
118,0.051467
119,0.077138
120,0.025837
121,0.051610
122,0.051581
123,0.025787
124,0.051468
125,0.025938
126,0.025807
127,0.025823
128,0.025847
129,0.025960
130,0.026019
131,0.025896
132,0.025905
133,0.025886
134,0.025805
135,0.025824
136,0.025849
137,0.025851
138,0.025812
139,0.025879
140,0.025815
141,0.051606
142,0.025735
143,0.025848
144,0.025793
145,0.025924
146,0.025814
147,0.025824
148,0.025951
149,0.026058
150,0.025794
151,0.025896
152,0.025888
153,0.025906
154,0.025793
155,0.025826
156,0.025788
157,0.025911
158,0.025928
159,0.025865
160,0.025778
161,0.025949
162,0.025821
163,0.025882
164,0.025764
165,0.025905
166,0.025774
167,0.025993
168,0.025814
169,0.026021
170,0.025848
171,0.025871
172,0.025899
173,0.025849
174,0.025823
175,0.025856
176,0.025886
177,0.025873
178,0.025785
179,0.025823
180,0.025885
181,0.025880
182,0.025698
183,0.025781
184,0.025786
185,0.025918
186,0.025924
187,0.025988
188,0.025797
189,0.025942
190,0.025944
191,0.025877
192,0.025959
193,0.025836
194,0.025994
195,0.025942
196,0.025894
197,0.025976
198,0.025867
199,0.026022
200,0.025957
201,0.025850
202,0.026014
203,0.026064
204,0.025921
205,0.026102
206,0.025908
207,0.025897
208,0.025971
209,0.025972
210,0.025819
211,0.025940
212,0.025919
213,0.025899
214,0.025971
215,0.025820
216,0.026111
217,0.027046
218,0.026395
219,0.026061
220,0.026069
221,0.025906
222,0.025917
223,0.025941
224,0.026035
225,0.026049
226,0.025740
227,0.025882
228,0.025881
229,0.025987
230,0.026044
231,0.025839
232,0.025789
233,0.026003
234,0.025911
235,0.025797
236,0.026062
237,0.026004
238,0.025897
239,0.025956
240,0.025963
241,0.026111
242,0.025864
243,0.025852
244,0.025998
245,0.026008
246,0.025996
247,0.025986
248,0.025850
249,0.025889
250,0.025881
251,0.026050
252,0.025950
253,0.026007
254,0.026006
255,0.026038
256,0.026281
257,0.026053
258,0.025950
259,0.026035
260,0.026036
261,0.026029
262,0.025842
263,0.025976
264,0.051694
265,0.026030
266,0.026015
267,0.025932
268,0.025849
269,0.026022
270,0.025900
271,0.025892
272,0.025898
273,0.026016
274,0.025914
275,0.025970
276,0.025960
277,0.025984
278,0.025935
279,0.025947
280,0.026170
281,0.026243
282,0.026142
283,0.025989
284,0.026013
285,0.025993
286,0.025814
287,0.025859
288,0.026031
289,0.026135
290,0.025963
291,0.026012
292,0.025832
293,0.026008
294,0.025951
295,0.025864
296,0.025980
297,0.026169
298,0.025950
299,0.026023
300,0.025879
301,0.025939
302,0.025838
303,0.025945
304,0.025961
305,0.025976
306,0.026075
307,0.025909
308,0.025867
309,0.026027
310,0.025958
311,0.025909
312,0.025923
313,0.025996
314,0.025946
315,0.026036
316,0.025931
317,0.026071
318,0.025949
319,0.025925
320,0.025996
321,0.025993
322,0.025967
323,0.025965
324,0.025934
325,0.026094
326,0.025856
327,0.025857
328,0.051660
329,0.025864
330,0.025920
331,0.025851
332,0.025954
333,0.025978
334,0.025826
335,0.051711
336,0.026050
337,0.051582
338,0.051711
339,0.025903
340,0.102827
341,0.025822
342,0.077313
343,0.026044
344,0.103058
345,0.103241
346,0.051579
347,0.025899
348,0.025877
349,0.026043
350,0.025937
351,0.026041
352,0.025900
353,0.026031
354,0.026005
355,0.025926
356,0.025872
357,0.025946
358,0.026100
359,0.026001
360,0.025893
361,0.026154
362,0.026049
363,0.025868
364,0.025818
365,0.026078
366,0.025975
367,0.025967
368,0.026030
369,0.025933
370,0.025916
371,0.025887
372,0.026042
373,0.026085
374,0.025868
375,0.025952
376,0.025997
377,0.026039
378,0.026000
379,0.025969
380,0.026309
381,0.026424
382,0.026018
383,0.025834
384,0.025915
385,0.025915
386,0.025978
387,0.025852
388,0.025943
389,0.026140
390,0.025943
391,0.025990
392,0.025826
393,0.025991
394,0.025939
395,0.025893
396,0.026001
397,0.026185
398,0.025827
399,0.025780
400,0.025946
401,0.026016
402,0.025838
403,0.025947
404,0.025982
405,0.026141
406,0.026071
407,0.026016
408,0.025958
409,0.025971
410,0.025868
411,0.026025
412,0.025947
413,0.025895
414,0.025812
415,0.025880
416,0.025972
417,0.025936
418,0.025903
419,0.026015
420,0.026136
421,0.026292
422,0.026003
423,0.025933
424,0.025902
425,0.025959
426,0.025943
427,0.025923
428,0.025851
429,0.026064
430,0.025833
431,0.025862
432,0.026015
433,0.026006
434,0.025936
435,0.025896
436,0.026149
437,0.026097
438,0.025997
439,0.025921
440,0.026088
441,0.025924
442,0.025933
443,0.025942
444,0.026036
445,0.026078
446,0.025841
447,0.025828
448,0.025903
449,0.026099
450,0.025942
451,0.025997
452,0.026044
453,0.026020
454,0.025906
455,0.026038
456,0.025942
457,0.026095
458,0.025909
459,0.026082
460,0.026043
461,0.025986
462,0.025945
463,0.025814
464,0.025844
465,0.025897
466,0.025955
467,0.025886
468,0.025913
469,0.026019
470,0.026305
471,0.025971
472,0.025884
473,0.025843
474,0.051627
475,0.051617
476,0.025914
477,0.051904
478,0.077350
479,0.077422
480,0.077516
481,0.025871
482,0.077509
483,0.103293
484,0.051691
485,0.051884
486,0.051739
487,0.025912
488,0.025865
489,0.025964
490,0.025993
491,0.025882
492,0.025940
493,0.026113
494,0.026032
495,0.026063
496,0.051693
497,0.051589
498,0.025987
499,0.026102
500,0.026922
501,0.025922
502,0.051503
503,0.025769
504,0.025833
505,0.025933
506,0.025949
507,0.025854
508,0.025861
509,0.025966
510,0.025878
511,0.025885
512,0.026065
513,0.025955
514,0.025936
515,0.025776
516,0.026076
517,0.026000
518,0.025964
519,0.025935
520,0.025932
521,0.025971
522,0.025923
523,0.025882
524,0.025854
525,0.026044
526,0.025849
527,0.025814
528,0.025900
529,0.025896
530,0.051618
531,0.025948
532,0.026017
533,0.025912
534,0.025811
535,0.025837
536,0.025995
537,0.051898
538,0.025846
539,0.025863
540,0.051387
541,0.026014
542,0.025833
543,0.025857
544,0.025937
545,0.051601
546,0.025883
547,0.025797
548,0.025986
549,0.026112
550,0.025882
551,0.026207
552,0.051560
553,0.026036
554,0.051477
555,0.025843
556,0.025910
557,0.025864
558,0.025909
559,0.025759
560,0.026012
561,0.025933
562,0.025836
563,0.025853
564,0.025923
565,0.025849
566,0.025937
567,0.025846
568,0.051578
569,0.026049
570,0.025837
571,0.025933
572,0.025909
573,0.025944
574,0.025966
575,0.025899
576,0.025857
577,0.026034
578,0.025968
579,0.026025
580,0.025963
581,0.025871
582,0.025907
583,0.051842
584,0.025925
585,0.026011
586,0.026190
587,0.025879
588,0.025836
589,0.025949
590,0.025985
591,0.025847
592,0.025951
593,0.025988
594,0.025885
595,0.026049
596,0.025979
597,0.025966
598,0.025888
599,0.025971
600,0.025860
601,0.025965
602,0.025846
603,0.025940
604,0.025886
605,0.026022
606,0.102792
607,0.025840
608,0.103037
609,0.128731
610,0.077088
611,0.102926
612,0.128394
613,0.128867
614,0.077385
615,0.103003
616,0.102849
617,0.077386
618,0.051704
619,0.025827
620,0.077406
621,0.026068
622,0.077122
623,0.025873
624,0.103091
625,0.051654
626,0.025949
627,0.025780
628,0.025888
629,0.025867
630,0.026522
631,0.051607
632,0.025901
633,0.025882
634,0.026147
635,0.051837
636,0.052302
637,0.026113
638,0.026249
639,0.026181
640,0.025992
641,0.026383
642,0.025984
643,0.026258
644,0.025952
645,0.026073
646,0.026343
647,0.029870
648,0.031245
649,0.031587
650,0.026693
651,0.026150
652,0.026203
653,0.026199
654,0.026068
655,0.026376
656,0.026179
657,0.026269
658,0.026071
659,0.026277
660,0.026290
661,0.026164
662,0.026332
663,0.026021
664,0.026142
665,0.026042
666,0.026399
667,0.026038
668,0.026116
669,0.026323
670,0.026159
671,0.026359
672,0.025970
673,0.026318
674,0.026014
675,0.026082
676,0.026325
677,0.026134
678,0.026512
679,0.026195
680,0.026170
681,0.026027
682,0.026165
683,0.026234
684,0.026036
685,0.026186
686,0.077814
687,0.026038
688,0.026274
689,0.078014
690,0.026359
691,0.026056
692,0.025885
693,0.026323
694,0.026114
695,0.051713
696,0.026268
697,0.026115
698,0.052046
699,0.025938
700,0.026227
701,0.026072
702,0.026017
703,0.025841
704,0.026040
705,0.051866
706,0.026042
707,0.025946
708,0.026215
709,0.026187
710,0.026260
711,0.025910
712,0.052125
713,0.026002
714,0.026205
715,0.026045
716,0.026078
717,0.026127
718,0.025855
719,0.026057
720,0.051733
721,0.026007
722,0.026137
723,0.026152
724,0.052005
725,0.026223
726,0.025881
727,0.026006
728,0.026017
729,0.026055
730,0.026227
731,0.025982
732,0.026062
733,0.026098
734,0.025988
735,0.026293
736,0.025961
737,0.026085
738,0.025879
739,0.026124
740,0.025866
741,0.077665
742,0.026271
743,0.025940
744,0.078168
745,0.051844
746,0.026023
747,0.026127
748,0.026137
749,0.026087
750,0.026142
751,0.026050
752,0.026144
753,0.026081
754,0.025864
755,0.026126
756,0.026091
757,0.026060
758,0.026132
759,0.026122
760,0.026019
761,0.025898
762,0.026295
763,0.025995
764,0.026218
765,0.077675
766,0.026209
767,0.025938
768,0.026089
769,0.026223
770,0.026040
771,0.103580
772,0.026039
773,0.025821
774,0.026117
775,0.026073
776,0.026078
777,0.026336
778,0.103186
779,0.077740
780,0.026303
781,0.026172
782,0.103751
783,0.025986
784,0.026096
785,0.026454
786,0.026085
787,0.026218
788,0.025879
789,0.026029
790,0.026282
791,0.103590
792,0.025861
793,0.025811
794,0.103209
795,0.103760
796,0.026331
797,0.078073
798,0.025966
799,0.026230
800,0.025952
801,0.030000
802,0.026032
803,0.025985
804,0.078049
805,0.077457
806,0.025932
807,0.025903
808,0.025923
809,0.026148
810,0.025938
811,0.026186
812,0.026019
813,0.025958
814,0.025794
815,0.026005
816,0.026264
817,0.026016
818,0.026060
819,0.025940
820,0.026325
821,0.026065
822,0.025915
823,0.026113
824,0.025884
825,0.026167
826,0.025987
827,0.026499
828,0.026077
829,0.026128
830,0.026024
831,0.025831
832,0.026229
833,0.025834
834,0.026236
835,0.025987
836,0.026301
837,0.026027
838,0.026104
839,0.026140
840,0.026044
841,0.026243
842,0.026155
843,0.026331
844,0.025964
845,0.026032
846,0.026099
847,0.026045
848,0.025969
849,0.025945
850,0.026021
851,0.026059
852,0.026117
853,0.026281
854,0.025901
855,0.026176
856,0.025851
857,0.025959
858,0.025918
859,0.026467
860,0.026071
861,0.051979
862,0.025904
863,0.051592
864,0.026145
865,0.025827
866,0.026022
867,0.051614
868,0.026129
869,0.051757
870,0.052271
871,0.051681
872,0.025758
873,0.051873
874,0.051993
875,0.051934
876,0.077582
877,0.077745
878,0.077763
879,0.051844
880,0.077469
881,0.052011
882,0.026102
883,0.052188
884,0.051612
885,0.025931
886,0.026230
887,0.026102
888,0.026207
889,0.025992
890,0.026232
891,0.026071
892,0.026047
893,0.026282
894,0.026200
895,0.026237
896,0.025862
897,0.026041
898,0.025938
899,0.030250
900,0.031547
901,0.026429
902,0.026000
903,0.026279
904,0.025970
905,0.026128
906,0.026074
907,0.026135
908,0.026113
909,0.026122
910,0.026119
911,0.025935
912,0.026416
913,0.026359
914,0.026080
915,0.026209
916,0.025933
917,0.026103
918,0.025881
919,0.026208
920,0.025982
921,0.026054
922,0.026217
923,0.026087
924,0.026230
925,0.025995
926,0.026166
927,0.026095
928,0.025857
929,0.026213
930,0.026144
931,0.026254
932,0.026072
933,0.026144
934,0.026013
935,0.025918
936,0.026247
937,0.026172
938,0.026205
939,0.025843
940,0.026124
941,0.025992
942,0.026250
943,0.026115
944,0.026020
945,0.026333
946,0.026133
947,0.026052
948,0.026010
949,0.025964
950,0.026053
951,0.025996
952,0.026060
953,0.025855
954,0.026012
955,0.025967
956,0.051503
957,0.026036
958,0.025844
959,0.051576
960,0.051557
961,0.051675
962,0.077229
963,0.077213
964,0.077245
965,0.025995
966,0.051479
967,0.077288
968,0.077349
969,0.077289
970,0.051531
971,0.077038
972,0.103028
973,0.077313
974,0.077367
975,0.051607
976,0.103041
977,0.077254
978,0.077222
979,0.051669
980,0.025945
981,0.051572
982,0.025893
983,0.051603
984,0.025873
985,0.025960
986,0.025783
987,0.025868
988,0.025952
989,0.025930
990,0.025721
991,0.026035
992,0.025883
993,0.026042
994,0.025763
995,0.025905
996,0.025882
997,0.025866
998,0.026027
999,0.025985
1000,0.025918
1001,0.026051
1002,0.025741
1003,0.025899
1004,0.025812
1005,0.025905
1006,0.025882
1007,0.025810
1008,0.025847
1009,0.025764
1010,0.025842
1011,0.025878
1012,0.025723
1013,0.025944
1014,0.026053
1015,0.025914
1016,0.025865
1017,0.025920
1018,0.026061
1019,0.025821
1020,0.025936
1021,0.026058
1022,0.025922
1023,0.026035
1024,0.025867
1025,0.026028
1026,0.025892
1027,0.025956
1028,0.025900
1029,0.025930
1030,0.025931
1031,0.025787
1032,0.025790
1033,0.025991
1034,0.025888
1035,0.025900
1036,0.025913
1037,0.026058
1038,0.026005
1039,0.025965
1040,0.025895
1041,0.025882
1042,0.025853
1043,0.025915
1044,0.025949
1045,0.025801
1046,0.025863
1047,0.025937
1048,0.025908
1049,0.025994
1050,0.025911
1051,0.025930
1052,0.025994
1053,0.026040
1054,0.026022
1055,0.025952
1056,0.025966
1057,0.025953
1058,0.025946
1059,0.025897
1060,0.051564
1061,0.026043
1062,0.025787
1063,0.026035
1064,0.025968
1065,0.025975
1066,0.025926
1067,0.025797
1068,0.025968
1069,0.026061
1070,0.025897
1071,0.025854
1072,0.025991
1073,0.026034
1074,0.025865
1075,0.025889
1076,0.025874
1077,0.025922
1078,0.025832
1079,0.025889
1080,0.025882
1081,0.025968
1082,0.025804
1083,0.025825
1084,0.026053
1085,0.025980
1086,0.025862
1087,0.025820
1088,0.051833
1089,0.026039
1090,0.025809
1091,0.025976
1092,0.025999
1093,0.026148
1094,0.025900
1095,0.025854
1096,0.025924
1097,0.051689
1098,0.025951
1099,0.025849
1100,0.026025
1101,0.026012
1102,0.026044
1103,0.025806
1104,0.025986
1105,0.025911
1106,0.025987
1107,0.026021
1108,0.025937
1109,0.026129
1110,0.025907
1111,0.026050
1112,0.025873
1113,0.026068
1114,0.026021
1115,0.026059
1116,0.025902
1117,0.025915
1118,0.025889
1119,0.025894
1120,0.025907
1121,0.026081
1122,0.025831
1123,0.025941
1124,0.026007
1125,0.025955
1126,0.025905
1127,0.025919
1128,0.025801
1129,0.026018
1130,0.025973
1131,0.025957
1132,0.025913
1133,0.026070
1134,0.026086
1135,0.025950
1136,0.025928
1137,0.026077
1138,0.025994
1139,0.025948
1140,0.025991
1141,0.026120
1142,0.025858
1143,0.025959
1144,0.026089
1145,0.026057
1146,0.025893
1147,0.026002
1148,0.025931
1149,0.025972
1150,0.026030
1151,0.025912
1152,0.025816
1153,0.025959
1154,0.025837
1155,0.025882
1156,0.025812
1157,0.025952
1158,0.025983
1159,0.025944
1160,0.026015
1161,0.025919
1162,0.026210
1163,0.025908
1164,0.025861
1165,0.025954
1166,0.026028
1167,0.025941
1168,0.026038
1169,0.025960
1170,0.025873
1171,0.025871
1172,0.051609
1173,0.051519
1174,0.103033
1175,0.051697
1176,0.103002
1177,0.103695
1178,0.103808
1179,0.103985
1180,0.104162
1181,0.077977
1182,0.052520
1183,0.026105
1184,0.052082
1185,0.052423
1186,0.052068
1187,0.052116
1188,0.026276
1189,0.026117
1190,0.026082
1191,0.026190
1192,0.026028
1193,0.026163
1194,0.026018
1195,0.026406
1196,0.025975
1197,0.026346
1198,0.026077
1199,0.026315
1200,0.026093
1201,0.026150
1202,0.026132
1203,0.026191
1204,0.026417
1205,0.025903
1206,0.026312
1207,0.026075
1208,0.026165
1209,0.026373
1210,0.026166
1211,0.026143
1212,0.026074
1213,0.026269
1214,0.026166
1215,0.039626
1216,0.027836
1217,0.025978
1218,0.026248
1219,0.026175
1220,0.026415
1221,0.026222
1222,0.026277
1223,0.026076
1224,0.026093
1225,0.026334
1226,0.026017
1227,0.026313
1228,0.026120
1229,0.026436
1230,0.026142
1231,0.026047
1232,0.026168
1233,0.026146
1234,0.026390
1235,0.026105
1236,0.026306
1237,0.026015
1238,0.026067
1239,0.026305
1240,0.026128
1241,0.026417
1242,0.026192
1243,0.026321
1244,0.026118
1245,0.026379
1246,0.026345
1247,0.026243
1248,0.026302
1249,0.026141
1250,0.026257
1251,0.025935
1252,0.026171
1253,0.026429
1254,0.026006
1255,0.026281
1256,0.026142
1257,0.026306
1258,0.026079
1259,0.026300
1260,0.026404
1261,0.025950
1262,0.026239
1263,0.026103
1264,0.026262
1265,0.025979
1266,0.026216
1267,0.026193
1268,0.026039
1269,0.026349
1270,0.026183
1271,0.026301
1272,0.026010
1273,0.026185
1274,0.026207
1275,0.026022
1276,0.026359
1277,0.026142
1278,0.026265
1279,0.026194
1280,0.026174
1281,0.026393
1282,0.026129
1283,0.026335
1284,0.026197
1285,0.026226
1286,0.025944
1287,0.026254
1288,0.026353
1289,0.026182
1290,0.026246
1291,0.026123
1292,0.026088
1293,0.026109
1294,0.026115
1295,0.026433
1296,0.025989
1297,0.026373
1298,0.026056
1299,0.026237
1300,0.026050
1301,0.026278
1302,0.026342
1303,0.026143
1304,0.026211
1305,0.026184
1306,0.026284
1307,0.025949
1308,0.026130
1309,0.026381
1310,0.026028
1311,0.026324
1312,0.026114
1313,0.026544
1314,0.026408
1315,0.026191
1316,0.026154
1317,0.026107
1318,0.026341
1319,0.025847
1320,0.026139
1321,0.025869
1322,0.026160
1323,0.026279
1324,0.025974
1325,0.026353
1326,0.026090
1327,0.026392
1328,0.026133
1329,0.026216
1330,0.026492
1331,0.025970
1332,0.026075
1333,0.026132
1334,0.026326
1335,0.026059
1336,0.025996
1337,0.026269
1338,0.026067
1339,0.026351
1340,0.026091
1341,0.026381
1342,0.026097
1343,0.026068
1344,0.026270
1345,0.026164
1346,0.026260
1347,0.026104
1348,0.026310
1349,0.026177
1350,0.026165
1351,0.026290
1352,0.026065
1353,0.026445
1354,0.026071
1355,0.026322
1356,0.025986
1357,0.026354
1358,0.026371
1359,0.026077
1360,0.026234
1361,0.026107
1362,0.026169
1363,0.026120
1364,0.026227
1365,0.026429
1366,0.026011
1367,0.026331
1368,0.052265
1369,0.026131
1370,0.026165
1371,0.026291
1372,0.026158
1373,0.026248
1374,0.052121
1375,0.026130
1376,0.026235
1377,0.026396
1378,0.026106
1379,0.026353
1380,0.026151
1381,0.026413
1382,0.026405
1383,0.026032
1384,0.026264
1385,0.052098
1386,0.026115
1387,0.026222
1388,0.026060
1389,0.026157
1390,0.026187
1391,0.026114
1392,0.026277
1393,0.026421
1394,0.026220
1395,0.026053
1396,0.026184
1397,0.026362
1398,0.026086
1399,0.026319
1400,0.026162
1401,0.026333
1402,0.026329
1403,0.026355
1404,0.026056
1405,0.026250
1406,0.026302
1407,0.026140
1408,0.026101
1409,0.026429
1410,0.026022
1411,0.026393
1412,0.026142
1413,0.026384
1414,0.026187
1415,0.026233
1416,0.026458
1417,0.026123
1418,0.026144
1419,0.026051
1420,0.026151
1421,0.026202
1422,0.026194
1423,0.026328
1424,0.026099
1425,0.026316
1426,0.026006
1427,0.026188
1428,0.026264
1429,0.026148
1430,0.026338
1431,0.026056
1432,0.026223
1433,0.026192
1434,0.026152
1435,0.026307
1436,0.026125
1437,0.026414
1438,0.026067
1439,0.026207
1440,0.026063
1441,0.026176
1442,0.026181
1443,0.026154
1444,0.026349
1445,0.026229
1446,0.026284
1447,0.025970
1448,0.026283
1449,0.026202
1450,0.026024
1451,0.026339
1452,0.026059
1453,0.026507
1454,0.026288
1455,0.025986
1456,0.026296
1457,0.026238
1458,0.026151
1459,0.026050
1460,0.026190
1461,0.025980
1462,0.026251
1463,0.026209
1464,0.026031
1465,0.026430
1466,0.026133
1467,0.026347
1468,0.026036
1469,0.026392
1470,0.026157
1471,0.025893
1472,0.026350
1473,0.026234
1474,0.026208
1475,0.026136
1476,0.026100
1477,0.026136
1478,0.026272
1479,0.026430
1480,0.026035
1481,0.026328
1482,0.025985
1483,0.026126
1484,0.026381
1485,0.026089
1486,0.026451
1487,0.026526
1488,0.026325
1489,0.026295
1490,0.026351
1491,0.026245
1492,0.026170
1493,0.026257
1494,0.026179
1495,0.026261
1496,0.026132
1497,0.026447
1498,0.026088
1499,0.025998
1500,0.026357
1501,0.026295
1502,0.026253
1503,0.026175
1504,0.026264
1505,0.026059
1506,0.026120
1507,0.026264
1508,0.026307
1509,0.026244
1510,0.026166
1511,0.026260
1512,0.025795
1513,0.026189
1514,0.026394
1515,0.026102
1516,0.026309
1517,0.026137
1518,0.026281
1519,0.025958
1520,0.026403
1521,0.026448
1522,0.026072
1523,0.026017
1524,0.026071
1525,0.026421
1526,0.025985
1527,0.026090
1528,0.026456
1529,0.026168
1530,0.026136
1531,0.026058
1532,0.026433
1533,0.026137
1534,0.026134
1535,0.026434
1536,0.025996
1537,0.026268
1538,0.026236
1539,0.026163
1540,0.025954
1541,0.026191
1542,0.026305
1543,0.026106
1544,0.026320
1545,0.026214
1546,0.026133
1547,0.026017
1548,0.026055
1549,0.026483
1550,0.026109
1551,0.026318
1552,0.026112
1553,0.026238
1554,0.025978
1555,0.026284
1556,0.026400
1557,0.026024
1558,0.026247
1559,0.025833
1560,0.026345
1561,0.026267
1562,0.026189
1563,0.026333
1564,0.026285
1565,0.026090
1566,0.026207
1567,0.026387
1568,0.025843
1569,0.026246
1570,0.026328
1571,0.026028
1572,0.026286
1573,0.026273
1574,0.026045
1575,0.026010
1576,0.026048
1577,0.026383
1578,0.026154
1579,0.026252
1580,0.025957
1581,0.026390
1582,0.026101
1583,0.026149
1584,0.026293
1585,0.026283
1586,0.026291
1587,0.026142
1588,0.026369
1589,0.026032
1590,0.026227
1591,0.026378
1592,0.026029
1593,0.026214
1594,0.026189
1595,0.026013
1596,0.026225
1597,0.026136
1598,0.026445
1599,0.026007
1600,0.026194
1601,0.026297
1602,0.026291
1603,0.026141
1604,0.026209
1605,0.026404
1606,0.025955
1607,0.026145
1608,0.026012
1609,0.026314
1610,0.026101
1611,0.026121
1612,0.025897
1613,0.026048
1614,0.025874
1615,0.025924
1616,0.025832
1617,0.026155
1618,0.026071
1619,0.026189
1620,0.025921
1621,0.025992
1622,0.025812
1623,0.025909
1624,0.025827
1625,0.026133
1626,0.026106
1627,0.026053
1628,0.026038
1629,0.026053
1630,0.026028
1631,0.026243
1632,0.026107
1633,0.026086
1634,0.025903
1635,0.025969
1636,0.025922
1637,0.025984
1638,0.025946
1639,0.025918
1640,0.025907
1641,0.026078
1642,0.025945
1643,0.026018
1644,0.026186
1645,0.026195
1646,0.026120
1647,0.025917
1648,0.025912
1649,0.025911
1650,0.026056
1651,0.025964
1652,0.025859
1653,0.025972
1654,0.026054
1655,0.025982
1656,0.025963
1657,0.026013
1658,0.025953
1659,0.025940
1660,0.025907
1661,0.025972
1662,0.025816
1663,0.025891
1664,0.025923
1665,0.025941
1666,0.026097
1667,0.026053
1668,0.026050
1669,0.025936
1670,0.025946
1671,0.025792
1672,0.025949
1673,0.026073
1674,0.025804
1675,0.025909
1676,0.025827
1677,0.026055
1678,0.025961
1679,0.025934
1680,0.025793
1681,0.026043
1682,0.025905
1683,0.025947
1684,0.025870
1685,0.025948
1686,0.025969
1687,0.025865
1688,0.025874
1689,0.026008
1690,0.026069
1691,0.026015
1692,0.026033
1693,0.025983
1694,0.025892
1695,0.026029
1696,0.025974
1697,0.026028
1698,0.026048
1699,0.025790
1700,0.026036
1701,0.025953
1702,0.025863
1703,0.025978
1704,0.025962
1705,0.025952
1706,0.025947
1707,0.025822
1708,0.025964
1709,0.025859
1710,0.026054
1711,0.025902
1712,0.025891
1713,0.025902
1714,0.025957
1715,0.025797
1716,0.025911
1717,0.025863
1718,0.025827
1719,0.025917
1720,0.025982
1721,0.051615
1722,0.025798
1723,0.025852
1724,0.051443
1725,0.025983
1726,0.051692
1727,0.025928
1728,0.051488
1729,0.052002
1730,0.077805
1731,0.051948
1732,0.077683
1733,0.026331
1734,0.051895
1735,0.077601
1736,0.025948
1737,0.025947
1738,0.026027
1739,0.026200
1740,0.026037
1741,0.026384
1742,0.026034
1743,0.026324
1744,0.026018
1745,0.026111
1746,0.026294
1747,0.026047
1748,0.026021
1749,0.025952
1750,0.026018
1751,0.026025
1752,0.026014
1753,0.026111
1754,0.026033
1755,0.026091
1756,0.025910
1757,0.026257
1758,0.025942
1759,0.026103
1760,0.025973
1761,0.025957
1762,0.026208
1763,0.026098
1764,0.026355
1765,0.026125
1766,0.026180
1767,0.026094
1768,0.025899
1769,0.026349
1770,0.026054
1771,0.026356
1772,0.026049
1773,0.034840
1774,0.026581
1775,0.026145
1776,0.026005
1777,0.026316
1778,0.026060
1779,0.026111
1780,0.026150
1781,0.026039
1782,0.026149
1783,0.026080
1784,0.026171
1785,0.025937
1786,0.026110
1787,0.026023
1788,0.026248
1789,0.026170
1790,0.026065
1791,0.025989
1792,0.026017
1793,0.025832
1794,0.025959
1795,0.025971
1796,0.025944
1797,0.025891
1798,0.025888
1799,0.025997
1800,0.025907
1801,0.026003
1802,0.026045
1803,0.026086
1804,0.026102
1805,0.025810
1806,0.025876
1807,0.026014
1808,0.025981
1809,0.025981
1810,0.026024
1811,0.026052
1812,0.025961
1813,0.025934
1814,0.025945
1815,0.025927
1816,0.026080
1817,0.025998
1818,0.025950
1819,0.026042
1820,0.026065
1821,0.025970
1822,0.025967
1823,0.025850
1824,0.025929
1825,0.025986
1826,0.025953
1827,0.026016
1828,0.025942
1829,0.026030
1830,0.025800
1831,0.025886
1832,0.025977
1833,0.025845
1834,0.026338
1835,0.026125
1836,0.026319
1837,0.026175
1838,0.026279
1839,0.051966
1840,0.026197
1841,0.026806
1842,0.026966
1843,0.027018
1844,0.026674
1845,0.026381
1846,0.026056
1847,0.026306
1848,0.025986
1849,0.026472
1850,0.026065
1851,0.026095
1852,0.026240
1853,0.026190
1854,0.026142
1855,0.026173
1856,0.026247
1857,0.026147
1858,0.026313
1859,0.026392
1860,0.026032
1861,0.026349
1862,0.026165
1863,0.026213
1864,0.025876
1865,0.026204
1866,0.026181
1867,0.026172
1868,0.026223
1869,0.026034
1870,0.026370
1871,0.026041
1872,0.026021
1873,0.026371
1874,0.025960
1875,0.026396
1876,0.026075
1877,0.026413
1878,0.026195
1879,0.026051
1880,0.026277
1881,0.025996
1882,0.026197
1883,0.026296
1884,0.026370
1885,0.026011
1886,0.026041
1887,0.026282
1888,0.026078
1889,0.026352
1890,0.026106
1891,0.026254
1892,0.026102
1893,0.026182
1894,0.026183
1895,0.026073
1896,0.026286
1897,0.026235
1898,0.026466
1899,0.026152
1900,0.026082
1901,0.026352
1902,0.026003
1903,0.026318
1904,0.026062
1905,0.026473
1906,0.026139
1907,0.026009
1908,0.026196
1909,0.026527
1910,0.026210
1911,0.025830
1912,0.026295
1913,0.026120
1914,0.025960
1915,0.026384
1916,0.026180
1917,0.026596
1918,0.026232
1919,0.026245
1920,0.025926
1921,0.026309
1922,0.026279
1923,0.026254
1924,0.026090
1925,0.026380
1926,0.026123
1927,0.026706
1928,0.026115
1929,0.026514
1930,0.026055
1931,0.026313
1932,0.026040
1933,0.026051
1934,0.026292
1935,0.026017
1936,0.026563
1937,0.026123
1938,0.026238
1939,0.026314
1940,0.026124
1941,0.026284
1942,0.026145
1943,0.026394
1944,0.026118
1945,0.026091
1946,0.026083
1947,0.026172
1948,0.026220
1949,0.026046
1950,0.026218
1951,0.026037
1952,0.026377
1953,0.026280
1954,0.026156
1955,0.026427
1956,0.026073
1957,0.026235
1958,0.026027
1959,0.026322
1960,0.026132
1961,0.026109
1962,0.026299
1963,0.032153
1964,0.026596
1965,0.026314
1966,0.026094
1967,0.025992
1968,0.026062
1969,0.026134
1970,0.026047
1971,0.026133
1972,0.026266
1973,0.026023
1974,0.026168
1975,0.026028
1976,0.026127
1977,0.026216
1978,0.026033
1979,0.026388
1980,0.026425
1981,0.026407
1982,0.026120
1983,0.026327
1984,0.026119
1985,0.026246
1986,0.026441
1987,0.026111
1988,0.026163
1989,0.026357
1990,0.026148
1991,0.026020
1992,0.026118
1993,0.026390
1994,0.026204
1995,0.026054
1996,0.026135
1997,0.026357
1998,0.025920
1999,0.026145
2000,0.026237
2001,0.026442
2002,0.026160
2003,0.026038
2004,0.026230
2005,0.026065
2006,0.026079
2007,0.026268
2008,0.026057
2009,0.026396
2010,0.052185
2011,0.026126
2012,0.025912
2013,0.026429
2014,0.026081
2015,0.026284
2016,0.026108
2017,0.026433
2018,0.026075
2019,0.026089
2020,0.026306
2021,0.026032
2022,0.026371
2023,0.026139
2024,0.026429
2025,0.026305
2026,0.026091
2027,0.026319
2028,0.026096
2029,0.026335
2030,0.025904
2031,0.026231
2032,0.026161
2033,0.026141
2034,0.026373
2035,0.026212
2036,0.026239
2037,0.026239
2038,0.026304
2039,0.026025
2040,0.026210
2041,0.026339
2042,0.025867
2043,0.026312
2044,0.026000
2045,0.026271
2046,0.026159
2047,0.026034
2048,0.026463
2049,0.026180
2050,0.026146
2051,0.025977
2052,0.026259
2053,0.026167
2054,0.025905
2055,0.026206
2056,0.026201
2057,0.026515
2058,0.026087
2059,0.026217
2060,0.026141
2061,0.026193
2062,0.026255
2063,0.026054
2064,0.026373
2065,0.026139
2066,0.026171
2067,0.026198
2068,0.026234
2069,0.026362
2070,0.026189
2071,0.026278
2072,0.026139
2073,0.026371
2074,0.025837
2075,0.026076
2076,0.026312
2077,0.026442
2078,0.026773
2079,0.026107
2080,0.026284
2081,0.026301
2082,0.025849
2083,0.026204
2084,0.025977
2085,0.026091
2086,0.051963
2087,0.026212
2088,0.026166
2089,0.026412
2090,0.026226
2091,0.026198
2092,0.026224
2093,0.026343
2094,0.025983
2095,0.026149
2096,0.026347
2097,0.026160
2098,0.026070
2099,0.026077
2100,0.026300
2101,0.026093
2102,0.026097
2103,0.026311
2104,0.026179
2105,0.026242
2106,0.026075
2107,0.026257
2108,0.026173
2109,0.026042
2110,0.026340
2111,0.026044
2112,0.026435
2113,0.026180
2114,0.026506
2115,0.025841
2116,0.031728
2117,0.026558
2118,0.026417
2119,0.026108
2120,0.026230
2121,0.025977
2122,0.026212
2123,0.026138
2124,0.026058
2125,0.026351
2126,0.026080
2127,0.026110
2128,0.025897
2129,0.026490
2130,0.026035
2131,0.051549
2132,0.052007
2133,0.052187
2134,0.077764
2135,0.078089
2136,0.052249
2137,0.051916
2138,0.052383
2139,0.077956
2140,0.051835
2141,0.052157
2142,0.051574
2143,0.052188
2144,0.052077
2145,0.052369
2146,0.026144
# total_episodes=2146, avg_seconds=0.029159
