# episode_index, seconds
1,0.003837
2,0.001890
3,0.002188
4,0.002240
5,0.001191
6,0.001136
7,0.001646
8,0.000618
9,0.000657
10,0.000648
11,0.002655
12,0.002651
13,0.001178
14,0.000618
15,0.000605
16,0.000613
17,0.000643
18,0.001640
19,0.000616
20,0.000594
21,0.000642
22,0.000613
23,0.002152
24,0.000612
25,0.001208
26,0.000617
27,0.002685
28,0.000627
29,0.001171
30,0.001118
31,0.000617
32,0.001126
33,0.000639
34,0.001132
35,0.000616
36,0.003130
37,0.001683
38,0.000604
39,0.000633
40,0.000613
41,0.000637
42,0.002204
43,0.001127
44,0.000617
45,0.002690
46,0.000612
47,0.057829
48,0.051016
49,0.051331
50,0.025557
51,0.102031
52,0.051553
53,0.025711
54,0.051449
55,0.025627
56,0.025646
57,0.026046
58,0.025867
59,0.026714
60,0.026979
61,0.026100
62,0.025832
63,0.025923
64,0.025904
65,0.025823
66,0.026245
67,0.025839
68,0.026148
69,0.025821
70,0.026088
71,0.051542
72,0.025830
73,0.025728
74,0.026131
75,0.025941
76,0.025791
77,0.026003
78,0.025835
79,0.025697
80,0.025646
81,0.026051
82,0.025702
83,0.026172
84,0.025805
85,0.026191
86,0.025878
87,0.026083
88,0.025627
89,0.025747
90,0.026273
91,0.025580
92,0.026113
93,0.025877
94,0.025971
95,0.025866
96,0.051606
97,0.026444
98,0.026040
99,0.025795
100,0.025906
101,0.025815
102,0.025919
103,0.025808
104,0.026133
105,0.025950
106,0.025664
107,0.026021
108,0.025812
109,0.026190
110,0.025771
111,0.051741
112,0.026169
113,0.025982
114,0.025617
115,0.051753
116,0.026222
117,0.026009
118,0.025876
119,0.025738
120,0.026181
121,0.051506
122,0.025998
123,0.077316
124,0.026095
125,0.025982
126,0.025838
127,0.025900
128,0.025784
129,0.025850
130,0.025894
131,0.026107
132,0.025853
133,0.026079
134,0.025946
135,0.025822
136,0.025861
137,0.025797
138,0.025762
139,0.025707
140,0.026009
141,0.025966
142,0.026012
143,0.025900
144,0.026140
145,0.025821
146,0.025992
147,0.025679
148,0.025887
149,0.025967
150,0.026090
151,0.025753
152,0.025960
153,0.026132
154,0.025615
155,0.025990
156,0.025859
157,0.025791
158,0.026144
159,0.025823
160,0.025827
161,0.025921
162,0.025999
163,0.025631
164,0.025964
165,0.025993
166,0.025807
167,0.025976
168,0.025715
169,0.026082
170,0.025731
171,0.026180
172,0.025718
173,0.026116
174,0.025870
175,0.026019
176,0.025973
177,0.025874
178,0.026163
179,0.025971
180,0.025945
181,0.025628
182,0.026042
183,0.025865
184,0.025674
185,0.026100
186,0.025876
187,0.051664
188,0.025908
189,0.025863
190,0.025984
191,0.025935
192,0.025693
193,0.026163
194,0.025925
195,0.025889
196,0.025723
197,0.025945
198,0.025888
199,0.025934
200,0.025910
201,0.025904
202,0.026257
203,0.025899
204,0.025879
205,0.025835
206,0.025988
207,0.025798
208,0.026185
209,0.026074
210,0.025699
211,0.026027
212,0.025817
213,0.026222
214,0.025671
215,0.026259
216,0.025975
217,0.026190
218,0.051584
219,0.026089
220,0.051934
221,0.025996
222,0.026169
223,0.026149
224,0.025686
225,0.026014
226,0.051733
227,0.025761
228,0.025868
229,0.051806
230,0.077387
231,0.025860
232,0.077546
233,0.077474
234,0.053762
235,0.051948
236,0.051338
237,0.051517
238,0.051303
239,0.051351
240,0.025690
241,0.025810
242,0.025803
243,0.025742
244,0.025564
245,0.025950
246,0.025770
247,0.025738
248,0.026071
249,0.025806
250,0.025778
251,0.025634
252,0.025620
253,0.025728
254,0.051385
255,0.025592
256,0.025497
257,0.025806
258,0.025560
259,0.025712
260,0.025746
261,0.025667
262,0.025712
263,0.025837
264,0.025659
265,0.025798
266,0.025798
267,0.026163
268,0.025667
269,0.025976
270,0.025753
271,0.025757
272,0.025825
273,0.026047
274,0.025711
275,0.025776
276,0.025721
277,0.025654
278,0.025687
279,0.025606
280,0.025710
281,0.025817
282,0.025780
283,0.025605
284,0.025676
285,0.025860
286,0.025729
287,0.025696
288,0.025808
289,0.025787
290,0.025527
291,0.025797
292,0.025740
293,0.025757
294,0.025654
295,0.025874
296,0.025670
297,0.025699
298,0.025673
299,0.025754
300,0.025816
301,0.025939
302,0.025720
303,0.025734
304,0.025681
305,0.025887
306,0.025694
307,0.025628
308,0.025766
309,0.025803
310,0.025826
311,0.025547
312,0.025768
313,0.025598
314,0.025778
315,0.025705
316,0.025853
317,0.025659
318,0.025784
319,0.025667
320,0.025665
321,0.025712
322,0.025597
323,0.025655
324,0.025669
325,0.025718
326,0.025769
327,0.025785
328,0.025680
329,0.025797
330,0.025721
331,0.025717
332,0.025749
333,0.025689
334,0.025637
335,0.025779
336,0.025896
337,0.026052
338,0.025792
339,0.025736
340,0.025609
341,0.025735
342,0.025785
343,0.025739
344,0.025764
345,0.025695
346,0.025792
347,0.025725
348,0.025789
349,0.025730
350,0.025700
351,0.025818
352,0.025766
353,0.025760
354,0.025783
355,0.025782
356,0.025826
357,0.025971
358,0.025831
359,0.025717
360,0.076911
361,0.025628
362,0.025631
363,0.051355
364,0.025675
365,0.025839
366,0.025725
367,0.025718
368,0.077164
369,0.026138
370,0.026692
371,0.026234
372,0.026796
373,0.026536
374,0.026459
375,0.026434
376,0.026058
377,0.026285
378,0.026033
379,0.025897
380,0.025823
381,0.025819
382,0.026098
383,0.025806
384,0.026181
385,0.025883
386,0.026087
387,0.025801
388,0.026075
389,0.025796
390,0.025823
391,0.025913
392,0.025831
393,0.026222
394,0.025834
395,0.026034
396,0.025882
397,0.026092
398,0.025857
399,0.025778
400,0.025926
401,0.025908
402,0.026180
403,0.025777
404,0.025987
405,0.026096
406,0.026423
407,0.026474
408,0.026388
409,0.026876
410,0.026394
411,0.026538
412,0.026671
413,0.026569
414,0.026275
415,0.025964
416,0.026058
417,0.025981
418,0.026066
419,0.025944
420,0.025755
421,0.026055
422,0.025956
423,0.025877
424,0.025754
425,0.026102
426,0.025962
427,0.026096
428,0.025964
429,0.025912
430,0.025959
431,0.025923
432,0.026234
433,0.025940
434,0.026248
435,0.025801
436,0.026015
437,0.026360
438,0.025804
439,0.026119
440,0.025903
441,0.026131
442,0.026146
443,0.025989
444,0.026066
445,0.025837
446,0.026144
447,0.025872
448,0.026127
449,0.026114
450,0.026106
451,0.025660
452,0.025971
453,0.026046
454,0.051912
455,0.025681
456,0.026024
457,0.026288
458,0.052774
459,0.030992
460,0.025876
461,0.025942
462,0.025841
463,0.026020
464,0.051686
465,0.025807
466,0.026025
467,0.025742
468,0.025869
469,0.025875
470,0.025635
471,0.025891
472,0.025816
473,0.026056
474,0.025595
475,0.026056
476,0.025883
477,0.026112
478,0.025655
479,0.026110
480,0.025913
481,0.026034
482,0.026122
483,0.026393
484,0.026496
485,0.026062
486,0.026091
487,0.025897
488,0.025973
489,0.026230
490,0.025716
491,0.026088
492,0.025972
493,0.026215
494,0.025976
495,0.025838
496,0.025691
497,0.051892
498,0.025927
499,0.077772
500,0.077576
501,0.077732
502,0.103225
503,0.077464
504,0.077896
505,0.077873
506,0.103449
507,0.103643
508,0.078394
509,0.052390
510,0.025941
511,0.026188
512,0.025722
513,0.051705
514,0.026071
515,0.025852
516,0.026150
517,0.026578
518,0.026256
519,0.053574
520,0.026783
521,0.026607
522,0.026452
523,0.026433
524,0.052817
525,0.026568
526,0.026545
527,0.026705
528,0.026658
529,0.026459
530,0.026347
531,0.026466
532,0.026656
533,0.026143
534,0.025979
535,0.026018
536,0.025879
537,0.026168
538,0.025952
539,0.026040
540,0.025927
541,0.026175
542,0.077786
543,0.077843
544,0.103394
545,0.077552
546,0.103698
547,0.103307
548,0.077570
549,0.078652
550,0.103579
551,0.051558
552,0.051317
553,0.051205
554,0.051377
555,0.025733
556,0.025769
557,0.051242
558,0.025776
559,0.025657
560,0.025714
561,0.025790
562,0.025722
563,0.025708
564,0.025694
565,0.025785
566,0.025618
567,0.025841
568,0.025783
569,0.025619
570,0.025553
571,0.025758
572,0.025844
573,0.025873
574,0.025664
575,0.025822
576,0.025790
577,0.025805
578,0.025746
579,0.025781
580,0.025837
581,0.025826
582,0.025776
583,0.025748
584,0.025735
585,0.025874
586,0.025803
587,0.025648
588,0.025873
589,0.025833
590,0.025681
591,0.025828
592,0.025651
593,0.025871
594,0.025971
595,0.025852
596,0.025717
597,0.025807
598,0.025736
599,0.025671
600,0.025910
601,0.025629
602,0.025820
603,0.025779
604,0.025780
605,0.025887
606,0.025760
607,0.025822
608,0.051456
609,0.025753
610,0.025632
611,0.025685
612,0.025753
613,0.025841
614,0.025579
615,0.025907
616,0.025714
617,0.025909
618,0.025756
619,0.025723
620,0.025834
621,0.025764
622,0.025770
623,0.025739
624,0.025711
625,0.025710
626,0.025705
627,0.025595
628,0.025809
629,0.025756
630,0.025839
631,0.025804
632,0.025891
633,0.051301
634,0.025697
635,0.025763
636,0.025588
637,0.025765
638,0.051317
639,0.025642
640,0.050978
641,0.025953
642,0.025593
643,0.025704
644,0.025632
645,0.025817
646,0.025751
647,0.025738
648,0.025793
649,0.025911
650,0.025676
651,0.025756
652,0.025785
653,0.025880
654,0.025772
655,0.025656
656,0.026071
657,0.025799
658,0.025912
659,0.025822
660,0.025764
661,0.025860
662,0.025735
663,0.025854
664,0.025760
665,0.025686
666,0.025681
667,0.025666
668,0.025733
669,0.025806
670,0.025778
671,0.025802
672,0.025982
673,0.025924
674,0.025820
675,0.025654
676,0.025918
677,0.025946
678,0.025709
679,0.025923
680,0.025781
681,0.025829
682,0.026208
683,0.026020
684,0.026151
685,0.026316
686,0.025775
687,0.025930
688,0.026074
689,0.026051
690,0.025773
691,0.025604
692,0.025821
693,0.025759
694,0.025755
695,0.025775
696,0.025929
697,0.025874
698,0.025826
699,0.025796
700,0.025804
701,0.025859
702,0.025709
703,0.025598
704,0.025740
705,0.025759
706,0.025794
707,0.025802
708,0.025881
709,0.025851
710,0.025629
711,0.025839
712,0.025813
713,0.025866
714,0.025666
715,0.076929
716,0.076818
717,0.025639
718,0.025804
719,0.051383
720,0.025735
721,0.102921
722,0.051710
723,0.103037
724,0.026095
725,0.103217
726,0.077312
727,0.025864
728,0.026097
729,0.025899
730,0.025977
731,0.051268
732,0.077287
733,0.077484
734,0.025757
735,0.026175
736,0.025882
737,0.026024
738,0.025730
739,0.025816
740,0.025816
741,0.025845
742,0.025918
743,0.025967
744,0.025902
745,0.025655
746,0.025708
747,0.025943
748,0.025823
749,0.025753
750,0.026038
751,0.025756
752,0.025810
753,0.025902
754,0.025787
755,0.025810
756,0.026121
757,0.025687
758,0.025689
759,0.025607
760,0.025883
761,0.025684
762,0.025850
763,0.025796
764,0.026176
765,0.026118
766,0.025747
767,0.025884
768,0.026009
769,0.025953
770,0.025860
771,0.025778
772,0.026177
773,0.025863
774,0.025873
775,0.025706
776,0.026035
777,0.025868
778,0.026163
779,0.025777
780,0.025736
781,0.025944
782,0.025730
783,0.025651
784,0.026127
785,0.026144
786,0.025809
787,0.025915
788,0.026071
789,0.026298
790,0.025854
791,0.025819
792,0.026095
793,0.025704
794,0.025748
795,0.025728
796,0.025931
797,0.025957
798,0.025659
799,0.025744
800,0.025907
801,0.025665
802,0.025664
803,0.025732
804,0.077399
805,0.025842
806,0.025903
807,0.025807
808,0.025824
809,0.025824
810,0.025726
811,0.025636
812,0.025833
813,0.025864
814,0.025916
815,0.025787
816,0.026077
817,0.025847
818,0.025810
819,0.025822
820,0.025738
821,0.079247
822,0.027041
823,0.025925
824,0.028684
825,0.027996
826,0.078299
827,0.025791
828,0.052708
829,0.026966
830,0.028168
831,0.026774
832,0.026639
833,0.026496
834,0.026722
835,0.026623
836,0.026002
837,0.026268
838,0.026320
839,0.026041
840,0.026204
841,0.025966
842,0.025756
843,0.025701
844,0.025599
845,0.077055
846,0.025991
847,0.026373
848,0.025868
849,0.025955
850,0.025726
851,0.025727
852,0.077025
853,0.025940
854,0.025851
855,0.051477
856,0.025823
857,0.025815
858,0.026224
859,0.052036
860,0.025722
861,0.025827
862,0.077458
863,0.025867
864,0.025998
865,0.025917
866,0.025830
867,0.025884
868,0.026292
869,0.079715
870,0.026801
871,0.026731
872,0.026667
873,0.027038
874,0.027017
875,0.026632
876,0.026629
877,0.026443
878,0.026447
879,0.077823
880,0.025867
881,0.026435
882,0.026182
883,0.026163
884,0.026241
885,0.026050
886,0.026328
887,0.026161
888,0.026377
889,0.026253
890,0.026242
891,0.026009
892,0.025906
893,0.026073
894,0.026026
895,0.025875
896,0.025906
897,0.026552
898,0.026785
899,0.026235
900,0.026127
901,0.025905
902,0.026024
903,0.025775
904,0.026263
905,0.026120
906,0.026075
907,0.026116
908,0.026206
909,0.026309
910,0.025906
911,0.026158
912,0.025830
913,0.026009
914,0.025929
915,0.078997
916,0.026518
917,0.026549
918,0.026480
919,0.026389
920,0.026547
921,0.026840
922,0.026489
923,0.026671
924,0.026788
925,0.026534
926,0.026190
927,0.026122
928,0.027747
929,0.026684
930,0.026096
931,0.026003
932,0.025937
933,0.026325
934,0.026016
935,0.025929
936,0.026289
937,0.025961
938,0.026373
939,0.026601
940,0.026266
941,0.026070
942,0.026163
943,0.026335
944,0.026133
945,0.026387
946,0.026085
947,0.026716
948,0.026527
949,0.026052
950,0.026322
951,0.025987
952,0.026246
953,0.025975
954,0.026336
955,0.026026
956,0.025743
957,0.026196
958,0.026503
959,0.026169
960,0.025760
961,0.026168
962,0.077488
963,0.026114
964,0.026702
965,0.030539
966,0.030572
967,0.029768
968,0.025988
969,0.025913
970,0.026063
971,0.078309
972,0.026549
973,0.026343
974,0.025970
975,0.078025
976,0.026020
977,0.026313
978,0.026230
979,0.103891
980,0.026235
981,0.026147
982,0.103882
983,0.026111
984,0.026091
985,0.026142
986,0.026067
987,0.025828
988,0.026112
989,0.026004
990,0.025970
991,0.026103
992,0.026815
993,0.026458
994,0.026079
995,0.026213
996,0.025944
997,0.026231
998,0.026099
999,0.026107
1000,0.025976
1001,0.026253
1002,0.026012
1003,0.025891
1004,0.026101
1005,0.025909
1006,0.026062
1007,0.025626
1008,0.025991
1009,0.025905
1010,0.025857
1011,0.025944
1012,0.025852
1013,0.026351
1014,0.025893
1015,0.026071
1016,0.025677
1017,0.051954
1018,0.025863
1019,0.026210
1020,0.025857
1021,0.026030
1022,0.025964
1023,0.026302
1024,0.026218
1025,0.026109
1026,0.026792
1027,0.026044
1028,0.025914
1029,0.025953
1030,0.026281
1031,0.027191
1032,0.025986
1033,0.026213
1034,0.025933
1035,0.026337
1036,0.025873
1037,0.026373
1038,0.025983
1039,0.026046
1040,0.026083
1041,0.025856
1042,0.026244
1043,0.025981
1044,0.026106
1045,0.051704
1046,0.025954
1047,0.025962
1048,0.026071
1049,0.026113
1050,0.026079
1051,0.025868
1052,0.025881
1053,0.026075
1054,0.026068
1055,0.026088
1056,0.025882
1057,0.026160
1058,0.025740
1059,0.026142
1060,0.026430
1061,0.025985
1062,0.026234
1063,0.025963
1064,0.026308
1065,0.025986
1066,0.026247
1067,0.026095
1068,0.026378
1069,0.026126
1070,0.026092
1071,0.026099
1072,0.026142
1073,0.026318
1074,0.026225
1075,0.026122
1076,0.026063
1077,0.026195
1078,0.026306
1079,0.026122
1080,0.026275
1081,0.026089
1082,0.026379
1083,0.025951
1084,0.025961
1085,0.026238
1086,0.025625
1087,0.026449
1088,0.026027
1089,0.026200
1090,0.025992
1091,0.025981
1092,0.026186
1093,0.025793
1094,0.026247
1095,0.025807
1096,0.026275
1097,0.026094
1098,0.026362
1099,0.025803
1100,0.051779
1101,0.026152
1102,0.025955
1103,0.051920
1104,0.025957
1105,0.025936
1106,0.026108
1107,0.025944
1108,0.026403
1109,0.025932
1110,0.051834
1111,0.026199
1112,0.051889
1113,0.026167
1114,0.026021
1115,0.026166
1116,0.025887
1117,0.026254
1118,0.025893
1119,0.026078
1120,0.025967
1121,0.025984
1122,0.026163
1123,0.025994
1124,0.026250
1125,0.026046
1126,0.026191
1127,0.026133
1128,0.025792
1129,0.025856
1130,0.025844
1131,0.025978
1132,0.025690
1133,0.025835
1134,0.025809
1135,0.025775
1136,0.025964
1137,0.025667
1138,0.025761
1139,0.025819
1140,0.025924
1141,0.025817
1142,0.025831
1143,0.025895
1144,0.025771
1145,0.025725
1146,0.025929
1147,0.025835
1148,0.025712
1149,0.025930
1150,0.025867
1151,0.025704
1152,0.025772
1153,0.025884
1154,0.025902
1155,0.025666
1156,0.025768
1157,0.025906
1158,0.026080
1159,0.025814
1160,0.025767
1161,0.025850
1162,0.025905
1163,0.025961
1164,0.025884
1165,0.025941
1166,0.025828
1167,0.025929
1168,0.025823
1169,0.025923
1170,0.025784
1171,0.025804
1172,0.025776
1173,0.025780
1174,0.025737
1175,0.025864
1176,0.025816
1177,0.025856
1178,0.025968
1179,0.025825
1180,0.025924
1181,0.025792
1182,0.025826
1183,0.025624
1184,0.025929
1185,0.025848
1186,0.025755
1187,0.025687
1188,0.025819
1189,0.051589
1190,0.051384
1191,0.025785
1192,0.025866
1193,0.025825
1194,0.025618
1195,0.025845
1196,0.025853
1197,0.025753
1198,0.051495
1199,0.025945
1200,0.025951
1201,0.025900
1202,0.025869
1203,0.025875
1204,0.025765
1205,0.025865
1206,0.025883
1207,0.025661
1208,0.025671
1209,0.025895
1210,0.025990
1211,0.025900
1212,0.025847
1213,0.025844
1214,0.025902
1215,0.025754
1216,0.025842
1217,0.026333
1218,0.025827
1219,0.026214
1220,0.025760
1221,0.025962
1222,0.025923
1223,0.025905
1224,0.052178
1225,0.026331
1226,0.025869
1227,0.026066
1228,0.026059
1229,0.026432
1230,0.025792
1231,0.026059
1232,0.026212
1233,0.026131
1234,0.026107
1235,0.026028
1236,0.026173
1237,0.026101
1238,0.026105
1239,0.025930
1240,0.025878
1241,0.026351
1242,0.025917
1243,0.026183
1244,0.026357
1245,0.025887
1246,0.026245
1247,0.025926
1248,0.026153
1249,0.025848
1250,0.026202
1251,0.026112
1252,0.026201
1253,0.025886
1254,0.026095
1255,0.026045
1256,0.025953
1257,0.026313
1258,0.026069
1259,0.026241
1260,0.026089
1261,0.025961
1262,0.026554
1263,0.025858
1264,0.026215
1265,0.025999
1266,0.025975
1267,0.026000
1268,0.025789
1269,0.026213
1270,0.025935
1271,0.026259
1272,0.025899
1273,0.026312
1274,0.025797
1275,0.026107
1276,0.025943
1277,0.026155
1278,0.026245
1279,0.025987
1280,0.026443
1281,0.025858
1282,0.026124
1283,0.025983
1284,0.025915
1285,0.026034
1286,0.026253
1287,0.026196
1288,0.025999
1289,0.026377
1290,0.026156
1291,0.025976
1292,0.026278
1293,0.025915
1294,0.026056
1295,0.025850
1296,0.026126
1297,0.026049
1298,0.026196
1299,0.026082
1300,0.026009
1301,0.026164
1302,0.025965
1303,0.026015
1304,0.025729
1305,0.026264
1306,0.026054
1307,0.025810
1308,0.026378
1309,0.025908
1310,0.026083
1311,0.025992
1312,0.026213
1313,0.025895
1314,0.026105
1315,0.025893
1316,0.026002
1317,0.026203
1318,0.025898
1319,0.026083
1320,0.025856
1321,0.026193
1322,0.026024
1323,0.025969
1324,0.026195
1325,0.026042
1326,0.026124
1327,0.025742
1328,0.026142
1329,0.026052
1330,0.026113
1331,0.025982
1332,0.025970
1333,0.026256
1334,0.025927
1335,0.026058
1336,0.025932
1337,0.026232
1338,0.025955
1339,0.025886
1340,0.026218
1341,0.025845
1342,0.026296
1343,0.025870
1344,0.026192
1345,0.052021
1346,0.026008
1347,0.025923
1348,0.026256
1349,0.025973
1350,0.026039
1351,0.025898
1352,0.026163
1353,0.025945
1354,0.025952
1355,0.025642
1356,0.026004
1357,0.026017
1358,0.026002
1359,0.026148
1360,0.025881
1361,0.025922
1362,0.026059
1363,0.026107
1364,0.026136
1365,0.026102
1366,0.026086
1367,0.025805
1368,0.025877
1369,0.026011
1370,0.026128
1371,0.025860
1372,0.026034
1373,0.052197
1374,0.025949
1375,0.025994
1376,0.026222
1377,0.026027
1378,0.025903
1379,0.026212
1380,0.026106
1381,0.026054
1382,0.025919
1383,0.026135
1384,0.025918
1385,0.026184
1386,0.025819
1387,0.026071
1388,0.026230
1389,0.026086
1390,0.026114
1391,0.025758
1392,0.026133
1393,0.026114
1394,0.025968
1395,0.026072
1396,0.025994
1397,0.026210
1398,0.025894
1399,0.026165
1400,0.026062
1401,0.026210
1402,0.026065
1403,0.026112
1404,0.026059
1405,0.026055
1406,0.026234
1407,0.026175
1408,0.026151
1409,0.025969
1410,0.025960
1411,0.026108
1412,0.025999
1413,0.026155
1414,0.026041
1415,0.026192
1416,0.025984
1417,0.026121
1418,0.026117
1419,0.025971
1420,0.026053
1421,0.025953
1422,0.026253
1423,0.026069
1424,0.026122
1425,0.026022
1426,0.026032
1427,0.026111
1428,0.026033
1429,0.026130
1430,0.025871
1431,0.025931
1432,0.025888
1433,0.026063
1434,0.026279
1435,0.025907
1436,0.026136
1437,0.025846
1438,0.026135
1439,0.025882
1440,0.026299
1441,0.026052
1442,0.026169
1443,0.026284
1444,0.025920
1445,0.026171
1446,0.026238
1447,0.026223
1448,0.026119
1449,0.026026
1450,0.026248
1451,0.025977
1452,0.026046
1453,0.025863
1454,0.026131
1455,0.026036
1456,0.025904
1457,0.026277
1458,0.025980
1459,0.026210
1460,0.025801
1461,0.026274
1462,0.025953
1463,0.026121
1464,0.025831
1465,0.025977
1466,0.051857
1467,0.026067
1468,0.026167
1469,0.026115
1470,0.025829
1471,0.026055
1472,0.025703
1473,0.026008
1474,0.026219
1475,0.025980
1476,0.026293
1477,0.026012
1478,0.026037
1479,0.026068
1480,0.025694
1481,0.026175
1482,0.026110
1483,0.026121
1484,0.026029
1485,0.025886
1486,0.026629
1487,0.026313
1488,0.026154
1489,0.026005
1490,0.025844
1491,0.025831
1492,0.026221
1493,0.025957
1494,0.026156
1495,0.026035
1496,0.025929
1497,0.026155
1498,0.025923
1499,0.025902
1500,0.025862
1501,0.026155
1502,0.025993
1503,0.025988
1504,0.025973
1505,0.025973
1506,0.026152
1507,0.025888
1508,0.026181
1509,0.026070
1510,0.026205
1511,0.026061
1512,0.026011
1513,0.026225
1514,0.026044
1515,0.026098
1516,0.025942
1517,0.026074
1518,0.025928
1519,0.025980
1520,0.026140
1521,0.025993
1522,0.026178
1523,0.025938
1524,0.026051
1525,0.025904
1526,0.026111
1527,0.026311
1528,0.025930
1529,0.026295
1530,0.025797
1531,0.025932
1532,0.025836
1533,0.026283
1534,0.025927
1535,0.026088
1536,0.026168
1537,0.026006
1538,0.026253
1539,0.025953
1540,0.026041
1541,0.026016
1542,0.026072
1543,0.025870
1544,0.025971
1545,0.026284
1546,0.025915
1547,0.025964
1548,0.025963
1549,0.026200
1550,0.025925
1551,0.026107
1552,0.026132
1553,0.026107
1554,0.026128
1555,0.025933
1556,0.026077
1557,0.025795
1558,0.026452
1559,0.026017
1560,0.025748
1561,0.026109
1562,0.026078
1563,0.025992
1564,0.025809
1565,0.026241
1566,0.026059
1567,0.026087
1568,0.026203
1569,0.025839
1570,0.026204
1571,0.025747
1572,0.026128
1573,0.026090
1574,0.026159
1575,0.025969
1576,0.025733
1577,0.026051
1578,0.025846
1579,0.026343
1580,0.025789
1581,0.026225
1582,0.026025
1583,0.025914
1584,0.025776
1585,0.026123
1586,0.026042
1587,0.025979
1588,0.026073
1589,0.025824
1590,0.025952
1591,0.026008
1592,0.025901
1593,0.026110
1594,0.026100
1595,0.026085
1596,0.025967
1597,0.025957
1598,0.025918
1599,0.026284
1600,0.025999
1601,0.025890
1602,0.026094
1603,0.025933
1604,0.025919
1605,0.026158
1606,0.026214
1607,0.026029
1608,0.025913
1609,0.026130
1610,0.025804
1611,0.026265
1612,0.025924
1613,0.026230
1614,0.025957
1615,0.026084
1616,0.025992
1617,0.026165
1618,0.026156
1619,0.025916
1620,0.025937
1621,0.025858
1622,0.026100
1623,0.025967
1624,0.025997
1625,0.026257
1626,0.025885
1627,0.026181
1628,0.025994
1629,0.026204
1630,0.025861
1631,0.026185
1632,0.026020
1633,0.026079
1634,0.026085
1635,0.025918
1636,0.025958
1637,0.025907
1638,0.051643
1639,0.026134
1640,0.025979
1641,0.026067
1642,0.026307
1643,0.026117
1644,0.026224
1645,0.026211
1646,0.026239
1647,0.026030
1648,0.025969
1649,0.026336
1650,0.026066
1651,0.026132
1652,0.025892
1653,0.026274
1654,0.026028
1655,0.025773
1656,0.026111
1657,0.026016
1658,0.026172
1659,0.025945
1660,0.026023
1661,0.052193
1662,0.025782
1663,0.025801
1664,0.026217
1665,0.026018
1666,0.025995
1667,0.025895
1668,0.026215
1669,0.026102
1670,0.025999
1671,0.026157
1672,0.026061
1673,0.026256
1674,0.026103
1675,0.026200
1676,0.025709
1677,0.026173
1678,0.025805
1679,0.026041
1680,0.026244
1681,0.025995
1682,0.026231
1683,0.026252
1684,0.026319
1685,0.025945
1686,0.026107
1687,0.026289
1688,0.026046
1689,0.026252
1690,0.026087
1691,0.026252
1692,0.025962
1693,0.026002
1694,0.026166
1695,0.025911
1696,0.026097
1697,0.025942
1698,0.025833
1699,0.025756
1700,0.025839
1701,0.025859
1702,0.025855
1703,0.025921
1704,0.025735
1705,0.025846
1706,0.025860
1707,0.026226
1708,0.026395
1709,0.026487
1710,0.026473
1711,0.026702
1712,0.026636
1713,0.026846
1714,0.026759
1715,0.026175
1716,0.026074
1717,0.025909
1718,0.025995
1719,0.025706
1720,0.025773
1721,0.025910
1722,0.025730
1723,0.025964
1724,0.025873
1725,0.026154
1726,0.025908
1727,0.025874
1728,0.026055
1729,0.025920
1730,0.025853
1731,0.025780
1732,0.025776
1733,0.026021
1734,0.025782
1735,0.025886
1736,0.025762
1737,0.025891
1738,0.025870
1739,0.025853
1740,0.025944
1741,0.026080
1742,0.026035
1743,0.026094
1744,0.026207
1745,0.026042
1746,0.026195
1747,0.026052
1748,0.026197
1749,0.026082
1750,0.025951
1751,0.025985
1752,0.026069
1753,0.052076
1754,0.026312
1755,0.026226
1756,0.026003
1757,0.026319
1758,0.026092
1759,0.026161
1760,0.025988
1761,0.026406
1762,0.026050
1763,0.025964
1764,0.026243
1765,0.026105
1766,0.026109
1767,0.025902
1768,0.026192
1769,0.026004
1770,0.026228
1771,0.026037
1772,0.025877
1773,0.026169
1774,0.026033
1775,0.026346
1776,0.025992
1777,0.026256
1778,0.025886
1779,0.025852
1780,0.026221
1781,0.026029
1782,0.026201
1783,0.025999
1784,0.026304
1785,0.026103
1786,0.025929
1787,0.026395
1788,0.025870
1789,0.026213
1790,0.025839
1791,0.026249
1792,0.025955
1793,0.026387
1794,0.026061
1795,0.025991
1796,0.026154
1797,0.025998
1798,0.026187
1799,0.025945
1800,0.026274
1801,0.026033
1802,0.025968
1803,0.026127
1804,0.026008
1805,0.026204
1806,0.025919
1807,0.026108
1808,0.026041
1809,0.026016
1810,0.026179
1811,0.025890
1812,0.026208
1813,0.026056
1814,0.026339
1815,0.026042
1816,0.026586
1817,0.026492
1818,0.026172
1819,0.026465
1820,0.026218
1821,0.026277
1822,0.025925
1823,0.026136
1824,0.026364
1825,0.026264
1826,0.026210
1827,0.026147
1828,0.026369
1829,0.026082
1830,0.025868
1831,0.026251
1832,0.025863
1833,0.026141
1834,0.026084
1835,0.026147
1836,0.026044
1837,0.026251
1838,0.025918
1839,0.026146
1840,0.026160
1841,0.026364
1842,0.026112
1843,0.026163
1844,0.026177
1845,0.026180
1846,0.026221
1847,0.026288
1848,0.026037
1849,0.026504
1850,0.026156
1851,0.026231
1852,0.025832
1853,0.026072
1854,0.026207
1855,0.026055
1856,0.026182
1857,0.026165
1858,0.026149
1859,0.026020
1860,0.026065
1861,0.026120
1862,0.025880
1863,0.026042
1864,0.026446
1865,0.027059
1866,0.027036
1867,0.026941
1868,0.027389
1869,0.026843
1870,0.026029
1871,0.026845
1872,0.026302
1873,0.026114
1874,0.026221
1875,0.025926
1876,0.026136
1877,0.026002
1878,0.026213
1879,0.025950
1880,0.025931
1881,0.026232
1882,0.026822
1883,0.025876
1884,0.026102
1885,0.026239
1886,0.025823
1887,0.026192
1888,0.025857
1889,0.026256
1890,0.025947
1891,0.026183
1892,0.025968
1893,0.026199
1894,0.026092
1895,0.025866
1896,0.026283
1897,0.026022
1898,0.026100
1899,0.025981
1900,0.025876
1901,0.026201
1902,0.026050
1903,0.026224
1904,0.026114
1905,0.026212
1906,0.025975
1907,0.026252
1908,0.026140
1909,0.026023
1910,0.026172
1911,0.025924
1912,0.026088
1913,0.026029
1914,0.026192
1915,0.025852
1916,0.025983
1917,0.026256
1918,0.025865
1919,0.026354
1920,0.025839
1921,0.025857
1922,0.025903
1923,0.025943
1924,0.025991
1925,0.025995
1926,0.026051
1927,0.025861
1928,0.026148
1929,0.025976
1930,0.026254
1931,0.025925
1932,0.025749
1933,0.026261
1934,0.025816
1935,0.025952
1936,0.025797
1937,0.026224
1938,0.026015
1939,0.026192
1940,0.026001
1941,0.026122
1942,0.026245
1943,0.026115
1944,0.026290
1945,0.026036
1946,0.026099
1947,0.026052
1948,0.025963
1949,0.026270
1950,0.026113
1951,0.026076
1952,0.025840
1953,0.026165
1954,0.026083
1955,0.025898
1956,0.026262
1957,0.025944
1958,0.026139
1959,0.025864
1960,0.026218
1961,0.026097
1962,0.026129
1963,0.026102
1964,0.025987
1965,0.026264
1966,0.025994
1967,0.026144
1968,0.025957
1969,0.026298
1970,0.025958
1971,0.025866
1972,0.026118
1973,0.026028
1974,0.026217
1975,0.025916
1976,0.026134
1977,0.025806
1978,0.026098
1979,0.025834
1980,0.026001
1981,0.026192
1982,0.025912
1983,0.026286
1984,0.025967
1985,0.026216
1986,0.052798
1987,0.026174
1988,0.025910
1989,0.026582
1990,0.026059
1991,0.026449
1992,0.025982
1993,0.026030
1994,0.051954
1995,0.026039
1996,0.025833
1997,0.026298
1998,0.026134
1999,0.026134
2000,0.026509
2001,0.025896
2002,0.026119
2003,0.026131
2004,0.026191
2005,0.026067
2006,0.026014
2007,0.026246
2008,0.026319
2009,0.026744
2010,0.026480
2011,0.027065
2012,0.026668
2013,0.027006
2014,0.026763
2015,0.026778
2016,0.026365
2017,0.025845
2018,0.026313
2019,0.026796
2020,0.026093
2021,0.026312
2022,0.026671
2023,0.026708
2024,0.026356
2025,0.026586
2026,0.027124
2027,0.027179
2028,0.027384
2029,0.027529
2030,0.025935
2031,0.026590
2032,0.025908
2033,0.026196
2034,0.026012
2035,0.026074
2036,0.026030
2037,0.026280
2038,0.026119
2039,0.025939
2040,0.025830
2041,0.025975
2042,0.026222
2043,0.025802
2044,0.025816
2045,0.025808
2046,0.025849
2047,0.025801
2048,0.025757
2049,0.025843
2050,0.025731
2051,0.025912
2052,0.026194
2053,0.026566
2054,0.026395
2055,0.026001
2056,0.026422
2057,0.027273
2058,0.026115
2059,0.026017
2060,0.026018
2061,0.026316
2062,0.026425
2063,0.025813
2064,0.026346
2065,0.025992
2066,0.026558
2067,0.026016
2068,0.026368
2069,0.026079
2070,0.025945
2071,0.026136
2072,0.025833
2073,0.025959
2074,0.025943
2075,0.025871
2076,0.025943
2077,0.025845
2078,0.025839
2079,0.025945
2080,0.025864
2081,0.025871
2082,0.025875
2083,0.025856
2084,0.025871
2085,0.025747
2086,0.025747
2087,0.025867
2088,0.025857
2089,0.025955
2090,0.025790
2091,0.025791
2092,0.025747
2093,0.025891
2094,0.025903
2095,0.025682
2096,0.025945
2097,0.025872
2098,0.025790
2099,0.025757
2100,0.026186
2101,0.025943
2102,0.026021
2103,0.025823
2104,0.026164
2105,0.026031
2106,0.026303
2107,0.026155
2108,0.026004
2109,0.026152
2110,0.026005
2111,0.026178
2112,0.025986
2113,0.026367
2114,0.025912
2115,0.025919
2116,0.026158
2117,0.026000
2118,0.026127
2119,0.026353
2120,0.026686
2121,0.026688
2122,0.026488
2123,0.026627
2124,0.026630
2125,0.026600
2126,0.026736
2127,0.026529
2128,0.026810
2129,0.026669
2130,0.026775
2131,0.026543
2132,0.026567
2133,0.026809
2134,0.026643
2135,0.026452
2136,0.026615
2137,0.026617
2138,0.026823
2139,0.026323
2140,0.026934
2141,0.026641
2142,0.026610
2143,0.026773
2144,0.026594
2145,0.026797
2146,0.026695
2147,0.026694
2148,0.026730
2149,0.026622
2150,0.026652
2151,0.026626
2152,0.026722
2153,0.026602
2154,0.026351
2155,0.026671
2156,0.026671
2157,0.026570
2158,0.026766
2159,0.026553
2160,0.026750
2161,0.026572
2162,0.026465
2163,0.026959
2164,0.026401
2165,0.026232
2166,0.026220
2167,0.026207
2168,0.025963
2169,0.026023
2170,0.032071
2171,0.026227
2172,0.025979
2173,0.026282
2174,0.025942
2175,0.026138
2176,0.025810
2177,0.026299
2178,0.026275
2179,0.025850
2180,0.026332
2181,0.025804
2182,0.026253
2183,0.025883
2184,0.026230
2185,0.025977
2186,0.025871
2187,0.026267
2188,0.025959
2189,0.026083
2190,0.025987
2191,0.026039
2192,0.025948
2193,0.026311
2194,0.025988
2195,0.026024
2196,0.025955
2197,0.026059
2198,0.026289
2199,0.025927
2200,0.025953
2201,0.026008
2202,0.026119
2203,0.026058
2204,0.025995
2205,0.026265
2206,0.026046
2207,0.025988
2208,0.026016
2209,0.026087
2210,0.026034
2211,0.026024
2212,0.025993
2213,0.026032
2214,0.026024
2215,0.025919
2216,0.026126
2217,0.026000
2218,0.025814
2219,0.025872
2220,0.025899
2221,0.026022
2222,0.025866
2223,0.025777
2224,0.025845
2225,0.026019
2226,0.025821
2227,0.025919
2228,0.025940
2229,0.026040
2230,0.025890
2231,0.025925
2232,0.026177
2233,0.025788
2234,0.025987
2235,0.025910
2236,0.025869
2237,0.025921
2238,0.025858
2239,0.025927
2240,0.025831
2241,0.025841
2242,0.025802
2243,0.025882
2244,0.025866
2245,0.025785
2246,0.025802
2247,0.025875
2248,0.025808
2249,0.025983
2250,0.025727
2251,0.025930
2252,0.026036
2253,0.025859
2254,0.025833
2255,0.025827
2256,0.025901
2257,0.025926
2258,0.025882
2259,0.025889
2260,0.025756
2261,0.026185
2262,0.025734
2263,0.025839
2264,0.025814
2265,0.026006
2266,0.025782
2267,0.025782
2268,0.026243
2269,0.026660
2270,0.027165
2271,0.026685
2272,0.026186
# total_episodes=2272, avg_seconds=0.027506
