# episode_index, seconds
1,0.009349
2,0.006551
3,0.009003
4,0.007099
5,0.011411
6,0.009788
7,0.006686
8,0.005972
9,0.009969
10,0.010557
11,0.007196
12,0.003576
13,0.007360
14,0.011620
15,0.008731
16,0.005862
17,0.006052
18,0.010231
19,0.010574
20,0.185228
21,0.132438
22,0.218201
23,0.127311
24,0.176750
25,0.131153
26,0.131647
27,0.135463
28,0.085990
29,0.127279
30,0.130966
31,0.087628
32,0.133358
33,0.140485
34,0.134471
35,0.131350
36,0.131388
37,0.088177
38,0.131980
39,0.127202
40,0.174194
41,0.088092
42,0.087437
43,0.178080
44,0.158464
45,0.043446
46,0.154408
47,0.131038
48,0.132678
49,0.171586
50,0.172813
51,0.228728
52,0.274008
53,0.171852
54,0.128623
55,0.086437
56,0.121655
57,0.128790
58,0.043901
59,0.135505
60,0.137933
61,0.134265
62,0.221652
63,0.184127
64,0.133867
65,0.088918
66,0.133026
67,0.084627
68,0.088087
69,0.134718
70,0.140783
71,0.092934
72,0.046010
73,0.091721
74,0.089219
75,0.089035
76,0.134726
77,0.134447
78,0.089280
79,0.088696
80,0.128795
81,0.134695
82,0.134773
83,0.144345
84,0.138703
85,0.176885
86,0.128897
87,0.177707
88,0.093251
89,0.134308
90,0.088530
91,0.133588
92,0.085138
93,0.132723
94,0.134624
95,0.138491
96,0.135850
97,0.089366
98,0.127419
99,0.134118
100,0.139692
101,0.102240
102,0.098368
103,0.136591
104,0.132868
105,0.134649
106,0.088983
107,0.129806
108,0.089356
109,0.089850
110,0.089890
111,0.047273
112,0.050207
113,0.096384
114,0.045704
115,0.123574
116,0.043326
117,0.144371
118,0.078355
119,0.092719
120,0.096553
121,0.047284
122,0.094527
123,0.047033
124,0.048886
125,0.048599
126,0.096478
127,0.096605
128,0.093416
129,0.043105
130,0.043679
131,0.046973
132,0.049064
133,0.095091
134,0.044729
135,0.044728
136,0.044538
137,0.049532
138,0.048570
139,0.048133
140,0.097464
141,0.097060
142,0.147701
143,0.049795
144,0.048843
145,0.049033
146,0.049679
147,0.097542
148,0.048027
149,0.047995
150,0.048958
151,0.096473
152,0.048819
153,0.049198
154,0.146343
155,0.097988
156,0.049076
157,0.097215
158,0.095611
159,0.049691
160,0.049335
161,0.049833
162,0.049453
163,0.048135
164,0.097714
165,0.049023
166,0.098185
167,0.048049
168,0.048853
169,0.047850
170,0.049573
171,0.049474
172,0.049144
173,0.049477
174,0.049752
175,0.049294
176,0.048593
177,0.049770
178,0.098158
179,0.049513
180,0.048972
181,0.049397
182,0.049663
183,0.050080
184,0.049636
185,0.049096
186,0.049465
187,0.050069
188,0.049251
189,0.048953
190,0.049472
191,0.048669
192,0.049682
193,0.049487
194,0.048751
195,0.048683
196,0.048374
197,0.048782
198,0.049054
199,0.048057
200,0.049688
201,0.047747
202,0.048701
203,0.049276
204,0.047715
205,0.048417
206,0.097832
207,0.048182
208,0.047710
209,0.049055
210,0.048947
211,0.048058
212,0.098074
213,0.048124
214,0.047724
215,0.049213
216,0.048164
217,0.047713
218,0.048341
219,0.048509
220,0.047865
221,0.049374
222,0.048962
223,0.046778
224,0.048125
225,0.047651
226,0.047919
227,0.049376
228,0.048664
229,0.048612
230,0.097773
231,0.048474
232,0.049314
233,0.048030
234,0.046088
235,0.048696
236,0.048244
237,0.047783
238,0.049347
239,0.047958
240,0.047765
241,0.049631
242,0.047858
243,0.047546
244,0.048088
245,0.048261
246,0.048453
247,0.049305
248,0.048305
249,0.048331
250,0.049525
251,0.047783
252,0.048880
253,0.048812
254,0.047191
255,0.048887
256,0.077305
257,0.043995
258,0.044646
259,0.044071
260,0.043580
261,0.047767
262,0.048456
263,0.049371
264,0.048999
265,0.049628
266,0.049166
267,0.049426
268,0.050095
269,0.048124
270,0.048621
271,0.049429
272,0.048888
273,0.049290
274,0.049444
275,0.047586
276,0.048021
277,0.049279
278,0.049168
279,0.048992
280,0.048417
281,0.049107
282,0.048377
283,0.048906
284,0.050081
285,0.049460
286,0.049642
287,0.049869
288,0.049861
289,0.049730
290,0.048816
291,0.049485
292,0.049211
293,0.048959
294,0.049409
295,0.048864
296,0.047286
297,0.049652
298,0.049502
299,0.049214
300,0.049419
301,0.048772
302,0.098073
303,0.049211
304,0.049112
305,0.098108
306,0.049560
307,0.048928
308,0.097986
309,0.049352
310,0.098349
311,0.049293
312,0.145260
313,0.048090
314,0.095576
315,0.098166
316,0.098348
317,0.048290
318,0.097565
319,0.048496
320,0.049113
321,0.048707
322,0.145866
323,0.097339
324,0.195484
325,0.193671
326,0.193000
327,0.146757
328,0.194084
329,0.145948
330,0.148388
331,0.146499
332,0.145292
333,0.146826
334,0.098451
335,0.097398
336,0.145314
337,0.095459
338,0.097280
339,0.098255
340,0.097312
341,0.145776
342,0.096163
343,0.097767
344,0.097581
345,0.098326
346,0.145217
347,0.144612
348,0.145997
349,0.146799
350,0.048983
351,0.145363
352,0.146014
353,0.145390
354,0.146323
355,0.146336
356,0.096897
357,0.096259
358,0.093978
359,0.049808
360,0.046850
361,0.136109
362,0.088568
363,0.089146
364,0.045358
365,0.089406
366,0.045462
367,0.089551
368,0.044958
369,0.043770
370,0.133257
371,0.138417
372,0.195431
373,0.195753
374,0.145290
375,0.097772
376,0.049475
377,0.049008
378,0.097681
379,0.048846
380,0.098146
381,0.048893
382,0.050029
383,0.049807
384,0.049405
385,0.049431
386,0.048803
387,0.047762
388,0.096412
389,0.096758
390,0.049447
391,0.049824
392,0.047750
393,0.049472
394,0.049665
395,0.049556
396,0.049089
397,0.050118
398,0.048898
399,0.048982
400,0.049011
401,0.048658
402,0.048921
403,0.049029
404,0.048933
405,0.047850
406,0.048530
407,0.047676
408,0.049303
409,0.049018
410,0.048307
411,0.049889
412,0.049877
413,0.047557
414,0.049801
415,0.048606
416,0.049280
417,0.049341
418,0.096880
419,0.048991
420,0.049601
421,0.048788
422,0.048733
423,0.049322
424,0.048861
425,0.049267
426,0.048613
427,0.048881
428,0.048508
429,0.048699
430,0.048591
431,0.048683
432,0.049513
433,0.049220
434,0.048561
435,0.049076
436,0.049119
437,0.049451
438,0.049122
439,0.049518
440,0.049699
441,0.047687
442,0.048539
443,0.049470
444,0.048625
445,0.049118
446,0.049074
447,0.048997
448,0.049368
449,0.048276
450,0.048737
451,0.049015
452,0.049466
453,0.048792
454,0.049169
455,0.049504
456,0.049599
457,0.048325
458,0.049323
459,0.048829
460,0.049923
461,0.049458
462,0.049596
463,0.048571
464,0.049256
465,0.048507
466,0.049381
467,0.048234
468,0.049131
469,0.048648
470,0.049293
471,0.048489
472,0.049162
473,0.049344
474,0.047841
475,0.049161
476,0.049544
477,0.049447
478,0.048541
479,0.048944
480,0.050029
481,0.147503
482,0.047884
483,0.048435
484,0.145549
485,0.046418
486,0.048116
487,0.050115
488,0.048436
489,0.145857
490,0.048736
491,0.048889
492,0.048739
493,0.097306
494,0.048260
495,0.049026
496,0.050230
497,0.146839
498,0.049019
499,0.049190
500,0.049088
501,0.194421
502,0.143930
503,0.048158
504,0.049217
505,0.049564
506,0.143554
507,0.145584
508,0.048157
509,0.049066
510,0.048092
511,0.048956
512,0.047339
513,0.047764
514,0.049464
515,0.048099
516,0.049063
517,0.096711
518,0.048500
519,0.048230
520,0.049439
521,0.048208
522,0.047990
523,0.049223
524,0.048135
525,0.047343
526,0.049166
527,0.048664
528,0.048009
529,0.049452
530,0.048425
531,0.045609
532,0.047480
533,0.047426
534,0.049387
535,0.048199
536,0.048388
537,0.048319
538,0.049356
539,0.048478
540,0.048031
541,0.048906
542,0.047629
543,0.048182
544,0.047921
545,0.048111
546,0.048932
547,0.049021
548,0.049772
549,0.048764
550,0.050110
551,0.049943
552,0.049541
553,0.049264
554,0.048859
555,0.048040
556,0.049606
557,0.049203
558,0.047822
559,0.048985
560,0.049586
561,0.048631
562,0.049027
563,0.050078
564,0.048879
565,0.049278
566,0.049906
567,0.048627
568,0.049630
569,0.049247
570,0.049772
571,0.049427
572,0.049146
573,0.048071
574,0.049863
575,0.049282
576,0.049748
577,0.049184
578,0.049366
579,0.048954
580,0.049690
581,0.049987
582,0.049017
583,0.048592
584,0.049479
585,0.049425
586,0.049215
587,0.049419
588,0.049234
589,0.049599
590,0.049769
591,0.049688
592,0.047658
593,0.049293
594,0.049823
595,0.049436
596,0.049715
597,0.049212
598,0.049202
599,0.049639
600,0.050094
601,0.049242
602,0.049912
603,0.049425
604,0.048509
605,0.048255
606,0.049113
607,0.048647
608,0.049230
609,0.048878
610,0.049624
611,0.049464
612,0.048755
613,0.049120
614,0.050127
615,0.049965
616,0.049982
617,0.048479
618,0.048977
619,0.050189
620,0.049407
621,0.049348
622,0.049308
623,0.048976
624,0.049413
625,0.049381
626,0.049696
627,0.049683
628,0.049611
629,0.049342
630,0.048999
631,0.049921
632,0.048836
633,0.048801
634,0.049575
635,0.049401
636,0.049397
637,0.046458
638,0.045459
639,0.045380
640,0.044257
641,0.043942
642,0.044420
643,0.044335
644,0.044265
645,0.044646
646,0.044730
647,0.044331
648,0.044825
649,0.048210
650,0.048567
651,0.048789
652,0.048978
653,0.049727
654,0.049210
655,0.146181
656,0.048821
657,0.048491
658,0.146963
659,0.146208
660,0.243756
661,0.049547
662,0.098884
663,0.048939
664,0.049583
665,0.049568
666,0.049493
667,0.049230
668,0.049476
669,0.049899
670,0.048532
671,0.049931
672,0.049197
673,0.048479
674,0.098203
675,0.049447
676,0.097837
677,0.049280
678,0.050090
679,0.049210
680,0.049206
681,0.096565
682,0.049748
683,0.098390
684,0.049179
685,0.048439
686,0.049348
687,0.048562
688,0.049705
689,0.048777
690,0.049338
691,0.049268
692,0.095951
693,0.049178
694,0.097586
695,0.048984
696,0.048992
697,0.096889
698,0.097349
699,0.049357
700,0.034068
701,0.044553
702,0.096604
703,0.095430
704,0.096414
705,0.089643
706,0.089069
707,0.044830
708,0.088360
709,0.088542
710,0.044421
711,0.089522
712,0.088979
713,0.131595
714,0.044107
715,0.043986
716,0.087957
717,0.045357
718,0.043509
719,0.043348
720,0.043752
721,0.045230
722,0.089549
723,0.045301
724,0.044766
725,0.134436
726,0.136595
727,0.195696
728,0.194625
729,0.147897
730,0.185228
731,0.141938
732,0.097996
733,0.097860
734,0.093887
735,0.098240
736,0.097659
737,0.048913
738,0.097113
739,0.048961
740,0.097759
741,0.049584
742,0.098865
743,0.098854
744,0.099462
745,0.049932
746,0.050132
747,0.096182
748,0.094414
749,0.145788
750,0.096546
751,0.048834
752,0.098540
753,0.097102
754,0.048406
755,0.048107
756,0.097934
757,0.048119
758,0.098036
759,0.048924
760,0.099621
761,0.098277
762,0.099193
763,0.048542
764,0.099663
765,0.098001
766,0.049138
767,0.048762
768,0.049331
769,0.097594
770,0.098017
771,0.049223
772,0.049279
773,0.049346
774,0.049338
775,0.048695
776,0.048720
777,0.048916
778,0.049238
779,0.049752
780,0.050101
781,0.049469
782,0.050226
783,0.049099
784,0.048754
785,0.049187
786,0.049384
787,0.049131
788,0.048841
789,0.047651
790,0.049613
791,0.049949
792,0.050023
793,0.049521
794,0.049549
795,0.097657
796,0.098743
797,0.049716
798,0.048961
799,0.049575
800,0.146935
801,0.146483
802,0.145935
803,0.146713
804,0.146308
805,0.147075
806,0.195160
807,0.146274
808,0.147425
809,0.098199
810,0.049576
811,0.049047
812,0.049873
813,0.049189
814,0.048078
815,0.049000
816,0.048935
817,0.049782
818,0.048847
819,0.048992
820,0.049436
821,0.049612
822,0.049213
823,0.048035
824,0.049614
825,0.048558
826,0.098457
827,0.046832
828,0.045588
829,0.049220
830,0.048273
831,0.049496
832,0.047615
833,0.050897
834,0.043933
835,0.044416
836,0.044051
837,0.044089
838,0.044476
839,0.044422
840,0.043940
841,0.044522
842,0.043984
843,0.043695
844,0.044192
845,0.044403
846,0.044510
847,0.056774
848,0.043555
849,0.043804
850,0.044022
851,0.044387
852,0.044336
853,0.043954
854,0.044169
855,0.043565
856,0.044042
857,0.043584
858,0.044252
859,0.044239
860,0.044576
861,0.044627
862,0.044474
863,0.043949
864,0.044181
865,0.043603
866,0.044501
867,0.044426
868,0.043859
869,0.044134
870,0.044201
871,0.043833
872,0.045046
873,0.043812
874,0.043858
875,0.044004
876,0.044092
877,0.043809
878,0.043832
879,0.044644
880,0.044304
881,0.044748
882,0.042977
883,0.045128
884,0.044377
885,0.044363
886,0.044754
887,0.044423
888,0.045147
889,0.045971
890,0.044574
891,0.044878
892,0.045094
893,0.045159
894,0.049267
895,0.049616
896,0.049534
897,0.049413
898,0.050067
899,0.049294
900,0.049713
901,0.098394
902,0.097519
903,0.098236
904,0.193593
905,0.193883
906,0.196210
907,0.194508
908,0.192661
909,0.146723
910,0.136201
911,0.132080
912,0.176823
913,0.177004
914,0.176041
915,0.175967
916,0.130950
917,0.169153
918,0.128815
919,0.043864
920,0.175162
921,0.043618
922,0.129953
923,0.129993
924,0.044468
925,0.043955
926,0.044295
927,0.043949
928,0.043710
929,0.043812
930,0.044019
931,0.088149
932,0.044012
933,0.044023
934,0.044076
935,0.044332
936,0.043847
937,0.044224
938,0.044145
939,0.044249
940,0.043483
941,0.175382
942,0.044146
943,0.044029
944,0.044145
945,0.044182
946,0.043931
947,0.044469
948,0.043844
949,0.043744
950,0.044044
951,0.043588
952,0.043784
953,0.043762
954,0.043708
955,0.044009
956,0.043970
957,0.044894
958,0.044417
959,0.044377
960,0.044003
961,0.043831
962,0.043984
963,0.048182
964,0.048734
965,0.049144
966,0.048553
967,0.049535
968,0.049082
969,0.049174
970,0.047776
971,0.049510
972,0.049045
973,0.049322
974,0.049804
975,0.049694
976,0.049834
977,0.049705
978,0.048441
979,0.049347
980,0.049406
981,0.049830
982,0.048576
983,0.049667
984,0.050003
985,0.049153
986,0.049789
987,0.048980
988,0.048636
989,0.048897
990,0.049455
991,0.048041
992,0.049185
993,0.049363
994,0.049387
995,0.049022
996,0.049459
997,0.046730
998,0.045476
999,0.048421
1000,0.046073
1001,0.048612
1002,0.048617
1003,0.047502
1004,0.049488
1005,0.046651
1006,0.048154
1007,0.047931
1008,0.046908
1009,0.048820
1010,0.046858
1011,0.058392
1012,0.047125
1013,0.045289
1014,0.045581
1015,0.045279
1016,0.047812
1017,0.049261
1018,0.048021
1019,0.046916
1020,0.049156
1021,0.048084
1022,0.048129
1023,0.048986
1024,0.045561
1025,0.045379
1026,0.049339
1027,0.049279
1028,0.048332
1029,0.047178
1030,0.048751
1031,0.048550
1032,0.047633
1033,0.048380
1034,0.048567
1035,0.050899
1036,0.048923
1037,0.049069
1038,0.049250
1039,0.048331
1040,0.048954
1041,0.048664
1042,0.048691
1043,0.048784
1044,0.048431
1045,0.048818
1046,0.046375
1047,0.046553
1048,0.048763
1049,0.048273
1050,0.048975
1051,0.048771
1052,0.094618
1053,0.090503
1054,0.090655
1055,0.090204
1056,0.090275
1057,0.088965
1058,0.088239
1059,0.044671
1060,0.044803
1061,0.045253
1062,0.043632
1063,0.044900
1064,0.044266
1065,0.044623
1066,0.041590
1067,0.046268
1068,0.045003
1069,0.045288
1070,0.044892
1071,0.042772
1072,0.062805
1073,0.046068
1074,0.048458
1075,0.048863
1076,0.047783
1077,0.048932
1078,0.048860
1079,0.048867
1080,0.047381
1081,0.047937
1082,0.046770
1083,0.048354
1084,0.048848
1085,0.047893
1086,0.048041
1087,0.041103
1088,0.033258
1089,0.040245
1090,0.057325
1091,0.044751
1092,0.044710
1093,0.044724
1094,0.067566
1095,0.044877
1096,0.043860
1097,0.046351
1098,0.044307
1099,0.044419
1100,0.045138
1101,0.044754
1102,0.044329
1103,0.047977
1104,0.048311
1105,0.049237
1106,0.049465
1107,0.045466
1108,0.048745
1109,0.049190
1110,0.048126
1111,0.049189
1112,0.049087
1113,0.049061
1114,0.049299
1115,0.048608
1116,0.049014
1117,0.048973
1118,0.049779
1119,0.049166
1120,0.048935
1121,0.048138
1122,0.048303
1123,0.049131
1124,0.049402
1125,0.048729
1126,0.049303
1127,0.049423
1128,0.048940
1129,0.048460
1130,0.049369
1131,0.047555
1132,0.048678
1133,0.048556
1134,0.045818
1135,0.040270
1136,0.044093
1137,0.044469
1138,0.044144
1139,0.103184
1140,0.086191
1141,0.091570
1142,0.047748
1143,0.096868
1144,0.096474
1145,0.046850
1146,0.145613
1147,0.095745
1148,0.096440
1149,0.096883
1150,0.097216
1151,0.047231
1152,0.094500
1153,0.093961
1154,0.096723
1155,0.098597
1156,0.143808
1157,0.144292
1158,0.145138
1159,0.145843
1160,0.144833
1161,0.145421
1162,0.097652
1163,0.172707
1164,0.146190
1165,0.145566
1166,0.143869
1167,0.145879
1168,0.146227
1169,0.145153
1170,0.097631
1171,0.142444
1172,0.146121
1173,0.097561
1174,0.097885
1175,0.049220
1176,0.048795
1177,0.097940
1178,0.050119
1179,0.097701
1180,0.048639
1181,0.049504
1182,0.048929
1183,0.047853
1184,0.097779
1185,0.043785
1186,0.088149
1187,0.087531
1188,0.044024
1189,0.043811
1190,0.044241
1191,0.043806
1192,0.044330
1193,0.043942
1194,0.044577
1195,0.043654
1196,0.044128
1197,0.044000
1198,0.044125
1199,0.045175
1200,0.044324
1201,0.044583
1202,0.044360
1203,0.046864
1204,0.044351
1205,0.044953
1206,0.044275
1207,0.045531
1208,0.048829
1209,0.097879
1210,0.049272
1211,0.047932
1212,0.097758
1213,0.096949
1214,0.048944
1215,0.049249
1216,0.049785
1217,0.048809
1218,0.048141
1219,0.098208
1220,0.096670
1221,0.097244
1222,0.097248
1223,0.096182
1224,0.048657
1225,0.049179
1226,0.049226
1227,0.049147
1228,0.048891
1229,0.049373
1230,0.049253
1231,0.049503
1232,0.048725
1233,0.049478
1234,0.048566
1235,0.049383
1236,0.046758
1237,0.049003
1238,0.048705
1239,0.049485
1240,0.048962
1241,0.049586
1242,0.048589
1243,0.049337
1244,0.049413
1245,0.048560
1246,0.049598
1247,0.049839
1248,0.096488
1249,0.048673
1250,0.049525
1251,0.048368
1252,0.048721
1253,0.049413
1254,0.049453
1255,0.047977
1256,0.048794
1257,0.049070
1258,0.049380
1259,0.048869
1260,0.049295
1261,0.049942
1262,0.049615
1263,0.048950
1264,0.048148
1265,0.048988
1266,0.049072
1267,0.049336
1268,0.049378
1269,0.049016
1270,0.049295
1271,0.049406
1272,0.049147
1273,0.049223
1274,0.049285
1275,0.048397
1276,0.049521
1277,0.047850
1278,0.048827
1279,0.048368
1280,0.047983
1281,0.045289
1282,0.049580
1283,0.049406
1284,0.047689
1285,0.048222
1286,0.049809
1287,0.049176
1288,0.049140
1289,0.047988
1290,0.049311
1291,0.048621
1292,0.049867
1293,0.048016
1294,0.048603
1295,0.048443
1296,0.048921
1297,0.048570
1298,0.049260
1299,0.045070
1300,0.049678
1301,0.049220
1302,0.049145
1303,0.048186
1304,0.048007
1305,0.048643
1306,0.048966
1307,0.048990
1308,0.048743
1309,0.049437
1310,0.048999
1311,0.048942
1312,0.048858
1313,0.049404
1314,0.048686
1315,0.048325
1316,0.048998
1317,0.047931
1318,0.048836
1319,0.048995
1320,0.049204
1321,0.048680
1322,0.048451
1323,0.143861
1324,0.147328
1325,0.145674
1326,0.147233
1327,0.146180
1328,0.146595
1329,0.145591
1330,0.059582
1331,0.059315
1332,0.059763
1333,0.089576
1334,0.060388
1335,0.059716
1336,0.060359
1337,0.061333
1338,0.029898
1339,0.030811
1340,0.030247
1341,0.059959
1342,0.030166
1343,0.030611
1344,0.029991
1345,0.030417
1346,0.030087
1347,0.030270
1348,0.029916
1349,0.030837
1350,0.029102
1351,0.030497
1352,0.030213
1353,0.030373
1354,0.030380
1355,0.029935
1356,0.030465
1357,0.030392
1358,0.030364
1359,0.030283
1360,0.030459
1361,0.030579
1362,0.030876
1363,0.030096
1364,0.030358
1365,0.030125
1366,0.030561
1367,0.030151
1368,0.030458
1369,0.030117
1370,0.030057
1371,0.030472
1372,0.030395
1373,0.030493
1374,0.030269
1375,0.030266
1376,0.030323
1377,0.030387
1378,0.029980
1379,0.030228
1380,0.030159
1381,0.030499
1382,0.030603
1383,0.030231
1384,0.030560
1385,0.030329
1386,0.030342
1387,0.030140
1388,0.030164
1389,0.030428
1390,0.030486
1391,0.030354
1392,0.030437
1393,0.030446
1394,0.030201
1395,0.030384
1396,0.030570
1397,0.030354
1398,0.030490
1399,0.030652
1400,0.030346
1401,0.030276
1402,0.030220
1403,0.030069
1404,0.030036
1405,0.030186
1406,0.030210
1407,0.030256
1408,0.029766
1409,0.030135
1410,0.030331
1411,0.029855
1412,0.030265
1413,0.029605
1414,0.029745
1415,0.030288
1416,0.030145
1417,0.029577
1418,0.029626
1419,0.029978
1420,0.030077
1421,0.030317
1422,0.030135
1423,0.030343
1424,0.029823
1425,0.029653
1426,0.030173
1427,0.029903
1428,0.029625
1429,0.029741
1430,0.030036
1431,0.029511
1432,0.030044
1433,0.030074
1434,0.029612
1435,0.030171
1436,0.032253
1437,0.031944
1438,0.031904
1439,0.034486
1440,0.028622
1441,0.039129
1442,0.046557
1443,0.046510
1444,0.050757
1445,0.047400
1446,0.046653
1447,0.047126
1448,0.047049
1449,0.048735
1450,0.047626
1451,0.047235
1452,0.049840
1453,0.047631
1454,0.047399
1455,0.046560
1456,0.050160
1457,0.046509
1458,0.045572
1459,0.080078
1460,0.051043
1461,0.048043
1462,0.046625
1463,0.046971
1464,0.047715
1465,0.048597
1466,0.047300
1467,0.046651
1468,0.050744
1469,0.047328
1470,0.047262
1471,0.047011
1472,0.048738
1473,0.046647
1474,0.047722
1475,0.047475
1476,0.051114
1477,0.047657
1478,0.046715
1479,0.046759
1480,0.047392
1481,0.048634
1482,0.047771
1483,0.047282
1484,0.048667
1485,0.049599
1486,0.046927
1487,0.047378
1488,0.049498
1489,0.047981
1490,0.047087
1491,0.047384
1492,0.050451
1493,0.047850
1494,0.046795
1495,0.046888
1496,0.047882
1497,0.047231
1498,0.047858
1499,0.047684
1500,0.050535
1501,0.047605
1502,0.046917
1503,0.093467
1504,0.048288
1505,0.094839
1506,0.097740
1507,0.091924
1508,0.047686
1509,0.048473
1510,0.093844
1511,0.097905
1512,0.093186
1513,0.094101
1514,0.094865
1515,0.097435
1516,0.047757
1517,0.046791
1518,0.046131
1519,0.096218
1520,0.093752
1521,0.097568
1522,0.140143
1523,0.095960
1524,0.095372
1525,0.096004
1526,0.093033
1527,0.141259
1528,0.094050
1529,0.099344
1530,0.047268
1531,0.046162
1532,0.096246
1533,0.047104
1534,0.047269
1535,0.047366
1536,0.050919
1537,0.047073
1538,0.047072
1539,0.079361
1540,0.048995
1541,0.046617
1542,0.047206
1543,0.051787
1544,0.047884
1545,0.046733
1546,0.047237
1547,0.047884
1548,0.048802
1549,0.047596
1550,0.046728
1551,0.047767
1552,0.049873
1553,0.046933
1554,0.046961
1555,0.046292
1556,0.048041
1557,0.048096
1558,0.047623
1559,0.050906
1560,0.051673
1561,0.045963
1562,0.048874
1563,0.047179
1564,0.047675
1565,0.047643
1566,0.051198
1567,0.047252
1568,0.048299
1569,0.046082
1570,0.048630
1571,0.047897
1572,0.047566
1573,0.051032
1574,0.048220
1575,0.046792
1576,0.046020
1577,0.048005
1578,0.048163
1579,0.047632
1580,0.047394
1581,0.049388
1582,0.049163
1583,0.047228
1584,0.046041
1585,0.048114
1586,0.047647
1587,0.046986
1588,0.047510
1589,0.049285
1590,0.048577
1591,0.047249
1592,0.047431
1593,0.046355
1594,0.048546
1595,0.047070
1596,0.046938
1597,0.047767
1598,0.051698
1599,0.047613
1600,0.045875
1601,0.042217
1602,0.027447
1603,0.027768
1604,0.028131
1605,0.028082
1606,0.027406
1607,0.027682
1608,0.027533
1609,0.027203
1610,0.046864
1611,0.046856
1612,0.047139
1613,0.046438
1614,0.047462
1615,0.048104
1616,0.047130
1617,0.047732
1618,0.050838
1619,0.047794
1620,0.046255
1621,0.046753
1622,0.049796
1623,0.047108
1624,0.048747
1625,0.049845
1626,0.047350
1627,0.046935
1628,0.046844
1629,0.046255
1630,0.048225
1631,0.047131
1632,0.047075
1633,0.048195
1634,0.051023
1635,0.047681
1636,0.047247
1637,0.047840
1638,0.047299
1639,0.047232
1640,0.047266
1641,0.051122
1642,0.048236
1643,0.047133
1644,0.046113
1645,0.046430
1646,0.048722
1647,0.048531
1648,0.047310
1649,0.047755
1650,0.050646
1651,0.045935
1652,0.046521
1653,0.046284
1654,0.048471
1655,0.047325
1656,0.047904
1657,0.047581
1658,0.051029
1659,0.047987
1660,0.046674
1661,0.046855
1662,0.049174
1663,0.047381
1664,0.047993
1665,0.050756
1666,0.047232
1667,0.046548
1668,0.046199
1669,0.045987
1670,0.045659
1671,0.047904
1672,0.047017
1673,0.046797
1674,0.046455
1675,0.046947
1676,0.050761
1677,0.060980
1678,0.046285
1679,0.050765
1680,0.047188
1681,0.046231
1682,0.046631
1683,0.046041
1684,0.045484
1685,0.048207
1686,0.047293
1687,0.046837
1688,0.046495
1689,0.046972
1690,0.049971
1691,0.047081
1692,0.046387
1693,0.047060
1694,0.048281
1695,0.046608
1696,0.046299
1697,0.046248
1698,0.046343
1699,0.050340
1700,0.047301
1701,0.046315
1702,0.046474
1703,0.046010
1704,0.045864
1705,0.047347
1706,0.047700
1707,0.093032
1708,0.097065
1709,0.093365
1710,0.046234
1711,0.091321
1712,0.094574
1713,0.092312
1714,0.093789
1715,0.095415
1716,0.091918
1717,0.137872
1718,0.092370
1719,0.092930
1720,0.097405
1721,0.047654
1722,0.092887
1723,0.045620
1724,0.047409
1725,0.047328
1726,0.045400
1727,0.047148
1728,0.046933
1729,0.050820
1730,0.047408
1731,0.047167
1732,0.046336
1733,0.046352
1734,0.046080
1735,0.047715
1736,0.047261
1737,0.048049
1738,0.046881
1739,0.049993
1740,0.047455
1741,0.047168
1742,0.046611
1743,0.045807
1744,0.045909
1745,0.048856
1746,0.046765
1747,0.046307
1748,0.045656
1749,0.047277
1750,0.048025
1751,0.049010
1752,0.045382
1753,0.045870
1754,0.045777
1755,0.046845
1756,0.045841
1757,0.046325
1758,0.046253
1759,0.045549
1760,0.045667
1761,0.049180
1762,0.046329
1763,0.056989
1764,0.047007
1765,0.047284
1766,0.045174
1767,0.045372
1768,0.046104
1769,0.064625
1770,0.047458
1771,0.046519
1772,0.046477
1773,0.046648
1774,0.045792
1775,0.047330
1776,0.047877
1777,0.047027
1778,0.046712
1779,0.047275
1780,0.051256
1781,0.046000
1782,0.046177
1783,0.046442
1784,0.046356
1785,0.047841
1786,0.092797
1787,0.046765
1788,0.045926
1789,0.046773
1790,0.046592
1791,0.050114
1792,0.046993
1793,0.045709
1794,0.047125
1795,0.047253
1796,0.047722
1797,0.045965
1798,0.047127
1799,0.046925
1800,0.045949
1801,0.050584
1802,0.046910
1803,0.046075
1804,0.045719
1805,0.045985
1806,0.046162
1807,0.045561
1808,0.047863
1809,0.048146
1810,0.047287
1811,0.048747
1812,0.049556
1813,0.047370
1814,0.046832
1815,0.047037
1816,0.046895
1817,0.047433
1818,0.047833
1819,0.047268
1820,0.048845
# total_episodes=1820, avg_seconds=0.061573
