# episode_index, seconds
1,0.015104
2,0.009117
3,0.011035
4,0.002609
5,0.011860
6,0.012276
7,0.002259
8,0.010166
9,0.007715
10,0.009038
11,0.013378
12,0.006525
13,0.012538
14,0.009865
15,0.009570
16,0.011410
17,0.003077
18,0.006118
19,0.008083
20,0.016544
21,0.007068
22,0.006727
23,0.018715
24,0.185964
25,0.130317
26,0.216236
27,0.239813
28,0.131385
29,0.174340
30,0.130449
31,0.043806
32,0.086896
33,0.092179
34,0.144838
35,0.098130
36,0.087618
37,0.087513
38,0.044231
39,0.043944
40,0.130980
41,0.086446
42,0.088258
43,0.043602
44,0.087490
45,0.130770
46,0.131566
47,0.173606
48,0.128247
49,0.128385
50,0.127672
51,0.166625
52,0.171728
53,0.043136
54,0.129542
55,0.088797
56,0.131556
57,0.088008
58,0.044181
59,0.130789
60,0.132030
61,0.132356
62,0.176298
63,0.131407
64,0.044394
65,0.044056
66,0.175403
67,0.043837
68,0.044262
69,0.043657
70,0.044156
71,0.087246
72,0.044300
73,0.043879
74,0.043939
75,0.044294
76,0.087663
77,0.043537
78,0.044202
79,0.045200
80,0.033834
81,0.042669
82,0.042870
83,0.043921
84,0.044094
85,0.044971
86,0.087643
87,0.044292
88,0.044425
89,0.044153
90,0.044265
91,0.044548
92,0.043881
93,0.044140
94,0.044477
95,0.043444
96,0.044206
97,0.044072
98,0.044393
99,0.043924
100,0.043806
101,0.043574
102,0.047644
103,0.043193
104,0.043545
105,0.043639
106,0.043628
107,0.044204
108,0.043604
109,0.043730
110,0.044210
111,0.043520
112,0.044033
113,0.044198
114,0.043926
115,0.043779
116,0.086310
117,0.044130
118,0.043680
119,0.043467
120,0.045728
121,0.043658
122,0.044029
123,0.044239
124,0.038298
125,0.047068
126,0.087219
127,0.044303
128,0.043882
129,0.044223
130,0.044988
131,0.044518
132,0.087455
133,0.043814
134,0.044049
135,0.044057
136,0.043930
137,0.044338
138,0.043792
139,0.090901
140,0.045180
141,0.045091
142,0.048484
143,0.094944
144,0.048419
145,0.048691
146,0.048157
147,0.048419
148,0.048926
149,0.049569
150,0.048054
151,0.097790
152,0.049188
153,0.047658
154,0.048997
155,0.048353
156,0.048397
157,0.049081
158,0.096911
159,0.047433
160,0.047879
161,0.046563
162,0.047932
163,0.048493
164,0.049057
165,0.047743
166,0.096657
167,0.048658
168,0.048331
169,0.048472
170,0.047955
171,0.048748
172,0.048537
173,0.048345
174,0.047995
175,0.048888
176,0.049322
177,0.049395
178,0.047323
179,0.049078
180,0.048278
181,0.049325
182,0.048571
183,0.048898
184,0.048003
185,0.045936
186,0.048415
187,0.048389
188,0.048013
189,0.097063
190,0.095199
191,0.048149
192,0.047814
193,0.049168
194,0.049640
195,0.047576
196,0.049421
197,0.048941
198,0.049266
199,0.048212
200,0.048930
201,0.049439
202,0.048758
203,0.048417
204,0.047785
205,0.047922
206,0.048254
207,0.046954
208,0.048344
209,0.047851
210,0.096948
211,0.048067
212,0.048764
213,0.048961
214,0.048856
215,0.049263
216,0.049149
217,0.047587
218,0.049152
219,0.048438
220,0.048817
221,0.048972
222,0.049090
223,0.049097
224,0.048382
225,0.048722
226,0.049001
227,0.049054
228,0.048228
229,0.049686
230,0.049455
231,0.047815
232,0.048029
233,0.097101
234,0.047426
235,0.048139
236,0.048340
237,0.047892
238,0.048992
239,0.048919
240,0.047815
241,0.048703
242,0.048750
243,0.047894
244,0.049353
245,0.048774
246,0.048307
247,0.048141
248,0.048627
249,0.048929
250,0.049129
251,0.049016
252,0.048388
253,0.049166
254,0.048568
255,0.048403
256,0.048929
257,0.044938
258,0.047950
259,0.048188
260,0.049616
261,0.048103
262,0.048189
263,0.049904
264,0.047173
265,0.092086
266,0.048079
267,0.047411
268,0.047065
269,0.047927
270,0.095493
271,0.049036
272,0.048804
273,0.047802
274,0.047365
275,0.095214
276,0.048205
277,0.097245
278,0.047907
279,0.097631
280,0.093382
281,0.097394
282,0.048781
283,0.094263
284,0.043934
285,0.088787
286,0.088044
287,0.044621
288,0.087053
289,0.044762
290,0.043986
291,0.043629
292,0.044471
293,0.048083
294,0.049457
295,0.048104
296,0.048446
297,0.046465
298,0.045819
299,0.095518
300,0.049703
301,0.049430
302,0.047682
303,0.097456
304,0.048458
305,0.047347
306,0.048532
307,0.047888
308,0.049012
309,0.049047
310,0.048097
311,0.098386
312,0.097949
313,0.049259
314,0.096423
315,0.096611
316,0.098931
317,0.095644
318,0.096221
319,0.095214
320,0.049013
321,0.096775
322,0.096730
323,0.097417
324,0.048693
325,0.047900
326,0.048376
327,0.047776
328,0.048250
329,0.049321
330,0.047814
331,0.048563
332,0.049320
333,0.048725
334,0.046058
335,0.044966
336,0.044040
337,0.045074
338,0.043793
339,0.044415
340,0.045575
341,0.045202
342,0.044485
343,0.043504
344,0.043545
345,0.044424
346,0.041899
347,0.045056
348,0.046537
349,0.045016
350,0.043895
351,0.045948
352,0.045007
353,0.044000
354,0.043582
355,0.044746
356,0.044124
357,0.043544
358,0.043341
359,0.044191
360,0.043826
361,0.044279
362,0.044480
363,0.043938
364,0.044598
365,0.044443
366,0.043172
367,0.043084
368,0.042275
369,0.042971
370,0.043756
371,0.044030
372,0.044331
373,0.042340
374,0.043694
375,0.043617
376,0.043549
377,0.043871
378,0.043191
379,0.043466
380,0.043742
381,0.043674
382,0.043999
383,0.044231
384,0.043865
385,0.043567
386,0.042901
387,0.044022
388,0.043419
389,0.043111
390,0.088302
391,0.043872
392,0.043885
393,0.044117
394,0.042999
395,0.086302
396,0.043791
397,0.043880
398,0.043933
399,0.087134
400,0.043856
401,0.043841
402,0.042690
403,0.042683
404,0.042007
405,0.086419
406,0.043781
407,0.045226
408,0.043761
409,0.063272
410,0.048261
411,0.095901
412,0.048775
413,0.047854
414,0.048974
415,0.097565
416,0.048935
417,0.048646
418,0.047819
419,0.049011
420,0.046747
421,0.048002
422,0.048530
423,0.049295
424,0.046931
425,0.044568
426,0.044477
427,0.044370
428,0.048106
429,0.048026
430,0.049018
431,0.096837
432,0.045327
433,0.043962
434,0.089055
435,0.043802
436,0.044086
437,0.044520
438,0.177268
439,0.044428
440,0.132791
441,0.132371
442,0.087794
443,0.087848
444,0.044352
445,0.044389
446,0.088314
447,0.043824
448,0.043686
449,0.088568
450,0.043143
451,0.043536
452,0.043667
453,0.086984
454,0.087465
455,0.087712
456,0.044395
457,0.043918
458,0.043959
459,0.043706
460,0.043234
461,0.044110
462,0.085844
463,0.043148
464,0.042419
465,0.044043
466,0.043024
467,0.044075
468,0.042459
469,0.045839
470,0.043553
471,0.044201
472,0.044282
473,0.044499
474,0.044797
475,0.044288
476,0.043983
477,0.044371
478,0.043907
479,0.044174
480,0.044778
481,0.045513
482,0.044911
483,0.047206
484,0.048255
485,0.048393
486,0.049033
487,0.049211
488,0.049013
489,0.047735
490,0.049266
491,0.048368
492,0.048643
493,0.095006
494,0.049451
495,0.047885
496,0.096650
497,0.048720
498,0.064777
499,0.097437
500,0.048452
501,0.048350
502,0.048148
503,0.048722
504,0.045570
505,0.044658
506,0.045250
507,0.049255
508,0.049044
509,0.047385
510,0.048797
511,0.047696
512,0.047517
513,0.047492
514,0.048092
515,0.046918
516,0.144172
517,0.048937
518,0.049624
519,0.049121
520,0.046453
521,0.044897
522,0.043724
523,0.044097
524,0.044591
525,0.043889
526,0.043682
527,0.044245
528,0.047446
529,0.048160
530,0.048456
531,0.048567
532,0.048364
533,0.047485
534,0.048122
535,0.048839
536,0.141008
537,0.048034
538,0.048731
539,0.048321
540,0.048373
541,0.048304
542,0.047969
543,0.049411
544,0.047638
545,0.049303
546,0.147389
547,0.049683
548,0.047977
549,0.048117
550,0.048632
551,0.095449
552,0.048851
553,0.095790
554,0.048487
555,0.047493
556,0.047923
557,0.097032
558,0.048348
559,0.048326
560,0.047945
561,0.047664
562,0.048003
563,0.095510
564,0.047805
565,0.048705
566,0.048237
567,0.049459
568,0.047638
569,0.049229
570,0.048795
571,0.048962
572,0.049693
573,0.046334
574,0.048725
575,0.046897
576,0.048095
577,0.047557
578,0.095343
579,0.048769
580,0.048672
581,0.048464
582,0.047877
583,0.047393
584,0.096323
585,0.045901
586,0.095446
587,0.047544
588,0.048481
589,0.061896
590,0.048257
591,0.048784
592,0.048925
593,0.094280
594,0.045542
595,0.045404
596,0.045217
597,0.046263
598,0.046713
599,0.046554
600,0.045873
601,0.048769
602,0.102822
603,0.046461
604,0.045012
605,0.044197
606,0.048236
607,0.097300
608,0.046059
609,0.046922
610,0.095147
611,0.048953
612,0.046641
613,0.046284
614,0.048760
615,0.048788
616,0.048226
617,0.049242
618,0.093689
619,0.048553
620,0.047700
621,0.047613
622,0.048468
623,0.049418
624,0.049420
625,0.046249
626,0.097066
627,0.046571
628,0.134523
629,0.045119
630,0.043628
631,0.043774
632,0.133183
633,0.045109
634,0.044238
635,0.175272
636,0.044051
637,0.174583
638,0.175357
639,0.174157
640,0.130973
641,0.131796
642,0.176014
643,0.088970
644,0.134335
645,0.132740
646,0.175891
647,0.088808
648,0.131874
649,0.097268
650,0.139088
651,0.132129
652,0.173820
653,0.130965
654,0.131334
655,0.130908
656,0.043972
657,0.121846
658,0.136584
659,0.048660
660,0.048988
661,0.143106
662,0.049738
663,0.045945
664,0.044151
665,0.044432
666,0.044604
667,0.044503
668,0.043882
669,0.089228
670,0.045990
671,0.044827
672,0.046853
673,0.046854
674,0.048519
675,0.045057
676,0.047088
677,0.049341
678,0.097948
679,0.044127
680,0.038456
681,0.029414
682,0.095094
683,0.043551
684,0.043994
685,0.063173
686,0.046479
687,0.048585
688,0.044677
689,0.046180
690,0.049189
691,0.048629
692,0.049032
693,0.049104
694,0.049183
695,0.049255
696,0.048699
697,0.048445
698,0.048616
699,0.095572
700,0.048575
701,0.048935
702,0.048633
703,0.047953
704,0.048706
705,0.047799
706,0.047696
707,0.047548
708,0.047454
709,0.048511
710,0.095401
711,0.047556
712,0.048068
713,0.048815
714,0.046804
715,0.047941
716,0.048691
717,0.049113
718,0.049289
719,0.048920
720,0.048073
721,0.047529
722,0.049533
723,0.048802
724,0.049253
725,0.048605
726,0.047975
727,0.048568
728,0.049095
729,0.048345
730,0.049140
731,0.080637
732,0.043607
733,0.043667
734,0.043554
735,0.044374
736,0.043719
737,0.043901
738,0.043492
739,0.043419
740,0.043608
741,0.078892
742,0.043876
743,0.044218
744,0.038329
745,0.090010
746,0.075707
747,0.088381
748,0.045133
749,0.135871
750,0.144193
751,0.095900
752,0.093755
753,0.146089
754,0.049461
755,0.048811
756,0.135558
757,0.088540
758,0.044655
759,0.096354
760,0.047871
761,0.095389
762,0.097141
763,0.048879
764,0.048765
765,0.049313
766,0.048625
767,0.049310
768,0.048705
769,0.096416
770,0.096373
771,0.048993
772,0.048841
773,0.144057
774,0.047943
775,0.047543
776,0.096474
777,0.146481
778,0.047412
779,0.193870
780,0.048367
781,0.154701
782,0.044216
783,0.174186
784,0.177462
785,0.176300
786,0.176298
787,0.176127
788,0.175076
789,0.176840
790,0.044621
791,0.176577
792,0.045141
793,0.048889
794,0.145578
795,0.047743
796,0.088539
797,0.072348
798,0.049191
799,0.094552
800,0.210373
801,0.034702
802,0.046379
803,0.046003
804,0.052907
805,0.048428
806,0.048517
807,0.046649
808,0.046687
809,0.124121
810,0.045449
811,0.045849
812,0.045379
813,0.045656
814,0.090036
815,0.046641
816,0.046696
817,0.045536
818,0.046331
819,0.046284
820,0.047907
821,0.047458
822,0.041135
823,0.035217
824,0.035917
825,0.035872
826,0.038885
827,0.040590
828,0.044618
829,0.045143
830,0.046094
831,0.044804
832,0.044951
833,0.046229
834,0.045129
835,0.046155
836,0.047248
837,0.045387
838,0.045792
839,0.045297
840,0.045890
841,0.046007
842,0.046160
843,0.047223
844,0.046541
845,0.046503
846,0.045849
847,0.048201
848,0.044984
849,0.046383
850,0.046018
851,0.045637
852,0.075361
853,0.091805
854,0.046402
855,0.045313
856,0.045737
857,0.045386
858,0.044988
859,0.045683
860,0.045858
861,0.089914
862,0.045632
863,0.045363
864,0.046011
865,0.045900
866,0.045642
867,0.044916
868,0.047691
869,0.045834
870,0.045092
871,0.045334
872,0.045799
873,0.046104
874,0.046369
875,0.046752
876,0.045206
877,0.047141
878,0.046008
879,0.046183
880,0.096472
881,0.093610
882,0.091163
883,0.092444
884,0.048212
885,0.092882
886,0.048051
887,0.143688
888,0.095107
889,0.094143
890,0.047766
891,0.146150
892,0.048685
893,0.045588
894,0.092800
895,0.136718
896,0.094414
897,0.097120
898,0.094395
899,0.094877
900,0.048215
901,0.045294
902,0.048263
903,0.045625
904,0.048328
905,0.047418
906,0.048549
907,0.046956
908,0.048854
909,0.046506
910,0.046883
911,0.045425
912,0.044710
913,0.045974
914,0.048137
915,0.046699
916,0.047750
917,0.048737
918,0.047426
919,0.048907
920,0.046536
921,0.046005
922,0.045270
923,0.045127
924,0.044949
925,0.045391
926,0.044917
927,0.045744
928,0.045899
929,0.045421
930,0.045312
931,0.045301
932,0.046270
933,0.045869
934,0.044750
935,0.045780
936,0.045633
937,0.046123
938,0.047538
939,0.048544
940,0.048022
941,0.047946
942,0.048738
943,0.047093
944,0.048658
945,0.048292
946,0.048511
947,0.047731
948,0.048631
949,0.049178
950,0.046050
951,0.045304
952,0.045240
953,0.048131
954,0.048869
955,0.045691
956,0.045560
957,0.047456
958,0.048247
959,0.045346
960,0.046930
961,0.048320
962,0.047069
963,0.047370
964,0.047786
965,0.048147
966,0.048229
967,0.045998
968,0.045386
969,0.045620
970,0.045109
971,0.045568
972,0.045274
973,0.047415
974,0.096710
975,0.046182
976,0.048061
977,0.046179
978,0.047015
979,0.045402
980,0.045455
981,0.045439
982,0.044840
983,0.045900
984,0.045591
985,0.045611
986,0.045126
987,0.092805
988,0.046921
989,0.048215
990,0.048291
991,0.047520
992,0.048781
993,0.045906
994,0.045173
995,0.047517
996,0.049250
997,0.045421
998,0.046649
999,0.048236
1000,0.047243
1001,0.048437
1002,0.049213
1003,0.048591
1004,0.049122
1005,0.047807
1006,0.049172
1007,0.048513
1008,0.046148
1009,0.047699
1010,0.047881
1011,0.047360
1012,0.047759
1013,0.048381
1014,0.048605
1015,0.046246
1016,0.049183
1017,0.048149
1018,0.048364
1019,0.048486
1020,0.046467
1021,0.048830
1022,0.048129
1023,0.048412
1024,0.048569
1025,0.046035
1026,0.047990
1027,0.046520
1028,0.045249
1029,0.045723
1030,0.045515
1031,0.045502
1032,0.045015
1033,0.046114
1034,0.046541
1035,0.047701
1036,0.047224
1037,0.048762
1038,0.048400
1039,0.045448
1040,0.045955
1041,0.046194
1042,0.045536
1043,0.044523
1044,0.047133
1045,0.047249
1046,0.048050
1047,0.047902
1048,0.048630
1049,0.045337
1050,0.046569
1051,0.047078
1052,0.046545
1053,0.048334
1054,0.048836
1055,0.048339
1056,0.046486
1057,0.046105
1058,0.044823
1059,0.045112
1060,0.045572
1061,0.045652
1062,0.045332
1063,0.045375
1064,0.045350
1065,0.045516
1066,0.090114
1067,0.090677
1068,0.045097
1069,0.089977
1070,0.045880
1071,0.090661
1072,0.091954
1073,0.045606
1074,0.091854
1075,0.092024
1076,0.138930
1077,0.095859
1078,0.143720
1079,0.189718
1080,0.170368
1081,0.265605
1082,0.135460
1083,0.134644
1084,0.090411
1085,0.135308
1086,0.152416
1087,0.047065
1088,0.048822
1089,0.048605
1090,0.047951
1091,0.045383
1092,0.045805
1093,0.046045
1094,0.045780
1095,0.045697
1096,0.046055
1097,0.045078
1098,0.047018
1099,0.047868
1100,0.048117
1101,0.048578
1102,0.045617
1103,0.045951
1104,0.045505
1105,0.045779
1106,0.045930
1107,0.045908
1108,0.045057
1109,0.046401
1110,0.045932
1111,0.045371
1112,0.045495
1113,0.045771
1114,0.045746
1115,0.045074
1116,0.045555
1117,0.045517
1118,0.045688
1119,0.045322
1120,0.044888
1121,0.045446
1122,0.045986
1123,0.045529
1124,0.045547
1125,0.046097
1126,0.046370
1127,0.046579
1128,0.045293
1129,0.045904
1130,0.046554
1131,0.045584
1132,0.046372
1133,0.045522
1134,0.048177
1135,0.044971
1136,0.046429
1137,0.048934
1138,0.048646
1139,0.093735
1140,0.046694
1141,0.044959
1142,0.046023
1143,0.045373
1144,0.045525
1145,0.045038
1146,0.045823
1147,0.045600
1148,0.045035
1149,0.090506
1150,0.045580
1151,0.045246
1152,0.045334
1153,0.045958
1154,0.045491
1155,0.045801
1156,0.045649
1157,0.044973
1158,0.044531
1159,0.046091
1160,0.045096
1161,0.045892
1162,0.045493
1163,0.046049
1164,0.092763
1165,0.091736
1166,0.046126
1167,0.046376
1168,0.046328
1169,0.045114
1170,0.047800
1171,0.111996
1172,0.097057
1173,0.144213
1174,0.139149
1175,0.096594
1176,0.140368
1177,0.090573
1178,0.048694
1179,0.090640
1180,0.046524
1181,0.048144
1182,0.096046
1183,0.047094
1184,0.048510
1185,0.093500
1186,0.095152
1187,0.093487
1188,0.142761
1189,0.137502
1190,0.095280
1191,0.141180
1192,0.192436
1193,0.138456
1194,0.095679
1195,0.048376
1196,0.096119
1197,0.046193
1198,0.047932
1199,0.046429
1200,0.048750
1201,0.048659
1202,0.047274
1203,0.048252
1204,0.048664
1205,0.046681
1206,0.048875
1207,0.048338
1208,0.049259
1209,0.046977
1210,0.048206
1211,0.048367
1212,0.048268
1213,0.047723
1214,0.046786
1215,0.048646
1216,0.048273
1217,0.048618
1218,0.048408
1219,0.048700
1220,0.048014
1221,0.047887
1222,0.048569
1223,0.049019
1224,0.048233
1225,0.048457
1226,0.049061
1227,0.047372
1228,0.047859
1229,0.048252
1230,0.049367
1231,0.048811
1232,0.047564
1233,0.048677
1234,0.047530
1235,0.048870
1236,0.049059
1237,0.048280
1238,0.048332
1239,0.049121
1240,0.048259
1241,0.047236
1242,0.048812
1243,0.048665
1244,0.048216
1245,0.049090
1246,0.048014
1247,0.064501
1248,0.048901
1249,0.049185
1250,0.048522
1251,0.048780
1252,0.049166
1253,0.048659
1254,0.049341
1255,0.048275
1256,0.033221
1257,0.040030
1258,0.045601
1259,0.046549
1260,0.046195
1261,0.044615
1262,0.043960
1263,0.043966
1264,0.044106
1265,0.043768
1266,0.044337
1267,0.043937
1268,0.044429
1269,0.044202
1270,0.044086
1271,0.044322
1272,0.043394
1273,0.043771
1274,0.043396
1275,0.066915
1276,0.043448
1277,0.044117
1278,0.044167
1279,0.044282
1280,0.044984
1281,0.047460
1282,0.047881
1283,0.047426
1284,0.046147
1285,0.045963
1286,0.045692
1287,0.044582
1288,0.044313
1289,0.044839
1290,0.044365
1291,0.044270
1292,0.044762
1293,0.044398
1294,0.043693
1295,0.044742
1296,0.043314
1297,0.043593
1298,0.044198
1299,0.043583
1300,0.043887
1301,0.044435
1302,0.044076
1303,0.043307
1304,0.042051
1305,0.042469
1306,0.041883
1307,0.043349
1308,0.043795
1309,0.044314
1310,0.043800
1311,0.044022
1312,0.044232
1313,0.044671
1314,0.087902
1315,0.043773
1316,0.048179
1317,0.046369
1318,0.047208
1319,0.047724
1320,0.045598
1321,0.133222
1322,0.044467
1323,0.088889
1324,0.132691
1325,0.088247
1326,0.132123
1327,0.131128
1328,0.126198
1329,0.131396
1330,0.087515
1331,0.087903
1332,0.048233
1333,0.092846
1334,0.044336
1335,0.088547
1336,0.088428
1337,0.087808
1338,0.044223
1339,0.044430
1340,0.043532
1341,0.044393
1342,0.043942
1343,0.050441
1344,0.044689
1345,0.044332
1346,0.043790
1347,0.044704
1348,0.043936
1349,0.043483
1350,0.044063
1351,0.044019
1352,0.043802
1353,0.044183
1354,0.043945
1355,0.044189
1356,0.043290
1357,0.042535
1358,0.043273
1359,0.041346
1360,0.043033
1361,0.044081
1362,0.044604
1363,0.043843
1364,0.043566
1365,0.044363
1366,0.042997
1367,0.044414
1368,0.044191
1369,0.044177
1370,0.043373
1371,0.044708
1372,0.043735
1373,0.087244
1374,0.043417
1375,0.044709
1376,0.044187
1377,0.044175
1378,0.044135
1379,0.043965
1380,0.044379
1381,0.087807
1382,0.043251
1383,0.044134
1384,0.042388
1385,0.042569
1386,0.041823
1387,0.087105
1388,0.044545
1389,0.042941
1390,0.043723
1391,0.043732
1392,0.043720
1393,0.043864
1394,0.044187
1395,0.045142
1396,0.047056
1397,0.046750
1398,0.045403
1399,0.045666
1400,0.044949
1401,0.047909
1402,0.045018
1403,0.046207
1404,0.047709
1405,0.048283
1406,0.045960
1407,0.045086
1408,0.045197
1409,0.045388
1410,0.044954
1411,0.044910
1412,0.044012
1413,0.044694
1414,0.044721
1415,0.043649
1416,0.044529
1417,0.045099
1418,0.044424
1419,0.044710
1420,0.043703
1421,0.044027
1422,0.043141
1423,0.044046
1424,0.044088
1425,0.044195
1426,0.044286
1427,0.044069
1428,0.043900
1429,0.044045
1430,0.043635
1431,0.043407
1432,0.042302
1433,0.041744
1434,0.042467
1435,0.043493
1436,0.043614
1437,0.044106
1438,0.044093
1439,0.043594
1440,0.043936
1441,0.043537
1442,0.043803
1443,0.045951
1444,0.046394
1445,0.045469
1446,0.045195
1447,0.045004
1448,0.061549
1449,0.045566
1450,0.046968
1451,0.047718
1452,0.046115
1453,0.048275
1454,0.047957
1455,0.048270
1456,0.046995
1457,0.049274
1458,0.046419
1459,0.045014
1460,0.047294
1461,0.047957
1462,0.048601
1463,0.046173
1464,0.046430
1465,0.047729
1466,0.048040
1467,0.047691
1468,0.049202
1469,0.048788
1470,0.047758
1471,0.048569
1472,0.048498
1473,0.048847
1474,0.048448
1475,0.047268
1476,0.048108
1477,0.048437
1478,0.047566
1479,0.047555
1480,0.049277
1481,0.048161
1482,0.048775
1483,0.047016
1484,0.045660
1485,0.045291
1486,0.049234
1487,0.048488
1488,0.049171
1489,0.047898
1490,0.046932
1491,0.046929
1492,0.047993
1493,0.049177
1494,0.049418
1495,0.048013
1496,0.049348
1497,0.047200
1498,0.047470
1499,0.047863
1500,0.048433
1501,0.048287
1502,0.048988
1503,0.049309
1504,0.048071
1505,0.049316
1506,0.048719
1507,0.049373
1508,0.049412
1509,0.048398
1510,0.048640
1511,0.049538
1512,0.049065
1513,0.048018
1514,0.045641
1515,0.044991
1516,0.048743
1517,0.048658
1518,0.048149
1519,0.048613
1520,0.046533
1521,0.047881
1522,0.048728
1523,0.049656
1524,0.047976
1525,0.047754
1526,0.092536
1527,0.047451
1528,0.047699
1529,0.095544
1530,0.096145
1531,0.045270
1532,0.091284
1533,0.094856
1534,0.094644
1535,0.089574
1536,0.044315
1537,0.044614
1538,0.044400
1539,0.044659
1540,0.043011
1541,0.045005
1542,0.043940
1543,0.043583
1544,0.044786
1545,0.044639
1546,0.034654
1547,0.048884
1548,0.044683
1549,0.045424
1550,0.044434
1551,0.044759
1552,0.046457
1553,0.047290
1554,0.046238
1555,0.046328
1556,0.045506
1557,0.045040
1558,0.043713
1559,0.044581
1560,0.043646
1561,0.043892
1562,0.043349
1563,0.043917
1564,0.043969
1565,0.044607
1566,0.043610
1567,0.043760
1568,0.043934
1569,0.043804
1570,0.043446
1571,0.043258
1572,0.042508
1573,0.041341
1574,0.086204
1575,0.044620
1576,0.043440
1577,0.044860
1578,0.043436
1579,0.043741
1580,0.087721
1581,0.091977
1582,0.045602
1583,0.044557
1584,0.043758
1585,0.044589
1586,0.044164
1587,0.043630
1588,0.043960
1589,0.044077
1590,0.044424
1591,0.044084
1592,0.044249
1593,0.043913
1594,0.044290
1595,0.044163
1596,0.043926
1597,0.044027
1598,0.044429
1599,0.043195
1600,0.043452
1601,0.043318
1602,0.041342
1603,0.041658
1604,0.043535
1605,0.044259
1606,0.043444
1607,0.044074
1608,0.043784
1609,0.044163
1610,0.088574
1611,0.047752
1612,0.135964
1613,0.087622
1614,0.087763
1615,0.130788
1616,0.130767
1617,0.044825
1618,0.086659
1619,0.126904
1620,0.131455
1621,0.088241
1622,0.087795
1623,0.091059
1624,0.137218
1625,0.135179
1626,0.132349
1627,0.131937
1628,0.130711
1629,0.131612
1630,0.131215
1631,0.126935
1632,0.085950
1633,0.088008
1634,0.088123
1635,0.087815
1636,0.087541
1637,0.091892
1638,0.089935
1639,0.089001
1640,0.044651
1641,0.087641
1642,0.087632
1643,0.087746
1644,0.087485
1645,0.088211
1646,0.087858
1647,0.084522
1648,0.084391
1649,0.088356
1650,0.087500
1651,0.132387
1652,0.090671
1653,0.090569
1654,0.133270
1655,0.132528
1656,0.087153
1657,0.131430
1658,0.088304
1659,0.086734
1660,0.128809
1661,0.127894
1662,0.130601
1663,0.044029
1664,0.134007
1665,0.046802
1666,0.046439
1667,0.048129
1668,0.048316
1669,0.046476
1670,0.044873
1671,0.044834
1672,0.045167
1673,0.044708
1674,0.044682
1675,0.044424
1676,0.043791
1677,0.089233
1678,0.043777
1679,0.043982
1680,0.043272
1681,0.044654
1682,0.044000
1683,0.044418
1684,0.044510
1685,0.044176
1686,0.044307
1687,0.044171
1688,0.043225
1689,0.043464
1690,0.042359
1691,0.040824
1692,0.043604
1693,0.043162
1694,0.044156
1695,0.043832
1696,0.044410
1697,0.049647
1698,0.054137
1699,0.048420
1700,0.047246
1701,0.046341
1702,0.048296
1703,0.047551
1704,0.046400
1705,0.047525
1706,0.049090
1707,0.047228
1708,0.047077
1709,0.049139
1710,0.048290
1711,0.046713
1712,0.045330
1713,0.044538
1714,0.044892
1715,0.044888
1716,0.044727
1717,0.045247
1718,0.043689
1719,0.044224
1720,0.044985
1721,0.036987
1722,0.033363
1723,0.033294
1724,0.033305
1725,0.033433
1726,0.033350
1727,0.033281
1728,0.033207
1729,0.033605
1730,0.033796
1731,0.033595
1732,0.033485
1733,0.033848
1734,0.033465
1735,0.033582
1736,0.033349
1737,0.033463
1738,0.033636
1739,0.033524
1740,0.033374
1741,0.033324
1742,0.033296
1743,0.033592
1744,0.033459
1745,0.033351
1746,0.033315
1747,0.033529
1748,0.033335
1749,0.033645
1750,0.033254
1751,0.033314
1752,0.033334
1753,0.033589
1754,0.033480
1755,0.033581
1756,0.033393
1757,0.033365
1758,0.033539
1759,0.033352
1760,0.033461
1761,0.033394
1762,0.033654
1763,0.033650
1764,0.033451
1765,0.033323
1766,0.033193
1767,0.033628
1768,0.033507
1769,0.033535
1770,0.033450
1771,0.033529
1772,0.033483
1773,0.033518
1774,0.033742
1775,0.033370
1776,0.033424
1777,0.033589
1778,0.033486
1779,0.033672
1780,0.033344
1781,0.033576
1782,0.033481
1783,0.033347
1784,0.033479
1785,0.033302
1786,0.033354
1787,0.033554
1788,0.033572
1789,0.033578
1790,0.033303
1791,0.033375
1792,0.033557
1793,0.033765
1794,0.033592
1795,0.033463
1796,0.033319
1797,0.033491
1798,0.033357
1799,0.033502
1800,0.033771
1801,0.033501
1802,0.033508
1803,0.033531
1804,0.033825
1805,0.033891
1806,0.033551
1807,0.033400
1808,0.033819
1809,0.033695
1810,0.067330
1811,0.033828
1812,0.033510
1813,0.033679
1814,0.033687
1815,0.033796
1816,0.033432
1817,0.033444
1818,0.033526
1819,0.033752
1820,0.033929
1821,0.034073
1822,0.033746
1823,0.033542
1824,0.033428
1825,0.033517
1826,0.033367
1827,0.033349
1828,0.033459
1829,0.033663
1830,0.033412
1831,0.033534
1832,0.033389
1833,0.033655
1834,0.033678
1835,0.033732
1836,0.033610
1837,0.033602
1838,0.033688
1839,0.033554
1840,0.033367
1841,0.033559
1842,0.033511
1843,0.033551
1844,0.033649
1845,0.033593
1846,0.033680
1847,0.066965
1848,0.033493
1849,0.033595
1850,0.033809
1851,0.033516
1852,0.033368
1853,0.033756
1854,0.033720
1855,0.033746
1856,0.033690
1857,0.033772
1858,0.066780
1859,0.066969
1860,0.033290
1861,0.033544
1862,0.033246
1863,0.033397
1864,0.033346
1865,0.033409
1866,0.033427
1867,0.033277
1868,0.033281
1869,0.033606
1870,0.033303
1871,0.033468
1872,0.066912
1873,0.033409
1874,0.033457
1875,0.066567
1876,0.033496
1877,0.033540
1878,0.033452
1879,0.033503
1880,0.033574
1881,0.033599
1882,0.033362
1883,0.033205
1884,0.033390
1885,0.033639
1886,0.033366
1887,0.033408
1888,0.033554
1889,0.033457
1890,0.033552
1891,0.033333
1892,0.033202
1893,0.033457
1894,0.033439
1895,0.033389
1896,0.033382
1897,0.033184
1898,0.033406
1899,0.033416
1900,0.033346
1901,0.033548
1902,0.033500
1903,0.033290
1904,0.033327
1905,0.033635
1906,0.033433
1907,0.033289
1908,0.033258
1909,0.033509
1910,0.033387
1911,0.033307
1912,0.033299
1913,0.033531
1914,0.033264
1915,0.033290
1916,0.033615
1917,0.033407
1918,0.033337
1919,0.033474
1920,0.066586
1921,0.033701
1922,0.066901
1923,0.033612
1924,0.066570
1925,0.066894
1926,0.066792
1927,0.066595
1928,0.066565
1929,0.066594
1930,0.066744
1931,0.100154
1932,0.100413
1933,0.066957
1934,0.066780
# total_episodes=1934, avg_seconds=0.055782
