# episode_index, seconds
1,0.011506
2,0.006314
3,0.008119
4,0.006138
5,0.003660
6,0.007044
7,0.006923
8,0.002971
9,0.001337
10,0.001578
11,0.007731
12,0.013104
13,0.005373
14,0.001281
15,0.001596
16,0.001794
17,0.001540
18,0.004947
19,0.005356
20,0.002196
21,0.001969
22,0.002535
23,0.007901
24,0.001664
25,0.003243
26,0.001801
27,0.012038
28,0.002727
29,0.005417
30,0.002762
31,0.001585
32,0.003318
33,0.001799
34,0.005300
35,0.003894
36,0.011958
37,0.004535
38,0.001837
39,0.001721
40,0.001747
41,0.005514
42,0.008310
43,0.004680
44,0.001446
45,0.007700
46,0.001983
47,0.102169
48,0.086991
49,0.085330
50,0.043424
51,0.172973
52,0.085966
53,0.042749
54,0.085806
55,0.042591
56,0.043241
57,0.043740
58,0.043115
59,0.043516
60,0.043174
61,0.043524
62,0.043391
63,0.043330
64,0.043369
65,0.043611
66,0.043477
67,0.042868
68,0.043329
69,0.043752
70,0.043213
71,0.085048
72,0.043095
73,0.043152
74,0.043338
75,0.043094
76,0.043764
77,0.044364
78,0.065637
79,0.044394
80,0.044298
81,0.048494
82,0.048608
83,0.048879
84,0.047081
85,0.047392
86,0.048376
87,0.048043
88,0.048450
89,0.048384
90,0.048266
91,0.048060
92,0.048792
93,0.048705
94,0.049198
95,0.047444
96,0.096584
97,0.048709
98,0.047746
99,0.048932
100,0.046258
101,0.047036
102,0.048636
103,0.047460
104,0.048207
105,0.047752
106,0.048582
107,0.048645
108,0.048429
109,0.048974
110,0.049423
111,0.096018
112,0.048896
113,0.048374
114,0.047573
115,0.095764
116,0.049043
117,0.048285
118,0.048668
119,0.048051
120,0.048599
121,0.096391
122,0.048241
123,0.144544
124,0.047941
125,0.047815
126,0.048480
127,0.049144
128,0.048819
129,0.048232
130,0.048742
131,0.048269
132,0.048527
133,0.048177
134,0.048274
135,0.048435
136,0.048331
137,0.048177
138,0.047735
139,0.048271
140,0.048339
141,0.048508
142,0.048798
143,0.047906
144,0.049060
145,0.048762
146,0.049238
147,0.048745
148,0.049261
149,0.048865
150,0.048278
151,0.048108
152,0.049301
153,0.048579
154,0.047964
155,0.048425
156,0.049419
157,0.048978
158,0.048584
159,0.047906
160,0.048404
161,0.048933
162,0.048045
163,0.047988
164,0.048620
165,0.047961
166,0.048538
167,0.048499
168,0.048086
169,0.049186
170,0.048903
171,0.047412
172,0.048815
173,0.048337
174,0.048380
175,0.048022
176,0.048622
177,0.049004
178,0.048914
179,0.047455
180,0.048847
181,0.048333
182,0.048897
183,0.047339
184,0.048296
185,0.047886
186,0.048067
187,0.095924
188,0.049150
189,0.047899
190,0.047499
191,0.049087
192,0.048455
193,0.049095
194,0.047932
195,0.048956
196,0.048674
197,0.048198
198,0.049189
199,0.047177
200,0.049644
201,0.047764
202,0.048488
203,0.048445
204,0.048437
205,0.049104
206,0.048251
207,0.048643
208,0.049164
209,0.048307
210,0.047925
211,0.048885
212,0.048267
213,0.049147
214,0.047485
215,0.048317
216,0.049508
217,0.047980
218,0.096647
219,0.048807
220,0.096742
221,0.048547
222,0.047069
223,0.048135
224,0.048842
225,0.048565
226,0.095710
227,0.049201
228,0.048248
229,0.094683
230,0.143417
231,0.048830
232,0.143187
233,0.144452
234,0.097729
235,0.096029
236,0.096939
237,0.096171
238,0.095952
239,0.097281
240,0.047870
241,0.049259
242,0.047777
243,0.048336
244,0.049059
245,0.047707
246,0.048749
247,0.046861
248,0.048346
249,0.047944
250,0.048338
251,0.048709
252,0.047253
253,0.047783
254,0.094924
255,0.047713
256,0.049353
257,0.047412
258,0.047896
259,0.047215
260,0.047992
261,0.048190
262,0.049061
263,0.048624
264,0.048495
265,0.048432
266,0.047926
267,0.048030
268,0.047408
269,0.047136
270,0.048310
271,0.048896
272,0.048702
273,0.047990
274,0.048351
275,0.048456
276,0.048753
277,0.048022
278,0.048097
279,0.048554
280,0.048031
281,0.048766
282,0.048161
283,0.048643
284,0.047121
285,0.049150
286,0.048937
287,0.047997
288,0.049437
289,0.048701
290,0.048727
291,0.048415
292,0.048559
293,0.048744
294,0.048525
295,0.048896
296,0.048212
297,0.048001
298,0.048945
299,0.048388
300,0.048976
301,0.046549
302,0.048859
303,0.047058
304,0.047143
305,0.048864
306,0.049269
307,0.048379
308,0.047578
309,0.047089
310,0.047964
311,0.048523
312,0.048795
313,0.048432
314,0.047929
315,0.048111
316,0.048929
317,0.048744
318,0.048511
319,0.045812
320,0.048207
321,0.048669
322,0.047134
323,0.047162
324,0.048674
325,0.049499
326,0.047445
327,0.047942
328,0.048059
329,0.047365
330,0.048749
331,0.047260
332,0.049117
333,0.049060
334,0.047339
335,0.047612
336,0.047533
337,0.048114
338,0.048087
339,0.048779
340,0.047936
341,0.048806
342,0.049445
343,0.049220
344,0.048867
345,0.045127
346,0.048182
347,0.048489
348,0.048077
349,0.048956
350,0.046876
351,0.045624
352,0.048801
353,0.048348
354,0.048519
355,0.047479
356,0.048427
357,0.049181
358,0.048313
359,0.048644
360,0.145341
361,0.046901
362,0.049107
363,0.096735
364,0.048139
365,0.047941
366,0.049160
367,0.048599
368,0.143794
369,0.047713
370,0.047397
371,0.049063
372,0.048814
373,0.046825
374,0.048797
375,0.048702
376,0.048634
377,0.048929
378,0.048140
379,0.048751
380,0.048586
381,0.048207
382,0.048622
383,0.049121
384,0.047815
385,0.048003
386,0.048364
387,0.048378
388,0.048162
389,0.048460
390,0.048010
391,0.048620
392,0.048503
393,0.048998
394,0.048662
395,0.047425
396,0.048927
397,0.048860
398,0.048871
399,0.048316
400,0.047917
401,0.048600
402,0.081251
403,0.043145
404,0.043523
405,0.042765
406,0.043020
407,0.044836
408,0.043466
409,0.043947
410,0.043881
411,0.044300
412,0.044780
413,0.043881
414,0.043368
415,0.043306
416,0.043762
417,0.044199
418,0.044322
419,0.043744
420,0.043193
421,0.043871
422,0.043604
423,0.043968
424,0.045488
425,0.043782
426,0.043062
427,0.043673
428,0.043864
429,0.044226
430,0.043465
431,0.043562
432,0.042777
433,0.043697
434,0.043439
435,0.043196
436,0.048138
437,0.048360
438,0.048399
439,0.047913
440,0.047816
441,0.049129
442,0.048908
443,0.047674
444,0.049469
445,0.047676
446,0.048944
447,0.048333
448,0.049284
449,0.047875
450,0.048162
451,0.048234
452,0.048090
453,0.048769
454,0.095771
455,0.049361
456,0.047533
457,0.047857
458,0.095496
459,0.048461
460,0.048145
461,0.047959
462,0.048812
463,0.047815
464,0.096510
465,0.047911
466,0.049016
467,0.048947
468,0.048818
469,0.048667
470,0.048625
471,0.049377
472,0.046581
473,0.048908
474,0.048481
475,0.048221
476,0.048305
477,0.048979
478,0.047962
479,0.049121
480,0.048187
481,0.047538
482,0.047868
483,0.049081
484,0.048186
485,0.049017
486,0.048320
487,0.047955
488,0.048952
489,0.047355
490,0.048854
491,0.048377
492,0.047405
493,0.047776
494,0.049110
495,0.048088
496,0.048824
497,0.096619
498,0.048772
499,0.143199
500,0.140277
501,0.132063
502,0.175826
503,0.127160
504,0.129384
505,0.128581
506,0.166451
507,0.169166
508,0.128834
509,0.087162
510,0.043330
511,0.043201
512,0.043393
513,0.086800
514,0.047145
515,0.048387
516,0.048410
517,0.048257
518,0.048196
519,0.096958
520,0.047969
521,0.048841
522,0.047992
523,0.048930
524,0.096090
525,0.048258
526,0.047894
527,0.047945
528,0.047953
529,0.049019
530,0.049301
531,0.048940
532,0.047940
533,0.048513
534,0.047646
535,0.048273
536,0.048430
537,0.048803
538,0.049283
539,0.046991
540,0.048228
541,0.048761
542,0.140857
543,0.145591
544,0.190983
545,0.142480
546,0.192146
547,0.193098
548,0.146357
549,0.144520
550,0.192272
551,0.096000
552,0.097756
553,0.095797
554,0.096816
555,0.048756
556,0.049295
557,0.089818
558,0.044178
559,0.043674
560,0.044288
561,0.043964
562,0.044134
563,0.044969
564,0.044105
565,0.044125
566,0.044278
567,0.043854
568,0.044461
569,0.044574
570,0.043377
571,0.044441
572,0.043965
573,0.043875
574,0.044443
575,0.043933
576,0.044186
577,0.043702
578,0.044367
579,0.044162
580,0.044113
581,0.044581
582,0.043993
583,0.044353
584,0.043615
585,0.044616
586,0.044171
587,0.043605
588,0.042988
589,0.044235
590,0.043638
591,0.043542
592,0.044138
593,0.045019
594,0.044052
595,0.043416
596,0.043180
597,0.043669
598,0.043764
599,0.043397
600,0.042632
601,0.043588
602,0.043509
603,0.043200
604,0.043027
605,0.043242
606,0.043734
607,0.043544
608,0.087876
609,0.043422
610,0.043462
611,0.043938
612,0.043083
613,0.044194
614,0.043141
615,0.042731
616,0.043745
617,0.042726
618,0.043708
619,0.043731
620,0.045178
621,0.043650
622,0.042849
623,0.043671
624,0.042937
625,0.044050
626,0.043213
627,0.042268
628,0.043737
629,0.043994
630,0.042804
631,0.043287
632,0.043494
633,0.085364
634,0.042516
635,0.042569
636,0.042413
637,0.042435
638,0.082399
639,0.040788
640,0.084402
641,0.043618
642,0.043145
643,0.043027
644,0.042960
645,0.043983
646,0.043822
647,0.043453
648,0.043454
649,0.042937
650,0.043679
651,0.043544
652,0.043515
653,0.043683
654,0.046351
655,0.048101
656,0.048001
657,0.048507
658,0.048933
659,0.049326
660,0.047857
661,0.049070
662,0.049127
663,0.047346
664,0.048023
665,0.047667
666,0.048385
667,0.046970
668,0.048072
669,0.048569
670,0.048194
671,0.048585
672,0.047641
673,0.049121
674,0.048043
675,0.048509
676,0.048512
677,0.048894
678,0.049007
679,0.048988
680,0.049290
681,0.048234
682,0.049077
683,0.047080
684,0.048922
685,0.048085
686,0.048301
687,0.048261
688,0.048150
689,0.048914
690,0.049082
691,0.047958
692,0.047716
693,0.048821
694,0.049488
695,0.048919
696,0.048362
697,0.048620
698,0.048718
699,0.048806
700,0.048945
701,0.048472
702,0.049573
703,0.049012
704,0.048231
705,0.045970
706,0.048776
707,0.048919
708,0.046539
709,0.048899
710,0.047047
711,0.047388
712,0.048331
713,0.048220
714,0.048482
715,0.143931
716,0.144418
717,0.046755
718,0.048874
719,0.096457
720,0.048510
721,0.192587
722,0.095534
723,0.189286
724,0.048726
725,0.191234
726,0.144332
727,0.046630
728,0.049089
729,0.048308
730,0.048163
731,0.095995
732,0.144978
733,0.144125
734,0.047272
735,0.046066
736,0.047263
737,0.048774
738,0.049280
739,0.049278
740,0.048364
741,0.048865
742,0.048442
743,0.049209
744,0.048273
745,0.046812
746,0.048948
747,0.048139
748,0.048748
749,0.047971
750,0.049102
751,0.046984
752,0.045231
753,0.047348
754,0.046084
755,0.047854
756,0.049569
757,0.047638
758,0.046544
759,0.044421
760,0.048636
761,0.048375
762,0.046735
763,0.048048
764,0.046399
765,0.047649
766,0.046678
767,0.046797
768,0.046849
769,0.047742
770,0.047548
771,0.047224
772,0.047744
773,0.048806
774,0.048662
775,0.048784
776,0.046236
777,0.048749
778,0.047721
779,0.048558
780,0.048043
781,0.048356
782,0.049061
783,0.047136
784,0.048665
785,0.048936
786,0.048524
787,0.048674
788,0.048764
789,0.048519
790,0.056039
791,0.042977
792,0.043383
793,0.043902
794,0.044006
795,0.043489
796,0.043672
797,0.043747
798,0.043698
799,0.042638
800,0.043524
801,0.043361
802,0.043099
803,0.047946
804,0.145287
805,0.048171
806,0.048119
807,0.047937
808,0.048131
809,0.045048
810,0.046964
811,0.046983
812,0.047758
813,0.048639
814,0.048301
815,0.047872
816,0.047912
817,0.048117
818,0.049500
819,0.048198
820,0.049203
821,0.144088
822,0.048375
823,0.048181
824,0.047557
825,0.048840
826,0.167316
827,0.044633
828,0.089494
829,0.043673
830,0.044135
831,0.041804
832,0.042448
833,0.044034
834,0.042477
835,0.044560
836,0.044279
837,0.043776
838,0.043869
839,0.043502
840,0.043751
841,0.043716
842,0.043228
843,0.043779
844,0.044059
845,0.130358
846,0.051464
847,0.044382
848,0.044212
849,0.044010
850,0.044295
851,0.043591
852,0.130676
853,0.044193
854,0.044496
855,0.086965
856,0.043267
857,0.043911
858,0.043632
859,0.086165
860,0.043323
861,0.043246
862,0.130811
863,0.043662
864,0.043452
865,0.043578
866,0.043764
867,0.043307
868,0.044095
869,0.128836
870,0.043209
871,0.043826
872,0.043965
873,0.043809
874,0.040726
875,0.040487
876,0.043831
877,0.044093
878,0.044186
879,0.130641
880,0.043018
881,0.050666
882,0.040437
883,0.041526
884,0.043265
885,0.043266
886,0.043228
887,0.043244
888,0.043294
889,0.042705
890,0.042744
891,0.043629
892,0.043759
893,0.043722
894,0.044081
895,0.043358
896,0.043622
897,0.043546
898,0.043263
899,0.043277
900,0.043194
901,0.042914
902,0.043609
903,0.043925
904,0.043448
905,0.045571
906,0.046382
907,0.049189
908,0.048472
909,0.047856
910,0.049582
911,0.048318
912,0.047770
913,0.048266
914,0.048611
915,0.145192
916,0.048174
917,0.048197
918,0.048408
919,0.047778
920,0.048254
921,0.049143
922,0.048089
923,0.048705
924,0.048199
925,0.048540
926,0.049313
927,0.048688
928,0.049369
929,0.048029
930,0.049468
931,0.047714
932,0.047942
933,0.049110
934,0.048439
935,0.048619
936,0.047973
937,0.048818
938,0.049060
939,0.049037
940,0.048888
941,0.048656
942,0.048234
943,0.048995
944,0.048517
945,0.049120
946,0.049818
947,0.048954
948,0.048580
949,0.048864
950,0.047100
951,0.049055
952,0.049278
953,0.048741
954,0.049685
955,0.048401
956,0.049041
957,0.047837
958,0.048277
959,0.048543
960,0.048926
961,0.048659
962,0.144883
963,0.048426
964,0.048970
965,0.049185
966,0.047913
967,0.049723
968,0.048694
969,0.048854
970,0.048188
971,0.144420
972,0.049420
973,0.049829
974,0.048872
975,0.144343
976,0.048618
977,0.078666
978,0.044564
979,0.184168
980,0.048613
981,0.048895
982,0.189513
983,0.049490
984,0.049129
985,0.049421
986,0.047682
987,0.049742
988,0.048129
989,0.048571
990,0.047639
991,0.049585
992,0.048645
993,0.048751
994,0.048794
995,0.049381
996,0.047850
997,0.048446
998,0.048786
999,0.048189
1000,0.048885
1001,0.048068
1002,0.048790
1003,0.048683
1004,0.049262
1005,0.048134
1006,0.048899
1007,0.048787
1008,0.046666
1009,0.048015
1010,0.048907
1011,0.048930
1012,0.049144
1013,0.047819
1014,0.048164
1015,0.049049
1016,0.049038
1017,0.096972
1018,0.048651
1019,0.048951
1020,0.047249
1021,0.048252
1022,0.049229
1023,0.049463
1024,0.048394
1025,0.047049
1026,0.048650
1027,0.049163
1028,0.048828
1029,0.048647
1030,0.048593
1031,0.049010
1032,0.049023
1033,0.048212
1034,0.048186
1035,0.047872
1036,0.048750
1037,0.048371
1038,0.048629
1039,0.049518
1040,0.048823
1041,0.047922
1042,0.049029
1043,0.049565
1044,0.049367
1045,0.097566
1046,0.049080
1047,0.048990
1048,0.047808
1049,0.047114
1050,0.047290
1051,0.048584
1052,0.045262
1053,0.046396
1054,0.047196
1055,0.048419
1056,0.048287
1057,0.047750
1058,0.048414
1059,0.048702
1060,0.049166
1061,0.047607
1062,0.048799
1063,0.049589
1064,0.047940
1065,0.048299
1066,0.049010
1067,0.048379
1068,0.049015
1069,0.049200
1070,0.048700
1071,0.049039
1072,0.048082
1073,0.043527
1074,0.060317
1075,0.043880
1076,0.043596
1077,0.044651
1078,0.044062
1079,0.043539
1080,0.043783
1081,0.043610
1082,0.044102
1083,0.044203
1084,0.044100
1085,0.043812
1086,0.044129
1087,0.044344
1088,0.043559
1089,0.043833
1090,0.044164
1091,0.043562
1092,0.044283
1093,0.044130
1094,0.044234
1095,0.043821
1096,0.041087
1097,0.060018
1098,0.043038
1099,0.043974
1100,0.086518
1101,0.043119
1102,0.076515
1103,0.087639
1104,0.043589
1105,0.044440
1106,0.043616
1107,0.043673
1108,0.043506
1109,0.043441
1110,0.087709
1111,0.044458
1112,0.088280
1113,0.042618
1114,0.045864
1115,0.049880
1116,0.044640
1117,0.045978
1118,0.048458
1119,0.049440
1120,0.048584
1121,0.048106
1122,0.047837
1123,0.047758
1124,0.048982
1125,0.049010
1126,0.049730
1127,0.048790
1128,0.048869
1129,0.049396
1130,0.049123
1131,0.047634
1132,0.048756
1133,0.049679
1134,0.048520
1135,0.049102
1136,0.049057
1137,0.048724
1138,0.049580
1139,0.047491
1140,0.044080
1141,0.044935
1142,0.044150
1143,0.046514
1144,0.046194
1145,0.045022
1146,0.048114
1147,0.046139
1148,0.044937
1149,0.048058
1150,0.045784
1151,0.044958
1152,0.046889
1153,0.047431
1154,0.047746
1155,0.047350
1156,0.046580
1157,0.048589
1158,0.045785
1159,0.048076
1160,0.048440
1161,0.048125
1162,0.048889
1163,0.049208
1164,0.047996
1165,0.048653
1166,0.048065
1167,0.048486
1168,0.048567
1169,0.048894
1170,0.049689
1171,0.048855
1172,0.048856
1173,0.048909
1174,0.049319
1175,0.049696
1176,0.047959
1177,0.049168
1178,0.048825
1179,0.048600
1180,0.047997
1181,0.048398
1182,0.048681
1183,0.048417
1184,0.048686
1185,0.048740
1186,0.048721
1187,0.049540
1188,0.048969
1189,0.096351
1190,0.097127
1191,0.048285
1192,0.047842
1193,0.047551
1194,0.045788
1195,0.048134
1196,0.048451
1197,0.048627
1198,0.096343
1199,0.048581
1200,0.048388
1201,0.046760
1202,0.048906
1203,0.044932
1204,0.047932
1205,0.048496
1206,0.048528
1207,0.048793
1208,0.048275
1209,0.047627
1210,0.048548
1211,0.048138
1212,0.047914
1213,0.048945
1214,0.047915
1215,0.048457
1216,0.048531
1217,0.047766
1218,0.048785
1219,0.048692
1220,0.049366
1221,0.048270
1222,0.048468
1223,0.049084
1224,0.097825
1225,0.048424
1226,0.048020
1227,0.047472
1228,0.048209
1229,0.049195
1230,0.048821
1231,0.048747
1232,0.047731
1233,0.048724
1234,0.048531
1235,0.049157
1236,0.049382
1237,0.048671
1238,0.048218
1239,0.048744
1240,0.048624
1241,0.046469
1242,0.048538
1243,0.049077
1244,0.048655
1245,0.048924
1246,0.049265
1247,0.049348
1248,0.048087
1249,0.048816
1250,0.048606
1251,0.049331
1252,0.048556
1253,0.048203
1254,0.047836
1255,0.049172
1256,0.048940
1257,0.048826
1258,0.049120
1259,0.048223
1260,0.049544
1261,0.048594
1262,0.048863
1263,0.049125
1264,0.048815
1265,0.049382
1266,0.048384
1267,0.049291
1268,0.049300
1269,0.048412
1270,0.048811
1271,0.049604
1272,0.049131
1273,0.049251
1274,0.049289
1275,0.049101
1276,0.048942
1277,0.048475
1278,0.048464
1279,0.048879
1280,0.048968
1281,0.049027
1282,0.047103
1283,0.048001
1284,0.047598
1285,0.048870
1286,0.049410
1287,0.049803
1288,0.048694
1289,0.048694
1290,0.048339
1291,0.048908
1292,0.049208
1293,0.048960
1294,0.047759
1295,0.049347
1296,0.047291
1297,0.048976
1298,0.048060
1299,0.049225
1300,0.048095
1301,0.048139
1302,0.048301
1303,0.048648
1304,0.048343
1305,0.049096
1306,0.049087
1307,0.048661
1308,0.049150
1309,0.048947
1310,0.048231
1311,0.048529
1312,0.048703
1313,0.048102
1314,0.048729
1315,0.047914
1316,0.049237
1317,0.048241
1318,0.049270
1319,0.049156
1320,0.046281
1321,0.048435
1322,0.049287
1323,0.048680
1324,0.047481
1325,0.048548
1326,0.049080
1327,0.048871
1328,0.048513
1329,0.049220
1330,0.049349
1331,0.049356
1332,0.048721
1333,0.048449
1334,0.049120
1335,0.048976
1336,0.049407
1337,0.048355
1338,0.048381
1339,0.049445
1340,0.048556
1341,0.048743
1342,0.048259
1343,0.048718
1344,0.048693
1345,0.096973
1346,0.049537
1347,0.049014
1348,0.048382
1349,0.049492
1350,0.048970
1351,0.049395
1352,0.048945
1353,0.049249
1354,0.048226
1355,0.049254
1356,0.047464
1357,0.048106
1358,0.047956
1359,0.049476
1360,0.048226
1361,0.048401
1362,0.048651
1363,0.048626
1364,0.049474
1365,0.048154
1366,0.048746
1367,0.048403
1368,0.049114
1369,0.049277
1370,0.049147
1371,0.047273
1372,0.049052
1373,0.095755
1374,0.049107
1375,0.048645
1376,0.048060
1377,0.048076
1378,0.049056
1379,0.048578
1380,0.049689
1381,0.049006
1382,0.049233
1383,0.046594
1384,0.048379
1385,0.049131
1386,0.049006
1387,0.047824
1388,0.048218
1389,0.048572
1390,0.048259
1391,0.048905
1392,0.047876
1393,0.049088
1394,0.048969
1395,0.048410
1396,0.048639
1397,0.048981
1398,0.048529
1399,0.049183
1400,0.048959
1401,0.049467
1402,0.048713
1403,0.048356
1404,0.049179
1405,0.049512
1406,0.048396
1407,0.049091
1408,0.048514
1409,0.048716
1410,0.049083
1411,0.048669
1412,0.047782
1413,0.048491
1414,0.048956
1415,0.049155
1416,0.048396
1417,0.048706
1418,0.049330
1419,0.048013
1420,0.048434
1421,0.049486
1422,0.049379
1423,0.048637
1424,0.048884
1425,0.049290
1426,0.049866
1427,0.048963
1428,0.048951
1429,0.048515
1430,0.049241
1431,0.049916
1432,0.047647
1433,0.048949
1434,0.048861
1435,0.049158
1436,0.048433
1437,0.048539
1438,0.049396
1439,0.047415
1440,0.048901
1441,0.048426
1442,0.048718
1443,0.048988
1444,0.047734
1445,0.048508
1446,0.049090
1447,0.049490
1448,0.048523
1449,0.048425
1450,0.048411
1451,0.046208
1452,0.047899
1453,0.048381
1454,0.049184
1455,0.048873
1456,0.049117
1457,0.048065
1458,0.047829
1459,0.048704
1460,0.048548
1461,0.048585
1462,0.049277
1463,0.049697
1464,0.048497
1465,0.047711
1466,0.094112
1467,0.048001
1468,0.049415
1469,0.047764
1470,0.049335
1471,0.046597
1472,0.048376
1473,0.047633
1474,0.048646
1475,0.048869
1476,0.048309
1477,0.048285
1478,0.047977
1479,0.048077
1480,0.048662
1481,0.048292
1482,0.048362
1483,0.030950
1484,0.042535
1485,0.042830
1486,0.042365
1487,0.043847
1488,0.043272
1489,0.043213
1490,0.042871
1491,0.042892
1492,0.043346
1493,0.043582
1494,0.044263
1495,0.043968
1496,0.043627
1497,0.044448
1498,0.043965
1499,0.043778
1500,0.043784
1501,0.043740
1502,0.043651
1503,0.043606
1504,0.043756
1505,0.044069
1506,0.044221
1507,0.044055
1508,0.044091
1509,0.044041
1510,0.043495
1511,0.044112
1512,0.043411
1513,0.043832
1514,0.043826
1515,0.043058
1516,0.043612
1517,0.043831
1518,0.043796
1519,0.043553
1520,0.044489
1521,0.048312
1522,0.049243
1523,0.048410
1524,0.048812
1525,0.048634
1526,0.048597
1527,0.048731
1528,0.049156
1529,0.048761
1530,0.047095
1531,0.048790
1532,0.049037
1533,0.049227
1534,0.049343
1535,0.049610
1536,0.048584
1537,0.048992
1538,0.048450
1539,0.044678
1540,0.044265
1541,0.048931
1542,0.048160
1543,0.049188
1544,0.049792
1545,0.048968
1546,0.049033
1547,0.046021
1548,0.048302
1549,0.048170
1550,0.044327
1551,0.044353
1552,0.044222
1553,0.044465
1554,0.046315
1555,0.047020
1556,0.046539
1557,0.044201
1558,0.048721
1559,0.048257
1560,0.048834
1561,0.048175
1562,0.044838
1563,0.045788
1564,0.048837
1565,0.047841
1566,0.049274
1567,0.045436
1568,0.046487
1569,0.048843
1570,0.048485
1571,0.045755
1572,0.048166
1573,0.045102
1574,0.048954
1575,0.048736
1576,0.048803
1577,0.047831
1578,0.049058
1579,0.049084
1580,0.048772
1581,0.047749
1582,0.048938
1583,0.048847
1584,0.048399
1585,0.049025
1586,0.047612
1587,0.047038
1588,0.048993
1589,0.048859
1590,0.049228
1591,0.049287
1592,0.048367
1593,0.047464
1594,0.048428
1595,0.049221
1596,0.048465
1597,0.048154
1598,0.046422
1599,0.049410
1600,0.048957
1601,0.049349
1602,0.049464
1603,0.048176
1604,0.048023
1605,0.048190
1606,0.048065
1607,0.048349
1608,0.049523
1609,0.048554
1610,0.048812
1611,0.049303
1612,0.048336
1613,0.049072
1614,0.049073
1615,0.049843
1616,0.049049
1617,0.049159
1618,0.048905
1619,0.049586
1620,0.049399
1621,0.049432
1622,0.049187
1623,0.049843
1624,0.049895
1625,0.049000
1626,0.047923
1627,0.049356
1628,0.048496
1629,0.045374
1630,0.048879
1631,0.049792
1632,0.050008
1633,0.049472
1634,0.046784
1635,0.049152
1636,0.048967
1637,0.047107
1638,0.094698
1639,0.048251
1640,0.049409
1641,0.046860
1642,0.048764
1643,0.048978
1644,0.049322
1645,0.048694
1646,0.048785
1647,0.048707
1648,0.048150
1649,0.049370
1650,0.048275
1651,0.048595
1652,0.048667
1653,0.047857
1654,0.048973
1655,0.049853
1656,0.048143
1657,0.049256
1658,0.049879
1659,0.049780
1660,0.049037
1661,0.097883
1662,0.048111
1663,0.047302
1664,0.049175
1665,0.049192
1666,0.048733
1667,0.049435
1668,0.048764
1669,0.049293
1670,0.049548
1671,0.049721
1672,0.049050
1673,0.046640
1674,0.049732
1675,0.048028
1676,0.047830
1677,0.044536
1678,0.043894
1679,0.044809
1680,0.044766
1681,0.047583
1682,0.048463
1683,0.047972
1684,0.048276
1685,0.047564
1686,0.048083
1687,0.049178
1688,0.047591
1689,0.047863
1690,0.048626
1691,0.049889
1692,0.048025
1693,0.049427
1694,0.047785
1695,0.049084
1696,0.048824
1697,0.048549
1698,0.048646
1699,0.049389
1700,0.047785
1701,0.048946
1702,0.048386
1703,0.048464
1704,0.047230
1705,0.048540
1706,0.046873
1707,0.048469
1708,0.048816
1709,0.048149
1710,0.047450
1711,0.049370
1712,0.048959
1713,0.048764
1714,0.049520
1715,0.045812
1716,0.047719
1717,0.048463
1718,0.048428
1719,0.049363
1720,0.047854
1721,0.046484
1722,0.048130
1723,0.048952
1724,0.049140
1725,0.048493
1726,0.047518
1727,0.048872
1728,0.048755
1729,0.048849
1730,0.049015
1731,0.049488
1732,0.047154
1733,0.049081
1734,0.048149
1735,0.048681
1736,0.048259
1737,0.048155
1738,0.048772
1739,0.049424
1740,0.048554
1741,0.047838
1742,0.048836
1743,0.049107
1744,0.049220
1745,0.048486
1746,0.046117
1747,0.048485
1748,0.048631
1749,0.046056
1750,0.044140
1751,0.048142
1752,0.048828
1753,0.096219
1754,0.048449
1755,0.047921
1756,0.048355
1757,0.049426
1758,0.049165
1759,0.049002
1760,0.048141
1761,0.047570
1762,0.049249
1763,0.048770
1764,0.048869
1765,0.048756
1766,0.048873
1767,0.048486
1768,0.048660
1769,0.048618
1770,0.048344
1771,0.048434
1772,0.049328
1773,0.048744
1774,0.049207
1775,0.046758
1776,0.046710
1777,0.048174
1778,0.049210
1779,0.049285
1780,0.048124
1781,0.048484
1782,0.049529
1783,0.048964
1784,0.049703
1785,0.049285
1786,0.048967
1787,0.048836
1788,0.029419
1789,0.029341
1790,0.029042
1791,0.029077
1792,0.029399
1793,0.029433
1794,0.029206
1795,0.029402
1796,0.029109
1797,0.029205
1798,0.029748
1799,0.029278
1800,0.029117
1801,0.029411
1802,0.029069
1803,0.028715
1804,0.028863
1805,0.029089
1806,0.029130
1807,0.029125
1808,0.028965
1809,0.029167
1810,0.029684
1811,0.028783
1812,0.029063
1813,0.029004
1814,0.029296
1815,0.029014
1816,0.029383
1817,0.029087
1818,0.029151
1819,0.029363
1820,0.029509
1821,0.028896
1822,0.029139
1823,0.029156
1824,0.028947
1825,0.029073
1826,0.028957
1827,0.029121
1828,0.029092
1829,0.029010
1830,0.029052
1831,0.029028
1832,0.029179
1833,0.029083
1834,0.029124
1835,0.029337
1836,0.029139
1837,0.029226
1838,0.028873
1839,0.029203
1840,0.029205
1841,0.029320
1842,0.029356
1843,0.029260
1844,0.029022
1845,0.029263
1846,0.029297
1847,0.029265
1848,0.029067
1849,0.029060
1850,0.029347
1851,0.029115
1852,0.029431
1853,0.029181
1854,0.029192
1855,0.029275
1856,0.029124
1857,0.029253
1858,0.029257
1859,0.029378
1860,0.029234
1861,0.029223
1862,0.029376
1863,0.029108
1864,0.029117
1865,0.029346
1866,0.029148
1867,0.029568
1868,0.029250
1869,0.029484
1870,0.029199
1871,0.029443
1872,0.029272
1873,0.029193
1874,0.029401
1875,0.029452
1876,0.029133
1877,0.029310
1878,0.029382
1879,0.029362
1880,0.029196
1881,0.029133
1882,0.029352
1883,0.029336
1884,0.029179
1885,0.029200
1886,0.029213
1887,0.029127
1888,0.029340
1889,0.029178
1890,0.029345
1891,0.029330
1892,0.029245
1893,0.029292
1894,0.029109
1895,0.029414
1896,0.029139
1897,0.029197
1898,0.028996
1899,0.028984
1900,0.029159
1901,0.028953
1902,0.029198
1903,0.028997
1904,0.029155
1905,0.029024
1906,0.029110
1907,0.029214
1908,0.029243
1909,0.029279
1910,0.029257
1911,0.029291
1912,0.029384
1913,0.029215
1914,0.029379
1915,0.029061
1916,0.029172
1917,0.029302
1918,0.029320
1919,0.029270
1920,0.029010
1921,0.029216
1922,0.029195
1923,0.029280
1924,0.029181
1925,0.029420
1926,0.029266
1927,0.029108
1928,0.029326
1929,0.029357
1930,0.029405
1931,0.029569
1932,0.029326
1933,0.029182
1934,0.029090
1935,0.029232
1936,0.029031
1937,0.029250
1938,0.029172
1939,0.029249
1940,0.028952
1941,0.029358
1942,0.029267
1943,0.029223
1944,0.029373
1945,0.029215
1946,0.029355
1947,0.029082
1948,0.029346
1949,0.029279
1950,0.029304
1951,0.029164
1952,0.029378
1953,0.029124
1954,0.029205
1955,0.029099
1956,0.029121
1957,0.029233
1958,0.029008
1959,0.029055
1960,0.029333
1961,0.029141
1962,0.029140
1963,0.029271
1964,0.029285
1965,0.029103
1966,0.029197
1967,0.029156
1968,0.029363
1969,0.029215
1970,0.029442
1971,0.029760
1972,0.028665
1973,0.028961
1974,0.028970
1975,0.028894
1976,0.029012
1977,0.028945
1978,0.028797
1979,0.028761
1980,0.028568
1981,0.028885
1982,0.029135
1983,0.029138
1984,0.028644
1985,0.029704
1986,0.058900
1987,0.029689
1988,0.029999
1989,0.029692
1990,0.030138
1991,0.029665
1992,0.029269
1993,0.029102
1994,0.057484
1995,0.029028
1996,0.028887
1997,0.028980
1998,0.029170
1999,0.028471
2000,0.028952
2001,0.028966
2002,0.028554
2003,0.029392
2004,0.029262
2005,0.029028
2006,0.028720
2007,0.028934
2008,0.028921
2009,0.028961
2010,0.029127
2011,0.029221
2012,0.028712
2013,0.029083
2014,0.029151
2015,0.029250
2016,0.028887
2017,0.030935
2018,0.031570
2019,0.030474
2020,0.031149
2021,0.034074
2022,0.026757
2023,0.036509
2024,0.093818
2025,0.047146
2026,0.046191
2027,0.045609
2028,0.045795
2029,0.049615
2030,0.045975
2031,0.046164
2032,0.045669
2033,0.048115
2034,0.047367
2035,0.047838
2036,0.049492
2037,0.046132
2038,0.046407
2039,0.047346
2040,0.037522
2041,0.061466
2042,0.045952
2043,0.045370
2044,0.047468
2045,0.046165
2046,0.046668
2047,0.046696
2048,0.050975
2049,0.047035
2050,0.045392
2051,0.050183
2052,0.047373
2053,0.046406
2054,0.051367
2055,0.048049
2056,0.047638
2057,0.048843
2058,0.047171
2059,0.048072
2060,0.050812
2061,0.048708
2062,0.047870
2063,0.064871
2064,0.047970
2065,0.048447
2066,0.047609
2067,0.047407
2068,0.046951
2069,0.050432
2070,0.046396
2071,0.046922
2072,0.046114
2073,0.047761
2074,0.047265
2075,0.045830
2076,0.047085
2077,0.049589
2078,0.046182
2079,0.046338
2080,0.049520
2081,0.046971
2082,0.047830
2083,0.049624
2084,0.046120
2085,0.046718
2086,0.045129
2087,0.048445
2088,0.046452
2089,0.056603
2090,0.046872
2091,0.048214
2092,0.047684
2093,0.047492
2094,0.047004
2095,0.050397
2096,0.046731
2097,0.046198
2098,0.045645
2099,0.047536
2100,0.049101
2101,0.046549
2102,0.050670
2103,0.046830
2104,0.046289
2105,0.047437
2106,0.047204
2107,0.047003
2108,0.045754
2109,0.051379
2110,0.090645
2111,0.045511
2112,0.050174
2113,0.047321
2114,0.047149
2115,0.047251
2116,0.048165
2117,0.046852
2118,0.049703
2119,0.046641
2120,0.046411
2121,0.046447
2122,0.049239
2123,0.047214
2124,0.046290
2125,0.049763
2126,0.047907
2127,0.046706
2128,0.046419
2129,0.047216
2130,0.047547
2131,0.047062
2132,0.052032
2133,0.046302
2134,0.026471
2135,0.027251
2136,0.027070
2137,0.026784
2138,0.026480
2139,0.026437
2140,0.026365
2141,0.026228
2142,0.037644
2143,0.046524
2144,0.049242
2145,0.047164
2146,0.045935
2147,0.087192
2148,0.046784
2149,0.048577
2150,0.047412
2151,0.045858
2152,0.045829
2153,0.049071
2154,0.047564
2155,0.046330
2156,0.046611
2157,0.049845
2158,0.046303
2159,0.045684
2160,0.045206
2161,0.046981
2162,0.046441
2163,0.046858
2164,0.047218
2165,0.049135
2166,0.046772
2167,0.045396
2168,0.048697
2169,0.049190
2170,0.047654
2171,0.046933
2172,0.046362
2173,0.051228
2174,0.047931
2175,0.047312
2176,0.046608
2177,0.046473
2178,0.048526
2179,0.047153
2180,0.047398
2181,0.049082
2182,0.050101
2183,0.048734
2184,0.047439
2185,0.046865
2186,0.046820
2187,0.048571
2188,0.048698
2189,0.046586
2190,0.046356
2191,0.047499
2192,0.050594
2193,0.047981
2194,0.047249
2195,0.034907
2196,0.045963
2197,0.047452
2198,0.049903
2199,0.046036
2200,0.046073
2201,0.045777
2202,0.046865
2203,0.046728
2204,0.046425
2205,0.046496
2206,0.049471
2207,0.045005
2208,0.045879
2209,0.047181
2210,0.047843
2211,0.046465
2212,0.050551
2213,0.046622
2214,0.046696
2215,0.135208
2216,0.077367
2217,0.050241
2218,0.048713
2219,0.050049
2220,0.146545
2221,0.101872
2222,0.048795
2223,0.053563
2224,0.049386
2225,0.048853
2226,0.048118
2227,0.048479
2228,0.048471
2229,0.101247
2230,0.051484
2231,0.079201
2232,0.048997
2233,0.045914
2234,0.045771
2235,0.045803
2236,0.046100
2237,0.046141
2238,0.046048
2239,0.045896
2240,0.046367
2241,0.045667
2242,0.045853
2243,0.045639
2244,0.044232
2245,0.049920
2246,0.035772
2247,0.034451
2248,0.051433
2249,0.074802
2250,0.051549
2251,0.046596
2252,0.047081
2253,0.046358
2254,0.046649
2255,0.046091
2256,0.045494
2257,0.046216
2258,0.045474
2259,0.046267
2260,0.045266
2261,0.046042
2262,0.042782
2263,0.040741
2264,0.045757
2265,0.046459
2266,0.046538
2267,0.049583
2268,0.046914
2269,0.046517
2270,0.046801
2271,0.045798
2272,0.046179
# total_episodes=2272, avg_seconds=0.048407
