# episode_index, seconds
1,0.001639
2,0.010142
3,0.001314
4,0.006002
5,0.001750
6,0.004247
7,0.007835
8,0.003518
9,0.002901
10,0.003751
11,0.002828
12,0.001421
13,0.004567
14,0.002075
15,0.008845
16,0.002535
17,0.003685
18,0.001229
19,0.003916
20,0.008671
21,0.001680
22,0.001913
23,0.003454
24,0.003105
25,0.001434
26,0.004711
27,0.001298
28,0.001357
29,0.001438
30,0.001322
31,0.001218
32,0.011227
33,0.006425
34,0.006546
35,0.006995
36,0.002331
37,0.001252
38,0.010061
39,0.004066
40,0.006483
41,0.097114
42,0.046874
43,0.134856
44,0.043519
45,0.043350
46,0.129896
47,0.129346
48,0.084453
49,0.043330
50,0.076116
51,0.045693
52,0.045242
53,0.043636
54,0.043403
55,0.044678
56,0.044249
57,0.044437
58,0.043433
59,0.043832
60,0.044141
61,0.043918
62,0.045455
63,0.043611
64,0.043381
65,0.041090
66,0.042768
67,0.043052
68,0.044130
69,0.043982
70,0.044122
71,0.043933
72,0.043652
73,0.048174
74,0.043817
75,0.046736
76,0.049451
77,0.044787
78,0.046631
79,0.044890
80,0.044726
81,0.044718
82,0.043631
83,0.044116
84,0.044155
85,0.043061
86,0.043800
87,0.044791
88,0.044168
89,0.044787
90,0.089983
91,0.044252
92,0.044207
93,0.043852
94,0.041571
95,0.041260
96,0.043381
97,0.043917
98,0.043815
99,0.044686
100,0.043763
101,0.044425
102,0.043458
103,0.045013
104,0.048335
105,0.092648
106,0.218797
107,0.131667
108,0.169428
109,0.218191
110,0.219522
111,0.043611
112,0.122911
113,0.087608
114,0.089002
115,0.090661
116,0.087870
117,0.044333
118,0.086743
119,0.043487
120,0.043944
121,0.043842
122,0.044621
123,0.043433
124,0.043155
125,0.042185
126,0.041021
127,0.043437
128,0.043851
129,0.044082
130,0.043594
131,0.044426
132,0.043390
133,0.044035
134,0.046825
135,0.046286
136,0.044766
137,0.100465
138,0.064732
139,0.088001
140,0.044247
141,0.043008
142,0.040947
143,0.042771
144,0.043624
145,0.044051
146,0.043500
147,0.043933
148,0.043049
149,0.043925
150,0.045477
151,0.045466
152,0.045214
153,0.044147
154,0.044580
155,0.043465
156,0.043421
157,0.046366
158,0.047291
159,0.043421
160,0.052613
161,0.046939
162,0.045141
163,0.044811
164,0.045145
165,0.045148
166,0.043167
167,0.044979
168,0.043567
169,0.043466
170,0.044352
171,0.043631
172,0.044321
173,0.044779
174,0.043729
175,0.040595
176,0.041942
177,0.044066
178,0.043381
179,0.043239
180,0.043161
181,0.044176
182,0.043482
183,0.090102
184,0.045566
185,0.045177
186,0.045610
187,0.043653
188,0.049472
189,0.046544
190,0.045322
191,0.044402
192,0.043598
193,0.045736
194,0.043618
195,0.043805
196,0.043703
197,0.044024
198,0.043777
199,0.044152
200,0.044302
201,0.043590
202,0.041635
203,0.040765
204,0.043795
205,0.044290
206,0.043731
207,0.044192
208,0.043325
209,0.043708
210,0.044650
211,0.048239
212,0.047438
213,0.046444
214,0.045040
215,0.045308
216,0.047266
217,0.064726
218,0.048236
219,0.047656
220,0.045134
221,0.048168
222,0.093997
223,0.045806
224,0.048038
225,0.048665
226,0.094628
227,0.047840
228,0.095810
229,0.095101
230,0.048459
231,0.047719
232,0.048963
233,0.093356
234,0.045650
235,0.048486
236,0.093518
237,0.047596
238,0.046939
239,0.090181
240,0.044650
241,0.048985
242,0.094437
243,0.048826
244,0.047784
245,0.048627
246,0.048405
247,0.048291
248,0.153615
249,0.049627
250,0.088443
251,0.088251
252,0.048619
253,0.048191
254,0.048693
255,0.048685
256,0.048066
257,0.092932
258,0.044588
259,0.045105
260,0.047008
261,0.048913
262,0.044536
263,0.047552
264,0.046340
265,0.047787
266,0.047864
267,0.048325
268,0.049202
269,0.047354
270,0.047403
271,0.048227
272,0.049014
273,0.048360
274,0.048364
275,0.047241
276,0.047476
277,0.047598
278,0.047284
279,0.047625
280,0.047245
281,0.046369
282,0.046408
283,0.047893
284,0.048381
285,0.047007
286,0.045592
287,0.045434
288,0.047388
289,0.046178
290,0.048043
291,0.047733
292,0.048059
293,0.048772
294,0.049009
295,0.048375
296,0.047281
297,0.047586
298,0.047421
299,0.048220
300,0.046354
301,0.048379
302,0.049000
303,0.048501
304,0.045692
305,0.048156
306,0.048478
307,0.046057
308,0.046526
309,0.048037
310,0.057288
311,0.045508
312,0.047155
313,0.043787
314,0.044126
315,0.044669
316,0.044185
317,0.044163
318,0.043998
319,0.044162
320,0.044782
321,0.048649
322,0.045352
323,0.044370
324,0.044855
325,0.044603
326,0.044825
327,0.089739
328,0.044223
329,0.044578
330,0.044795
331,0.044586
332,0.043953
333,0.046090
334,0.045653
335,0.043932
336,0.064064
337,0.043755
338,0.043356
339,0.045217
340,0.044726
341,0.046581
342,0.047013
343,0.048758
344,0.049391
345,0.047360
346,0.048452
347,0.049133
348,0.048153
349,0.047550
350,0.047797
351,0.047357
352,0.049784
353,0.050895
354,0.034487
355,0.042916
356,0.046463
357,0.046743
358,0.050148
359,0.045418
360,0.044663
361,0.044740
362,0.044909
363,0.045036
364,0.044080
365,0.043334
366,0.044987
367,0.043137
368,0.044432
369,0.043889
370,0.043986
371,0.044001
372,0.043273
373,0.041737
374,0.036089
375,0.030126
376,0.042672
377,0.043294
378,0.046050
379,0.043237
380,0.043300
381,0.043344
382,0.047454
383,0.048344
384,0.049126
385,0.048234
386,0.048960
387,0.048240
388,0.048766
389,0.049149
390,0.047759
391,0.047958
392,0.048587
393,0.047643
394,0.048420
395,0.048619
396,0.048751
397,0.048036
398,0.048999
399,0.048454
400,0.048329
401,0.047287
402,0.048129
403,0.048649
404,0.048374
405,0.048521
406,0.047885
407,0.046600
408,0.049031
409,0.047535
410,0.049057
411,0.048544
412,0.049756
413,0.047697
414,0.047902
415,0.048604
416,0.096462
417,0.050257
418,0.093706
419,0.048930
420,0.094065
421,0.095744
422,0.048825
423,0.048542
424,0.048250
425,0.047913
426,0.141211
427,0.097008
428,0.047507
429,0.145444
430,0.095890
431,0.096175
432,0.048941
433,0.047497
434,0.049321
435,0.048728
436,0.048175
437,0.047891
438,0.046357
439,0.091986
440,0.047979
441,0.048539
442,0.049314
443,0.048495
444,0.048830
445,0.047797
446,0.049525
447,0.096289
448,0.046507
449,0.049338
450,0.048471
451,0.049434
452,0.048408
453,0.048395
454,0.048660
455,0.047863
456,0.048606
457,0.047748
458,0.048074
459,0.049567
460,0.048688
461,0.047263
462,0.054061
463,0.054911
464,0.042338
465,0.041852
466,0.040298
467,0.040548
468,0.041575
469,0.043556
470,0.043656
471,0.085400
472,0.043058
473,0.043395
474,0.043473
475,0.043693
476,0.048273
477,0.048764
478,0.047531
479,0.046641
480,0.048882
481,0.049615
482,0.048151
483,0.048331
484,0.048457
485,0.048901
486,0.047403
487,0.096517
488,0.047697
489,0.048487
490,0.047972
491,0.048183
492,0.048463
493,0.048742
494,0.047990
495,0.048914
496,0.048412
497,0.048155
498,0.049114
499,0.049068
500,0.047863
501,0.048284
502,0.047867
503,0.047784
504,0.048080
505,0.048533
506,0.048385
507,0.065143
508,0.043431
509,0.044066
510,0.043410
511,0.043342
512,0.044224
513,0.043135
514,0.043883
515,0.043984
516,0.043796
517,0.043452
518,0.043555
519,0.043432
520,0.044290
521,0.043320
522,0.043834
523,0.043527
524,0.042953
525,0.042961
526,0.042183
527,0.041853
528,0.043622
529,0.042772
530,0.041928
531,0.040119
532,0.040846
533,0.042048
534,0.043008
535,0.042488
536,0.043276
537,0.042587
538,0.042995
539,0.057225
540,0.042505
541,0.043736
542,0.042363
543,0.042956
544,0.085869
545,0.043261
546,0.042830
547,0.042741
548,0.042524
549,0.039055
550,0.040443
551,0.042124
552,0.043103
553,0.086120
554,0.043096
555,0.043136
556,0.043279
557,0.043824
558,0.047596
559,0.046475
560,0.047986
561,0.048007
562,0.045885
563,0.048953
564,0.047909
565,0.048116
566,0.046496
567,0.044053
568,0.129571
569,0.042606
570,0.043083
571,0.042673
572,0.043528
573,0.086785
574,0.043226
575,0.042670
576,0.042817
577,0.043429
578,0.043467
579,0.043688
580,0.043461
581,0.043702
582,0.043494
583,0.043435
584,0.043217
585,0.043215
586,0.043752
587,0.043440
588,0.043404
589,0.043458
590,0.042355
591,0.042337
592,0.039179
593,0.040629
594,0.041603
595,0.042957
596,0.043272
597,0.043180
598,0.042973
599,0.042714
600,0.043756
601,0.042898
602,0.047327
603,0.047524
604,0.048542
605,0.047487
606,0.048674
607,0.047548
608,0.049085
609,0.048868
610,0.047214
611,0.048099
612,0.047794
613,0.048734
614,0.048794
615,0.047193
616,0.048280
617,0.048030
618,0.046879
619,0.047743
620,0.047519
621,0.047480
622,0.048405
623,0.048092
624,0.048793
625,0.048686
626,0.048479
627,0.047543
628,0.048472
629,0.048250
630,0.048489
631,0.048419
632,0.049200
633,0.047644
634,0.047026
635,0.048309
636,0.048087
637,0.048516
638,0.048153
639,0.047941
640,0.048759
641,0.049217
642,0.048360
643,0.048185
644,0.047927
645,0.049461
646,0.047426
647,0.046673
648,0.048662
649,0.049262
650,0.049409
651,0.047160
652,0.047168
653,0.048780
654,0.048460
655,0.047829
656,0.046989
657,0.047831
658,0.046688
659,0.047967
660,0.048031
661,0.048177
662,0.047263
663,0.048207
664,0.047836
665,0.048288
666,0.048157
667,0.047416
668,0.047915
669,0.047531
670,0.047932
671,0.048272
672,0.047710
673,0.046669
674,0.047527
675,0.047686
676,0.047622
677,0.048425
678,0.048257
679,0.046798
680,0.048721
681,0.047389
682,0.048537
683,0.048000
684,0.047812
685,0.047100
686,0.047508
687,0.048146
688,0.047630
689,0.048792
690,0.047505
691,0.044669
692,0.047430
693,0.048168
694,0.048121
695,0.046654
696,0.046719
697,0.047633
698,0.046437
699,0.046786
700,0.053376
701,0.044769
702,0.043573
703,0.043418
704,0.043012
705,0.043127
706,0.043385
707,0.043275
708,0.042560
709,0.043171
710,0.044162
711,0.043984
712,0.043694
713,0.043548
714,0.043747
715,0.044022
716,0.044199
717,0.043280
718,0.043567
719,0.042454
720,0.044448
721,0.042737
722,0.044126
723,0.047698
724,0.048212
725,0.048326
726,0.047165
727,0.047419
728,0.048600
729,0.047944
730,0.047187
731,0.048516
732,0.048357
733,0.047439
734,0.048551
735,0.048469
736,0.047769
737,0.048355
738,0.047346
739,0.049012
740,0.047883
741,0.048402
742,0.048515
743,0.048292
744,0.048497
745,0.048241
746,0.048956
747,0.047721
748,0.048378
749,0.048638
750,0.048139
751,0.047337
752,0.071019
753,0.048066
754,0.048904
755,0.048003
756,0.048389
757,0.047936
758,0.048278
759,0.048394
760,0.047209
761,0.049083
762,0.049350
763,0.047358
764,0.048529
765,0.048540
766,0.048135
767,0.048220
768,0.048519
769,0.049202
770,0.048707
771,0.047420
772,0.047735
773,0.047863
774,0.048790
775,0.047197
776,0.048077
777,0.048657
778,0.048223
779,0.047071
780,0.094272
781,0.141428
782,0.048383
783,0.142119
784,0.048505
785,0.234389
786,0.142595
787,0.047186
788,0.094895
789,0.135645
790,0.044215
791,0.129154
792,0.043254
793,0.043658
794,0.042268
795,0.044054
796,0.042903
797,0.043037
798,0.043263
799,0.171292
800,0.124551
801,0.173541
802,0.163537
803,0.171022
804,0.172072
805,0.183126
806,0.190816
807,0.048529
808,0.096384
809,0.094725
810,0.047694
811,0.048095
812,0.047248
813,0.048554
814,0.047121
815,0.048490
816,0.047284
817,0.047731
818,0.046848
819,0.047947
820,0.070688
821,0.047465
822,0.047784
823,0.048687
824,0.048033
825,0.047896
826,0.048802
827,0.048357
828,0.047828
829,0.048393
830,0.047799
831,0.048467
832,0.048881
833,0.048610
834,0.048611
835,0.048027
836,0.048114
837,0.048843
838,0.047187
839,0.047576
840,0.047584
841,0.048777
842,0.048264
843,0.048316
844,0.048451
845,0.048294
846,0.048089
847,0.047963
848,0.047180
849,0.048505
850,0.048223
851,0.047682
852,0.048521
853,0.048833
854,0.048613
855,0.048865
856,0.047550
857,0.048341
858,0.047691
859,0.048141
860,0.048721
861,0.048427
862,0.047925
863,0.046791
864,0.048090
865,0.048279
866,0.141038
867,0.047607
868,0.134922
869,0.044052
870,0.044255
871,0.043924
872,0.043702
873,0.043514
874,0.042675
875,0.045482
876,0.042810
877,0.043244
878,0.042942
879,0.043146
880,0.042640
881,0.042978
882,0.042912
883,0.042790
884,0.042102
885,0.164300
886,0.042306
887,0.042753
888,0.042351
889,0.043096
890,0.174381
891,0.047226
892,0.047655
893,0.188129
894,0.047996
895,0.047795
896,0.046790
897,0.048296
898,0.048161
899,0.185705
900,0.047310
901,0.047722
902,0.048908
903,0.048655
904,0.094579
905,0.136111
906,0.043981
907,0.044118
908,0.044313
909,0.044229
910,0.044182
911,0.043658
912,0.043952
913,0.044171
914,0.043571
915,0.044225
916,0.043603
917,0.043927
918,0.043473
919,0.044107
920,0.043397
921,0.043780
922,0.042571
923,0.044319
924,0.044130
925,0.044343
926,0.041910
927,0.042807
928,0.042673
929,0.043300
930,0.043238
931,0.043830
932,0.043016
933,0.044426
934,0.043125
935,0.043576
936,0.043281
937,0.043370
938,0.042652
939,0.042922
940,0.043768
941,0.043387
942,0.043138
943,0.043360
944,0.042775
945,0.043278
946,0.044193
947,0.043325
948,0.043403
949,0.042602
950,0.042918
951,0.043036
952,0.042336
953,0.043219
954,0.043096
955,0.042685
956,0.039447
957,0.040331
958,0.041854
959,0.041867
960,0.042415
961,0.042518
962,0.043838
963,0.042104
964,0.043136
965,0.043386
966,0.047091
967,0.047193
968,0.046856
969,0.048485
970,0.047158
971,0.048166
972,0.047972
973,0.047909
974,0.048208
975,0.048567
976,0.047516
977,0.048340
978,0.047704
979,0.048678
980,0.047396
981,0.048885
982,0.047564
983,0.047363
984,0.047872
985,0.048860
986,0.046313
987,0.048930
988,0.047331
989,0.047974
990,0.048168
991,0.047274
992,0.048429
993,0.048764
994,0.047977
995,0.047077
996,0.046805
997,0.047890
998,0.048087
999,0.048291
1000,0.048371
1001,0.047582
1002,0.047013
1003,0.048336
1004,0.046964
1005,0.047709
1006,0.047584
1007,0.140951
1008,0.138117
1009,0.135752
1010,0.137414
1011,0.174537
1012,0.169455
1013,0.128264
1014,0.084459
1015,0.039313
1016,0.039788
1017,0.041757
1018,0.043085
1019,0.042164
1020,0.042287
1021,0.042432
1022,0.043551
1023,0.043012
1024,0.047496
1025,0.047982
1026,0.048789
1027,0.049056
1028,0.047710
1029,0.048367
1030,0.047944
1031,0.048351
1032,0.046698
1033,0.047894
1034,0.047692
1035,0.048041
1036,0.047122
1037,0.048035
1038,0.048285
1039,0.048340
1040,0.047104
1041,0.046981
1042,0.044901
1043,0.048221
1044,0.047316
1045,0.047685
1046,0.046251
1047,0.048074
1048,0.046727
1049,0.045971
1050,0.047737
1051,0.048281
1052,0.048704
1053,0.048124
1054,0.047335
1055,0.047360
1056,0.048557
1057,0.095160
1058,0.048107
1059,0.047830
1060,0.048736
1061,0.096454
1062,0.048607
1063,0.048317
1064,0.048880
1065,0.047881
1066,0.048059
1067,0.047656
1068,0.048163
1069,0.048286
1070,0.048715
1071,0.048049
1072,0.046929
1073,0.048254
1074,0.047836
1075,0.046877
1076,0.048290
1077,0.048207
1078,0.048213
1079,0.047188
1080,0.047873
1081,0.048478
1082,0.047422
1083,0.048615
1084,0.047929
1085,0.048898
1086,0.048312
1087,0.048050
1088,0.048266
1089,0.048833
1090,0.047680
1091,0.047861
1092,0.047952
1093,0.047957
1094,0.048794
1095,0.048289
1096,0.048599
1097,0.047403
1098,0.048401
1099,0.048357
1100,0.047984
1101,0.048195
1102,0.048085
1103,0.048609
1104,0.048818
1105,0.048257
1106,0.047756
1107,0.047587
1108,0.047802
1109,0.047717
1110,0.047325
1111,0.047640
1112,0.047847
1113,0.049129
1114,0.046595
1115,0.047057
1116,0.048110
1117,0.047998
1118,0.048258
1119,0.048329
1120,0.047817
1121,0.048390
1122,0.047433
1123,0.048579
1124,0.046208
1125,0.047438
1126,0.047989
1127,0.048465
1128,0.095765
1129,0.048090
1130,0.047663
1131,0.048542
1132,0.047635
1133,0.048344
1134,0.048649
1135,0.048768
1136,0.047595
1137,0.047699
1138,0.048151
1139,0.047364
1140,0.092029
1141,0.049141
1142,0.048458
1143,0.047523
1144,0.048814
1145,0.047663
1146,0.048389
1147,0.046887
1148,0.048033
1149,0.048376
1150,0.048896
1151,0.048568
1152,0.047970
1153,0.048295
1154,0.047816
1155,0.047399
1156,0.047729
1157,0.048529
1158,0.048943
1159,0.047578
1160,0.047347
1161,0.048737
1162,0.048614
1163,0.047787
1164,0.048254
1165,0.047499
1166,0.048332
1167,0.047654
1168,0.049002
1169,0.047516
1170,0.094205
1171,0.048269
1172,0.047596
1173,0.049133
1174,0.048530
1175,0.048416
1176,0.048918
1177,0.049231
1178,0.048407
1179,0.048939
1180,0.047734
1181,0.047892
1182,0.046624
1183,0.048113
1184,0.047334
1185,0.048871
1186,0.046547
1187,0.048066
1188,0.047698
1189,0.047722
1190,0.048251
1191,0.047617
1192,0.048333
1193,0.047236
1194,0.048182
1195,0.048465
1196,0.048733
1197,0.048597
1198,0.047761
1199,0.047779
1200,0.049080
1201,0.048661
1202,0.048001
1203,0.047617
1204,0.048635
1205,0.047172
1206,0.047743
1207,0.048138
1208,0.048181
1209,0.048450
1210,0.048488
1211,0.048884
1212,0.048127
1213,0.139153
1214,0.043921
1215,0.043487
1216,0.044841
1217,0.044564
1218,0.045926
1219,0.047742
1220,0.047738
1221,0.048789
1222,0.048835
1223,0.048488
1224,0.048103
1225,0.047864
1226,0.048743
1227,0.049231
1228,0.048523
1229,0.048052
1230,0.047676
1231,0.047892
1232,0.049015
1233,0.047551
1234,0.047338
1235,0.048075
1236,0.049081
1237,0.048907
1238,0.047883
1239,0.044200
1240,0.044053
1241,0.044248
1242,0.044874
1243,0.044063
1244,0.043755
1245,0.043491
1246,0.043492
1247,0.041650
1248,0.043389
1249,0.042771
1250,0.043264
1251,0.042796
1252,0.042781
1253,0.042649
1254,0.043301
1255,0.043350
1256,0.043313
1257,0.039846
1258,0.039750
1259,0.041885
1260,0.043065
1261,0.043107
1262,0.128976
1263,0.134864
1264,0.048253
1265,0.141304
1266,0.189629
1267,0.048268
1268,0.047880
1269,0.048874
1270,0.187046
1271,0.044443
1272,0.087563
1273,0.044117
1274,0.044379
1275,0.044066
1276,0.042506
1277,0.043517
1278,0.043276
1279,0.043431
1280,0.085017
1281,0.043046
1282,0.042696
1283,0.043072
1284,0.042248
1285,0.043782
1286,0.042971
1287,0.043625
1288,0.043360
1289,0.042115
1290,0.043352
1291,0.042414
1292,0.042283
1293,0.042371
1294,0.039193
1295,0.040215
1296,0.041921
1297,0.042167
1298,0.043030
1299,0.042819
1300,0.042252
1301,0.042751
1302,0.042693
1303,0.054412
1304,0.050324
1305,0.048622
1306,0.048692
1307,0.048467
1308,0.049677
1309,0.049868
1310,0.047972
1311,0.048423
1312,0.049659
1313,0.048897
1314,0.047737
1315,0.048803
1316,0.048945
1317,0.049555
1318,0.048092
1319,0.049119
1320,0.049675
1321,0.048116
1322,0.048430
1323,0.049758
1324,0.049177
1325,0.049214
1326,0.047668
1327,0.049352
1328,0.047713
1329,0.048533
1330,0.049478
1331,0.048606
1332,0.048467
1333,0.049173
1334,0.049275
1335,0.049515
1336,0.048283
1337,0.049015
1338,0.049391
1339,0.048034
1340,0.048215
1341,0.049828
1342,0.047985
1343,0.048995
1344,0.048831
1345,0.048410
1346,0.048704
1347,0.049283
1348,0.049032
1349,0.049217
1350,0.048689
1351,0.048069
1352,0.048705
1353,0.047830
1354,0.048927
1355,0.048242
1356,0.048487
1357,0.048994
1358,0.048872
1359,0.048882
1360,0.048220
1361,0.047958
1362,0.048480
1363,0.048385
1364,0.049297
1365,0.048550
1366,0.048734
1367,0.048341
1368,0.047693
1369,0.048853
1370,0.049467
1371,0.048983
1372,0.048853
1373,0.048053
1374,0.048611
1375,0.049239
1376,0.049173
1377,0.049246
1378,0.048472
1379,0.048441
1380,0.049245
1381,0.048181
1382,0.049201
1383,0.097140
1384,0.048548
1385,0.048844
1386,0.047857
1387,0.050024
1388,0.049523
1389,0.048898
1390,0.048191
1391,0.049280
1392,0.049336
1393,0.049068
1394,0.047337
1395,0.048433
1396,0.047846
1397,0.049142
1398,0.048944
1399,0.047980
1400,0.049099
1401,0.049764
1402,0.049071
1403,0.048318
1404,0.048709
1405,0.046266
1406,0.044882
1407,0.043812
1408,0.044472
1409,0.044404
1410,0.044335
1411,0.044323
1412,0.044088
1413,0.044057
1414,0.043740
1415,0.042187
1416,0.043443
1417,0.042138
1418,0.043000
1419,0.042828
1420,0.043828
1421,0.043238
1422,0.042796
1423,0.043332
1424,0.043426
1425,0.043643
1426,0.043848
1427,0.043277
1428,0.044178
1429,0.044220
1430,0.043149
1431,0.043640
1432,0.043499
1433,0.043526
1434,0.042745
1435,0.042717
1436,0.042168
1437,0.040153
1438,0.039999
1439,0.041950
1440,0.043382
1441,0.043718
1442,0.043543
1443,0.043587
1444,0.043124
1445,0.043268
1446,0.045297
1447,0.043428
1448,0.044634
1449,0.043648
1450,0.044045
1451,0.044278
1452,0.044508
1453,0.043635
1454,0.042834
1455,0.046376
1456,0.046491
1457,0.047617
1458,0.044944
1459,0.042697
1460,0.043272
1461,0.042985
1462,0.042743
1463,0.042657
1464,0.042715
1465,0.040571
1466,0.038927
1467,0.042038
1468,0.043067
1469,0.042274
1470,0.042601
1471,0.043324
1472,0.043095
1473,0.043632
1474,0.046374
1475,0.138499
1476,0.048377
1477,0.135551
1478,0.087065
1479,0.085942
1480,0.042933
1481,0.045775
1482,0.127484
1483,0.084246
1484,0.089525
1485,0.043052
1486,0.043523
1487,0.043049
1488,0.045206
1489,0.047418
1490,0.046111
1491,0.047948
1492,0.048369
1493,0.048449
1494,0.049019
1495,0.048758
1496,0.048994
1497,0.048385
1498,0.048399
1499,0.049039
1500,0.048301
1501,0.047875
1502,0.047505
1503,0.030007
1504,0.041785
1505,0.043415
1506,0.042004
1507,0.043134
1508,0.049806
1509,0.043473
1510,0.042262
1511,0.043155
1512,0.043629
1513,0.042819
1514,0.042756
1515,0.043037
1516,0.042682
1517,0.043654
1518,0.042764
1519,0.042906
1520,0.043719
1521,0.060361
1522,0.053213
1523,0.043110
1524,0.043452
1525,0.043265
1526,0.049988
1527,0.048590
1528,0.048115
1529,0.048194
1530,0.048229
1531,0.047432
1532,0.048484
1533,0.047601
1534,0.047589
1535,0.047437
1536,0.048000
1537,0.048864
1538,0.048676
1539,0.047902
1540,0.045919
1541,0.048080
1542,0.046443
1543,0.047238
1544,0.048572
1545,0.046403
1546,0.046783
1547,0.047726
1548,0.047757
1549,0.048130
1550,0.048333
1551,0.045773
1552,0.044557
1553,0.044333
1554,0.046098
1555,0.047840
1556,0.047820
1557,0.047889
1558,0.049048
1559,0.045247
1560,0.047824
1561,0.048643
1562,0.046188
1563,0.044912
1564,0.043557
1565,0.044172
1566,0.043477
1567,0.043892
1568,0.043742
1569,0.043658
1570,0.043330
1571,0.042496
1572,0.042650
1573,0.042453
1574,0.043285
1575,0.043121
1576,0.043611
1577,0.043034
1578,0.042588
1579,0.043029
1580,0.043953
1581,0.043651
1582,0.043472
1583,0.043822
1584,0.043478
1585,0.043917
1586,0.043580
1587,0.043158
1588,0.044072
1589,0.043445
1590,0.043384
1591,0.043124
1592,0.042683
1593,0.042419
1594,0.042852
1595,0.042534
1596,0.042874
1597,0.042583
1598,0.042552
1599,0.041868
1600,0.042201
1601,0.040675
1602,0.039647
1603,0.041807
1604,0.042001
1605,0.042854
1606,0.042381
1607,0.042721
1608,0.043043
1609,0.042890
1610,0.042826
1611,0.043190
1612,0.047813
1613,0.048205
1614,0.046859
1615,0.048458
1616,0.048716
1617,0.048749
1618,0.048997
1619,0.110303
1620,0.107551
1621,0.042774
1622,0.042813
1623,0.043151
1624,0.095728
1625,0.033437
1626,0.037186
1627,0.050371
1628,0.045866
1629,0.046119
1630,0.045618
1631,0.045401
1632,0.045760
1633,0.046411
1634,0.046442
1635,0.040086
1636,0.042076
1637,0.045977
1638,0.045670
1639,0.044358
1640,0.044280
1641,0.044762
1642,0.088765
1643,0.089181
1644,0.088678
1645,0.044182
1646,0.043464
1647,0.037891
1648,0.084108
1649,0.094708
1650,0.104228
1651,0.046921
1652,0.097927
1653,0.064730
1654,0.047341
1655,0.103118
1656,0.068208
1657,0.032693
1658,0.045561
1659,0.047763
1660,0.048429
1661,0.047685
1662,0.047893
1663,0.047457
1664,0.048821
1665,0.048068
1666,0.047710
1667,0.047973
1668,0.047868
1669,0.048540
1670,0.048460
1671,0.049291
1672,0.049061
1673,0.048523
1674,0.048199
1675,0.048362
1676,0.048498
1677,0.048725
1678,0.045970
1679,0.046810
1680,0.048009
1681,0.048810
1682,0.039572
1683,0.031425
1684,0.041827
1685,0.044879
1686,0.044805
1687,0.045013
1688,0.044990
1689,0.045009
1690,0.044892
1691,0.045107
1692,0.044957
1693,0.044940
1694,0.044934
1695,0.044682
1696,0.044523
1697,0.045020
1698,0.044267
1699,0.044444
1700,0.044352
1701,0.044895
1702,0.043898
1703,0.044539
1704,0.044937
1705,0.044318
1706,0.044356
1707,0.044018
1708,0.045485
1709,0.046808
1710,0.048645
1711,0.048320
1712,0.048191
1713,0.048638
1714,0.047946
1715,0.048123
1716,0.047361
1717,0.048345
1718,0.047385
1719,0.048225
1720,0.048148
1721,0.047553
1722,0.048466
1723,0.048147
1724,0.048054
1725,0.049024
1726,0.047304
1727,0.048245
1728,0.048067
1729,0.049177
1730,0.047828
1731,0.047250
1732,0.048242
1733,0.048542
1734,0.047895
1735,0.045406
1736,0.047967
1737,0.046909
1738,0.047278
1739,0.047689
1740,0.048682
1741,0.048478
1742,0.047655
1743,0.046347
1744,0.047482
1745,0.048011
1746,0.048531
1747,0.047668
1748,0.048791
1749,0.046306
1750,0.048305
1751,0.046706
1752,0.048429
1753,0.048674
1754,0.047919
1755,0.046823
1756,0.045786
1757,0.048992
1758,0.047077
1759,0.048063
1760,0.048297
1761,0.048344
1762,0.047732
1763,0.047707
1764,0.046776
1765,0.048430
1766,0.048757
1767,0.048172
1768,0.046805
1769,0.046777
1770,0.047996
1771,0.047543
1772,0.048737
1773,0.048088
1774,0.048184
1775,0.048161
1776,0.048596
1777,0.048556
1778,0.048551
1779,0.045808
1780,0.045606
1781,0.048249
1782,0.047781
1783,0.047919
1784,0.048280
1785,0.046085
1786,0.047203
1787,0.047575
1788,0.048720
1789,0.048884
1790,0.048145
1791,0.047830
1792,0.047857
1793,0.047769
1794,0.048548
1795,0.048112
1796,0.048882
1797,0.047805
1798,0.047763
1799,0.047915
1800,0.047787
1801,0.048094
1802,0.047353
1803,0.047148
1804,0.048138
1805,0.048620
1806,0.048326
1807,0.047780
1808,0.048918
1809,0.048710
1810,0.048379
1811,0.048522
1812,0.048671
1813,0.047194
1814,0.045821
1815,0.047851
1816,0.048396
1817,0.048273
1818,0.047510
1819,0.046938
1820,0.049002
1821,0.048663
1822,0.049016
1823,0.048581
1824,0.047342
1825,0.047635
1826,0.048012
1827,0.047914
1828,0.048652
1829,0.048683
1830,0.049153
1831,0.047509
1832,0.048240
1833,0.049028
1834,0.048289
1835,0.046885
1836,0.047277
1837,0.049302
1838,0.048649
1839,0.046304
1840,0.049257
1841,0.048503
1842,0.045625
1843,0.047016
1844,0.048590
1845,0.045968
1846,0.047615
1847,0.046677
1848,0.047890
1849,0.048071
1850,0.048074
1851,0.048301
1852,0.047440
1853,0.048005
1854,0.048348
1855,0.047509
1856,0.046889
1857,0.047969
1858,0.046385
1859,0.044017
1860,0.043909
1861,0.043584
1862,0.042325
1863,0.042703
1864,0.042457
1865,0.043745
1866,0.042479
1867,0.043655
1868,0.043113
1869,0.039584
1870,0.040498
1871,0.042886
1872,0.042276
1873,0.043521
1874,0.043320
1875,0.043531
1876,0.043437
1877,0.044406
1878,0.046102
1879,0.048160
1880,0.046912
1881,0.048064
1882,0.048971
1883,0.048392
1884,0.048866
1885,0.047359
1886,0.046333
1887,0.048804
1888,0.047998
1889,0.048181
1890,0.048893
1891,0.048878
1892,0.048189
1893,0.048666
1894,0.049304
1895,0.049085
1896,0.048791
1897,0.046231
1898,0.049111
1899,0.049558
1900,0.047307
1901,0.047570
1902,0.047525
1903,0.047979
1904,0.046517
1905,0.048987
1906,0.046488
1907,0.045106
1908,0.048341
1909,0.048393
1910,0.047887
1911,0.048523
1912,0.048052
1913,0.049425
1914,0.048218
1915,0.048045
1916,0.048316
1917,0.048337
1918,0.048706
1919,0.048771
1920,0.047580
1921,0.047913
1922,0.048289
1923,0.047928
1924,0.047644
1925,0.048213
1926,0.049234
1927,0.046449
1928,0.047272
1929,0.048880
1930,0.064629
1931,0.044246
1932,0.044079
1933,0.044571
1934,0.043903
1935,0.044066
1936,0.029898
1937,0.028453
1938,0.028379
1939,0.028437
1940,0.028785
1941,0.028322
1942,0.028362
1943,0.028742
1944,0.028265
1945,0.028595
1946,0.028701
1947,0.028300
1948,0.028504
1949,0.028343
1950,0.028485
1951,0.028520
1952,0.028260
1953,0.028522
1954,0.028370
1955,0.028658
1956,0.028570
1957,0.028448
1958,0.028462
1959,0.028656
1960,0.028343
1961,0.028811
1962,0.028916
1963,0.029015
1964,0.028933
1965,0.029247
1966,0.028542
1967,0.028622
1968,0.028976
1969,0.029005
1970,0.028941
1971,0.028659
1972,0.028458
1973,0.028839
1974,0.028871
1975,0.028765
1976,0.028481
1977,0.028761
1978,0.029244
1979,0.029142
1980,0.029125
1981,0.029358
1982,0.028954
1983,0.028975
1984,0.029113
1985,0.029397
1986,0.029244
1987,0.028825
1988,0.028760
1989,0.028914
1990,0.028761
1991,0.029111
1992,0.029473
1993,0.029299
1994,0.028848
1995,0.029110
1996,0.029430
1997,0.029118
1998,0.029149
1999,0.029083
2000,0.029341
2001,0.029579
2002,0.029115
2003,0.028501
2004,0.028673
2005,0.028968
2006,0.028955
2007,0.028980
2008,0.029975
2009,0.029189
2010,0.029156
2011,0.028989
2012,0.028953
2013,0.029311
2014,0.029205
2015,0.029410
2016,0.029285
2017,0.029286
2018,0.028846
2019,0.029083
2020,0.029214
2021,0.029250
2022,0.028991
2023,0.029069
2024,0.058174
2025,0.028930
2026,0.028469
2027,0.029047
2028,0.029269
2029,0.028922
2030,0.029232
2031,0.028985
2032,0.029493
2033,0.029212
2034,0.029110
2035,0.028904
2036,0.087832
2037,0.029224
2038,0.029226
2039,0.029092
2040,0.029159
2041,0.029404
2042,0.029058
2043,0.028935
2044,0.086975
2045,0.028803
2046,0.057720
2047,0.028959
2048,0.029088
2049,0.029330
2050,0.029336
2051,0.029119
2052,0.029178
2053,0.029079
2054,0.029080
2055,0.029136
2056,0.029848
2057,0.029302
2058,0.029259
2059,0.029718
2060,0.029408
2061,0.029565
2062,0.030255
2063,0.029870
2064,0.029603
2065,0.030056
2066,0.029449
2067,0.029913
2068,0.030448
2069,0.029725
2070,0.029306
2071,0.029456
2072,0.030396
2073,0.029499
2074,0.029232
2075,0.029817
2076,0.030137
2077,0.029720
2078,0.029634
2079,0.029982
2080,0.029219
2081,0.029884
2082,0.029500
2083,0.029936
2084,0.029305
2085,0.030075
2086,0.030160
2087,0.029362
2088,0.029471
2089,0.029798
2090,0.030282
2091,0.042703
2092,0.032916
2093,0.031691
2094,0.031868
2095,0.031891
2096,0.032611
2097,0.032160
2098,0.032340
2099,0.032231
2100,0.032300
2101,0.032800
2102,0.032419
2103,0.032446
2104,0.032489
2105,0.032456
2106,0.032453
2107,0.032542
2108,0.032325
2109,0.032489
2110,0.032501
2111,0.032427
2112,0.032452
2113,0.032758
2114,0.032310
2115,0.032509
2116,0.032698
2117,0.032593
2118,0.032503
2119,0.032398
2120,0.032312
2121,0.032366
2122,0.032448
2123,0.032486
2124,0.032452
2125,0.032554
2126,0.032538
2127,0.032543
2128,0.032369
2129,0.032468
2130,0.032230
2131,0.032639
2132,0.032163
2133,0.032541
2134,0.032201
2135,0.032113
2136,0.032465
2137,0.032485
2138,0.032269
2139,0.032419
2140,0.032560
2141,0.032574
2142,0.032530
2143,0.032424
2144,0.032548
2145,0.032419
2146,0.032304
2147,0.032284
2148,0.032350
2149,0.032548
2150,0.032501
2151,0.032379
2152,0.032528
2153,0.032494
2154,0.032735
2155,0.032399
2156,0.032308
2157,0.032409
2158,0.032572
2159,0.032672
2160,0.032376
2161,0.032720
2162,0.032540
2163,0.032560
2164,0.032217
2165,0.031850
2166,0.031782
2167,0.031869
2168,0.031927
2169,0.032007
2170,0.095164
2171,0.031861
2172,0.031976
2173,0.031902
2174,0.031514
2175,0.031884
2176,0.031805
2177,0.032020
2178,0.031797
2179,0.031819
2180,0.031786
2181,0.031739
2182,0.031669
2183,0.031860
2184,0.031737
2185,0.063341
2186,0.031549
2187,0.031673
2188,0.031805
2189,0.031673
2190,0.031800
2191,0.031924
2192,0.031612
2193,0.031621
2194,0.031656
2195,0.031871
2196,0.032010
2197,0.031827
2198,0.032026
2199,0.031725
2200,0.032028
2201,0.031954
2202,0.031911
2203,0.031842
2204,0.031719
2205,0.031967
2206,0.031840
2207,0.031772
2208,0.031905
2209,0.032212
2210,0.031892
2211,0.032038
2212,0.031738
2213,0.031960
2214,0.031831
2215,0.032080
2216,0.031954
2217,0.031837
2218,0.031902
2219,0.032119
2220,0.031788
2221,0.032126
2222,0.031963
2223,0.032044
2224,0.031700
2225,0.031698
2226,0.032150
2227,0.032576
2228,0.032301
2229,0.032514
2230,0.032587
2231,0.032352
2232,0.032440
2233,0.032464
2234,0.032461
2235,0.032291
2236,0.031923
2237,0.032012
2238,0.031882
2239,0.031632
2240,0.032014
2241,0.031547
2242,0.031989
2243,0.031789
2244,0.031578
2245,0.031817
2246,0.031582
2247,0.031868
2248,0.031907
2249,0.031984
# total_episodes=2249, avg_seconds=0.047384
