# episode_index, seconds
1,0.008823
2,0.010747
3,0.001292
4,0.001397
5,0.005988
6,0.011876
7,0.008812
8,0.003129
9,0.005998
10,0.007994
11,0.008990
12,0.010170
13,0.007620
14,0.006822
15,0.010156
16,0.009466
17,0.004700
18,0.006841
19,0.001258
20,0.011201
21,0.011724
22,0.140334
23,0.220709
24,0.142127
25,0.143871
26,0.210486
27,0.127530
28,0.131785
29,0.043813
30,0.087950
31,0.087422
32,0.088242
33,0.095145
34,0.143713
35,0.144398
36,0.190127
37,0.094422
38,0.096671
39,0.146727
40,0.046687
41,0.094976
42,0.047955
43,0.048631
44,0.140118
45,0.096953
46,0.047375
47,0.048972
48,0.145046
49,0.095627
50,0.096370
51,0.185873
52,0.048021
53,0.095717
54,0.095978
55,0.056891
56,0.131549
57,0.175643
58,0.131107
59,0.179942
60,0.133499
61,0.043753
62,0.044466
63,0.131283
64,0.133030
65,0.131701
66,0.043550
67,0.130598
68,0.083901
69,0.087630
70,0.043908
71,0.132571
72,0.043587
73,0.044325
74,0.088153
75,0.237450
76,0.043087
77,0.043713
78,0.129543
79,0.043434
80,0.085801
81,0.042497
82,0.079875
83,0.043193
84,0.085753
85,0.043380
86,0.131048
87,0.086986
88,0.133898
89,0.088665
90,0.043870
91,0.086948
92,0.042979
93,0.043768
94,0.043672
95,0.042669
96,0.043053
97,0.042978
98,0.045174
99,0.043374
100,0.043759
101,0.043743
102,0.043155
103,0.042936
104,0.042771
105,0.043761
106,0.043479
107,0.042683
108,0.042753
109,0.080487
110,0.042018
111,0.042616
112,0.043139
113,0.085511
114,0.043354
115,0.043133
116,0.043203
117,0.043734
118,0.046748
119,0.047617
120,0.048190
121,0.094376
122,0.048570
123,0.048468
124,0.049219
125,0.064622
126,0.047878
127,0.048679
128,0.095963
129,0.048088
130,0.047242
131,0.096448
132,0.096958
133,0.096045
134,0.139932
135,0.093285
136,0.093602
137,0.132835
138,0.133789
139,0.043934
140,0.088825
141,0.088743
142,0.088509
143,0.044635
144,0.044705
145,0.088737
146,0.044295
147,0.044325
148,0.044911
149,0.044744
150,0.044141
151,0.044392
152,0.044719
153,0.044295
154,0.088562
155,0.044630
156,0.089177
157,0.044682
158,0.043817
159,0.089354
160,0.044733
161,0.044039
162,0.043913
163,0.044074
164,0.044486
165,0.042423
166,0.043231
167,0.043704
168,0.043673
169,0.043206
170,0.043611
171,0.043807
172,0.043601
173,0.044421
174,0.043447
175,0.043130
176,0.044635
177,0.043582
178,0.043714
179,0.044087
180,0.043913
181,0.044030
182,0.042729
183,0.043336
184,0.043524
185,0.043737
186,0.043663
187,0.042924
188,0.042181
189,0.045567
190,0.043151
191,0.043220
192,0.043240
193,0.042536
194,0.042707
195,0.043491
196,0.042772
197,0.042222
198,0.038667
199,0.042055
200,0.043763
201,0.043723
202,0.043328
203,0.043172
204,0.086955
205,0.043437
206,0.043596
207,0.043976
208,0.044065
209,0.043621
210,0.047957
211,0.048336
212,0.048588
213,0.047945
214,0.048427
215,0.048874
216,0.048929
217,0.048349
218,0.047019
219,0.047285
220,0.049176
221,0.047788
222,0.047851
223,0.047515
224,0.048107
225,0.049573
226,0.047745
227,0.049294
228,0.049614
229,0.046274
230,0.047912
231,0.049259
232,0.096905
233,0.048365
234,0.047970
235,0.048668
236,0.047114
237,0.046873
238,0.048360
239,0.047778
240,0.048447
241,0.048349
242,0.046206
243,0.049385
244,0.049183
245,0.096582
246,0.048923
247,0.048545
248,0.047084
249,0.044747
250,0.049234
251,0.047133
252,0.049494
253,0.049645
254,0.049762
255,0.097729
256,0.048357
257,0.049192
258,0.047301
259,0.047953
260,0.048078
261,0.096377
262,0.049229
263,0.049352
264,0.097233
265,0.048753
266,0.044881
267,0.044619
268,0.044998
269,0.048848
270,0.048634
271,0.143713
272,0.145243
273,0.097780
274,0.189329
275,0.232368
276,0.131265
277,0.133106
278,0.132156
279,0.132377
280,0.088302
281,0.087325
282,0.087285
283,0.086225
284,0.087082
285,0.043397
286,0.088022
287,0.043735
288,0.043975
289,0.087075
290,0.043860
291,0.044261
292,0.043339
293,0.057481
294,0.043371
295,0.043270
296,0.043432
297,0.043249
298,0.044832
299,0.047900
300,0.048199
301,0.048050
302,0.048654
303,0.094255
304,0.048063
305,0.092331
306,0.045232
307,0.047509
308,0.048866
309,0.049215
310,0.048160
311,0.048424
312,0.049313
313,0.046840
314,0.048208
315,0.048017
316,0.049059
317,0.049295
318,0.047342
319,0.048447
320,0.048055
321,0.048495
322,0.047013
323,0.047586
324,0.048422
325,0.048394
326,0.047536
327,0.048396
328,0.049659
329,0.047724
330,0.047909
331,0.049310
332,0.048111
333,0.048383
334,0.048270
335,0.048525
336,0.048535
337,0.048154
338,0.048689
339,0.049775
340,0.047250
341,0.048645
342,0.048893
343,0.047403
344,0.047326
345,0.048844
346,0.049325
347,0.049161
348,0.047665
349,0.049817
350,0.049487
351,0.049814
352,0.047770
353,0.049029
354,0.048975
355,0.048755
356,0.047922
357,0.048023
358,0.048535
359,0.047978
360,0.047596
361,0.048659
362,0.049764
363,0.048293
364,0.048238
365,0.046451
366,0.047680
367,0.047970
368,0.048275
369,0.048276
370,0.048334
371,0.049898
372,0.047655
373,0.048306
374,0.048787
375,0.048340
376,0.048607
377,0.048190
378,0.048649
379,0.098001
380,0.048565
381,0.048754
382,0.097036
383,0.047697
384,0.047637
385,0.048104
386,0.047100
387,0.088137
388,0.047828
389,0.048944
390,0.048080
391,0.047684
392,0.048444
393,0.057116
394,0.043094
395,0.080404
396,0.043379
397,0.085959
398,0.043448
399,0.042959
400,0.044415
401,0.047622
402,0.048114
403,0.044301
404,0.044207
405,0.044831
406,0.044254
407,0.045033
408,0.046342
409,0.044457
410,0.044392
411,0.095284
412,0.047906
413,0.048600
414,0.048103
415,0.048903
416,0.050008
417,0.091770
418,0.044341
419,0.049563
420,0.048065
421,0.048100
422,0.048408
423,0.047144
424,0.048089
425,0.048075
426,0.048169
427,0.047821
428,0.048840
429,0.048086
430,0.098714
431,0.047792
432,0.049046
433,0.096223
434,0.048566
435,0.047773
436,0.049537
437,0.049040
438,0.048979
439,0.096233
440,0.047755
441,0.048787
442,0.048675
443,0.049188
444,0.048474
445,0.047566
446,0.048616
447,0.049179
448,0.049405
449,0.049641
450,0.046887
451,0.049185
452,0.048255
453,0.048621
454,0.049236
455,0.047217
456,0.048805
457,0.048913
458,0.048430
459,0.049157
460,0.047272
461,0.048740
462,0.048486
463,0.048157
464,0.049337
465,0.048956
466,0.047813
467,0.047854
468,0.049112
469,0.048526
470,0.049196
471,0.047399
472,0.048886
473,0.047511
474,0.048916
475,0.092206
476,0.048098
477,0.049642
478,0.047157
479,0.046677
480,0.048495
481,0.048875
482,0.047881
483,0.046633
484,0.048623
485,0.048786
486,0.094300
487,0.047923
488,0.049966
489,0.049076
490,0.050608
491,0.047812
492,0.047581
493,0.046161
494,0.048166
495,0.095901
496,0.048170
497,0.048957
498,0.048488
499,0.047055
500,0.096038
501,0.049702
502,0.049284
503,0.047441
504,0.048996
505,0.045824
506,0.044712
507,0.044517
508,0.047450
509,0.048070
510,0.048079
511,0.045222
512,0.048552
513,0.049001
514,0.048204
515,0.048811
516,0.048220
517,0.049007
518,0.047865
519,0.044243
520,0.044291
521,0.044735
522,0.044540
523,0.044642
524,0.044706
525,0.044196
526,0.043637
527,0.044483
528,0.044616
529,0.044310
530,0.043803
531,0.044608
532,0.044381
533,0.044473
534,0.044112
535,0.043682
536,0.044964
537,0.044434
538,0.043912
539,0.043485
540,0.043256
541,0.044092
542,0.043866
543,0.043932
544,0.043875
545,0.043668
546,0.044183
547,0.043078
548,0.043636
549,0.043976
550,0.043758
551,0.043854
552,0.043305
553,0.043626
554,0.043987
555,0.043630
556,0.043557
557,0.043084
558,0.043801
559,0.044260
560,0.043577
561,0.045719
562,0.043009
563,0.043955
564,0.044510
565,0.043882
566,0.044032
567,0.043861
568,0.044040
569,0.044338
570,0.044129
571,0.043994
572,0.043948
573,0.044039
574,0.043545
575,0.129982
576,0.042432
577,0.042943
578,0.040375
579,0.041426
580,0.042275
581,0.043341
582,0.043108
583,0.042906
584,0.043832
585,0.044635
586,0.043486
587,0.175647
588,0.044994
589,0.043728
590,0.043348
591,0.180313
592,0.075319
593,0.044279
594,0.044261
595,0.043982
596,0.043947
597,0.044047
598,0.044631
599,0.048320
600,0.049363
601,0.046633
602,0.145851
603,0.096081
604,0.095745
605,0.193533
606,0.147455
607,0.145984
608,0.145516
609,0.145394
610,0.146140
611,0.146122
612,0.146554
613,0.147021
614,0.195101
615,0.240565
616,0.244521
617,0.096755
618,0.098066
619,0.193848
620,0.097552
621,0.145504
622,0.195843
623,0.195170
624,0.193575
625,0.049146
626,0.049139
627,0.048793
628,0.096664
629,0.091025
630,0.097941
631,0.097636
632,0.096816
633,0.048588
634,0.048674
635,0.097470
636,0.096377
637,0.113431
638,0.049885
639,0.048712
640,0.048674
641,0.096590
642,0.097462
643,0.049086
644,0.096918
645,0.097704
646,0.049505
647,0.097459
648,0.096482
649,0.097551
650,0.096770
651,0.145053
652,0.097780
653,0.094162
654,0.096999
655,0.144432
656,0.146391
657,0.095816
658,0.144137
659,0.145659
660,0.145950
661,0.146601
662,0.146824
663,0.194591
664,0.145039
665,0.145734
666,0.048006
667,0.049055
668,0.049063
669,0.146188
670,0.145621
671,0.048104
672,0.144373
673,0.048619
674,0.049995
675,0.048633
676,0.049371
677,0.049240
678,0.049302
679,0.049631
680,0.196749
681,0.048693
682,0.048796
683,0.045550
684,0.048585
685,0.049561
686,0.049725
687,0.049485
688,0.049297
689,0.049752
690,0.147742
691,0.049831
692,0.048849
693,0.194383
694,0.135975
695,0.133065
696,0.133976
697,0.179296
698,0.180924
699,0.145457
700,0.146440
701,0.146471
702,0.144402
703,0.097362
704,0.049029
705,0.092191
706,0.043878
707,0.042763
708,0.043949
709,0.042965
710,0.044159
711,0.044404
712,0.044310
713,0.044351
714,0.045784
715,0.045020
716,0.044724
717,0.045507
718,0.048652
719,0.049124
720,0.046255
721,0.048620
722,0.030214
723,0.041474
724,0.160010
725,0.086275
726,0.043129
727,0.087473
728,0.044052
729,0.043901
730,0.043680
731,0.129431
732,0.043801
733,0.140901
734,0.130000
735,0.128434
736,0.110149
737,0.179571
738,0.092366
739,0.044583
740,0.044329
741,0.044201
742,0.044869
743,0.044212
744,0.044714
745,0.087709
746,0.043345
747,0.043721
748,0.043036
749,0.043413
750,0.043657
751,0.043089
752,0.043973
753,0.043769
754,0.045471
755,0.047652
756,0.042905
757,0.043346
758,0.043865
759,0.043256
760,0.044214
761,0.057457
762,0.042685
763,0.043797
764,0.042918
765,0.043705
766,0.043594
767,0.042994
768,0.043380
769,0.043976
770,0.042861
771,0.043411
772,0.043562
773,0.043939
774,0.043998
775,0.044406
776,0.044971
777,0.048447
778,0.048180
779,0.048011
780,0.047386
781,0.049555
782,0.048417
783,0.049164
784,0.048956
785,0.045835
786,0.048282
787,0.048983
788,0.048338
789,0.048611
790,0.049205
791,0.049083
792,0.049630
793,0.048702
794,0.048310
795,0.047990
796,0.049141
797,0.050944
798,0.045493
799,0.045527
800,0.090024
801,0.045351
802,0.091633
803,0.044979
804,0.048751
805,0.050709
806,0.050082
807,0.050517
808,0.051085
809,0.099960
810,0.051509
811,0.051806
812,0.051455
813,0.052262
814,0.101323
815,0.051344
816,0.102495
817,0.051475
818,0.184830
819,0.091290
820,0.045895
821,0.134932
822,0.134316
823,0.181588
824,0.181776
825,0.178318
826,0.177708
827,0.174343
828,0.179158
829,0.181355
830,0.197542
831,0.151220
832,0.152203
833,0.151977
834,0.200790
835,0.199809
836,0.148892
837,0.198710
838,0.151113
839,0.151300
840,0.088841
841,0.086577
842,0.134318
843,0.089961
844,0.091172
845,0.095701
846,0.143556
847,0.138174
848,0.092496
849,0.046378
850,0.091491
851,0.092035
852,0.046560
853,0.044312
854,0.044937
855,0.044556
856,0.045163
857,0.045488
858,0.045582
859,0.044515
860,0.045924
861,0.045774
862,0.045236
863,0.046574
864,0.044659
865,0.045770
866,0.045056
867,0.045627
868,0.045346
869,0.045364
870,0.045689
871,0.044995
872,0.045775
873,0.045352
874,0.045430
875,0.045052
876,0.045481
877,0.045485
878,0.045044
879,0.090009
880,0.044658
881,0.045828
882,0.045616
883,0.045668
884,0.045481
885,0.045123
886,0.044690
887,0.044868
888,0.045010
889,0.044892
890,0.044474
891,0.044916
892,0.043795
893,0.086828
894,0.042366
895,0.043823
896,0.088598
897,0.045202
898,0.045327
899,0.044620
900,0.046401
901,0.076696
902,0.043631
903,0.045674
904,0.045249
905,0.045337
906,0.044880
907,0.090847
908,0.090169
909,0.045495
910,0.045623
911,0.045284
912,0.051559
913,0.051793
914,0.051269
915,0.052484
916,0.153593
917,0.192540
918,0.182519
919,0.135210
920,0.134908
921,0.135730
922,0.134191
923,0.133890
924,0.129104
925,0.133992
926,0.134810
927,0.135517
928,0.090138
929,0.095675
930,0.051700
931,0.047706
932,0.049854
933,0.051793
934,0.051347
935,0.051561
936,0.049888
937,0.050093
938,0.050529
939,0.052197
940,0.050483
941,0.051182
942,0.051751
943,0.052854
944,0.052079
945,0.051003
946,0.051452
947,0.051394
948,0.051210
949,0.050287
950,0.051750
951,0.052130
952,0.051251
953,0.052197
954,0.052801
955,0.051704
956,0.051454
957,0.050875
958,0.051165
959,0.051056
960,0.051934
961,0.052172
962,0.051873
963,0.052125
964,0.052100
965,0.051859
966,0.051377
967,0.052356
968,0.051612
969,0.050173
970,0.050089
971,0.048182
972,0.045240
973,0.045474
974,0.045215
975,0.045192
976,0.043773
977,0.043309
978,0.043878
979,0.044677
980,0.047362
981,0.044747
982,0.044366
983,0.044416
984,0.043946
985,0.044585
986,0.044487
987,0.047282
988,0.046688
989,0.048155
990,0.049018
991,0.047253
992,0.096336
993,0.048300
994,0.048233
995,0.049069
996,0.047257
997,0.047477
998,0.048887
999,0.048448
1000,0.047369
1001,0.048133
1002,0.047797
1003,0.047697
1004,0.048460
1005,0.048349
1006,0.048408
1007,0.049248
1008,0.049135
1009,0.048218
1010,0.048116
1011,0.095799
1012,0.048438
1013,0.048209
1014,0.048840
1015,0.048853
1016,0.048486
1017,0.049547
1018,0.049158
1019,0.097896
1020,0.048981
1021,0.047093
1022,0.092015
1023,0.093253
1024,0.049126
1025,0.048460
1026,0.049674
1027,0.048545
1028,0.048662
1029,0.048790
1030,0.048309
1031,0.048580
1032,0.048659
1033,0.049150
1034,0.049006
1035,0.049429
1036,0.049465
1037,0.049601
1038,0.049297
1039,0.048241
1040,0.049628
1041,0.048261
1042,0.049338
1043,0.049466
1044,0.048254
1045,0.048837
1046,0.048454
1047,0.048917
1048,0.049381
1049,0.048560
1050,0.048791
1051,0.049435
1052,0.048796
1053,0.096982
1054,0.048381
1055,0.048884
1056,0.048333
1057,0.047577
1058,0.048754
1059,0.048857
1060,0.048254
1061,0.049396
1062,0.048910
1063,0.049572
1064,0.048423
1065,0.048676
1066,0.048855
1067,0.048532
1068,0.048263
1069,0.048271
1070,0.048514
1071,0.045853
1072,0.044012
1073,0.044055
1074,0.044391
1075,0.044026
1076,0.043168
1077,0.043120
1078,0.043930
1079,0.044281
1080,0.044890
1081,0.044057
1082,0.043042
1083,0.043546
1084,0.043904
1085,0.087329
1086,0.043744
1087,0.044697
1088,0.043884
1089,0.044392
1090,0.043720
1091,0.090579
1092,0.044609
1093,0.044849
1094,0.044480
1095,0.045387
1096,0.048719
1097,0.048784
1098,0.049284
1099,0.048456
1100,0.047622
1101,0.048776
1102,0.048234
1103,0.048282
1104,0.048545
1105,0.047950
1106,0.048060
1107,0.049000
1108,0.049112
1109,0.049671
1110,0.048784
1111,0.048734
1112,0.049145
1113,0.045038
1114,0.048600
1115,0.049122
1116,0.048292
1117,0.049421
1118,0.048770
1119,0.048932
1120,0.048853
1121,0.045556
1122,0.047554
1123,0.048741
1124,0.048239
1125,0.049300
1126,0.047899
1127,0.049120
1128,0.049203
1129,0.049216
1130,0.048258
1131,0.049898
1132,0.048599
1133,0.049328
1134,0.047447
1135,0.049470
1136,0.047998
1137,0.048586
1138,0.046857
1139,0.049329
1140,0.048810
1141,0.048780
1142,0.098278
1143,0.049468
1144,0.097538
1145,0.093778
1146,0.048380
1147,0.048677
1148,0.097516
1149,0.145618
1150,0.146076
1151,0.097595
1152,0.095070
1153,0.096749
1154,0.049612
1155,0.049006
1156,0.097573
1157,0.049258
1158,0.049274
1159,0.047444
1160,0.049182
1161,0.049117
1162,0.049098
1163,0.048963
1164,0.049287
1165,0.049470
1166,0.065136
1167,0.048789
1168,0.049276
1169,0.049205
1170,0.048395
1171,0.048588
1172,0.049001
1173,0.049036
1174,0.048555
1175,0.047877
1176,0.048678
1177,0.048729
1178,0.049058
1179,0.049126
1180,0.047959
1181,0.049377
1182,0.049335
1183,0.049801
1184,0.047727
1185,0.049299
1186,0.049379
1187,0.049262
1188,0.048720
1189,0.049051
1190,0.049854
1191,0.047320
1192,0.048986
1193,0.048962
1194,0.049303
1195,0.049338
1196,0.048929
1197,0.049210
1198,0.049341
1199,0.048075
1200,0.049482
1201,0.049132
1202,0.048728
1203,0.049284
1204,0.049237
1205,0.049709
1206,0.048910
1207,0.049467
1208,0.047540
1209,0.049041
1210,0.048938
1211,0.048389
1212,0.048235
1213,0.049420
1214,0.049230
1215,0.048828
1216,0.048281
1217,0.049459
1218,0.049329
1219,0.049512
1220,0.048763
1221,0.048297
1222,0.048987
1223,0.048781
1224,0.049178
1225,0.049093
1226,0.048809
1227,0.049665
1228,0.049133
1229,0.049157
1230,0.048775
1231,0.049628
1232,0.048994
1233,0.049572
1234,0.049423
1235,0.049027
1236,0.049153
1237,0.048848
1238,0.049818
1239,0.049544
1240,0.049195
1241,0.046828
1242,0.049575
1243,0.048341
1244,0.049024
1245,0.049279
1246,0.049334
1247,0.049443
1248,0.048458
1249,0.048877
1250,0.049429
1251,0.048310
1252,0.047109
1253,0.047548
1254,0.048379
1255,0.048435
1256,0.048709
1257,0.048006
1258,0.048902
1259,0.049555
1260,0.048758
1261,0.048327
1262,0.048899
1263,0.049003
1264,0.049375
1265,0.049038
1266,0.048613
1267,0.049334
1268,0.065502
1269,0.048327
1270,0.048092
1271,0.046286
1272,0.047885
1273,0.045942
1274,0.045150
1275,0.044974
1276,0.045749
1277,0.045481
1278,0.045467
1279,0.044985
1280,0.045554
1281,0.045163
1282,0.044825
1283,0.045230
1284,0.045592
1285,0.045358
1286,0.046305
1287,0.045186
1288,0.045078
1289,0.046341
1290,0.045070
1291,0.045605
1292,0.045630
1293,0.045709
1294,0.045545
1295,0.045624
1296,0.041482
1297,0.031691
1298,0.031947
1299,0.032169
1300,0.031890
1301,0.031679
1302,0.031598
1303,0.031935
1304,0.031749
1305,0.031915
1306,0.031787
1307,0.031977
1308,0.031713
1309,0.031933
1310,0.031902
1311,0.031616
1312,0.032026
1313,0.032027
1314,0.031956
1315,0.031700
1316,0.032043
1317,0.031934
1318,0.032189
1319,0.031892
1320,0.031667
1321,0.032059
1322,0.031866
1323,0.031559
1324,0.031810
1325,0.031646
1326,0.031673
1327,0.031888
1328,0.032002
1329,0.031986
1330,0.032104
1331,0.031919
1332,0.032099
1333,0.031783
1334,0.032015
1335,0.031685
1336,0.031769
1337,0.032020
1338,0.031686
1339,0.063864
1340,0.032127
1341,0.031945
1342,0.031642
1343,0.063646
1344,0.031932
1345,0.031946
1346,0.031418
1347,0.031713
1348,0.031908
1349,0.032119
1350,0.031927
1351,0.031620
1352,0.031890
1353,0.031935
1354,0.031863
1355,0.031842
1356,0.031709
1357,0.031615
1358,0.032048
1359,0.031809
1360,0.031616
1361,0.032120
1362,0.031762
1363,0.031728
1364,0.031952
1365,0.031693
1366,0.031721
1367,0.031994
1368,0.031706
1369,0.031648
1370,0.031696
1371,0.032112
1372,0.032098
1373,0.031749
1374,0.031686
1375,0.031905
1376,0.031977
1377,0.031784
1378,0.032052
1379,0.031848
1380,0.031910
1381,0.032048
1382,0.031899
1383,0.031744
1384,0.031801
1385,0.031794
1386,0.031809
1387,0.031721
1388,0.031525
1389,0.031907
1390,0.031706
1391,0.031735
1392,0.031751
1393,0.031715
1394,0.031639
1395,0.031477
1396,0.031872
1397,0.031793
1398,0.031743
1399,0.031855
1400,0.031898
1401,0.031565
1402,0.031690
1403,0.063150
1404,0.032019
1405,0.031806
1406,0.063168
1407,0.063327
1408,0.063410
1409,0.094847
1410,0.094993
1411,0.094926
1412,0.126370
1413,0.063747
1414,0.063687
1415,0.031984
1416,0.031738
1417,0.031812
1418,0.031661
1419,0.031692
1420,0.031764
1421,0.031681
1422,0.031880
1423,0.031813
1424,0.031844
1425,0.031740
1426,0.031484
1427,0.031851
1428,0.031815
1429,0.031629
1430,0.031736
1431,0.031809
1432,0.031907
1433,0.031749
1434,0.031647
1435,0.031944
1436,0.031806
1437,0.031517
1438,0.031523
1439,0.031515
1440,0.031899
1441,0.031829
1442,0.031618
1443,0.031709
1444,0.031566
1445,0.031938
1446,0.031717
1447,0.032033
1448,0.032058
1449,0.031927
1450,0.031755
1451,0.031623
1452,0.031776
1453,0.031897
1454,0.031928
1455,0.031681
1456,0.031684
1457,0.031881
1458,0.031791
1459,0.031886
1460,0.031795
1461,0.031969
1462,0.031884
1463,0.031563
1464,0.031677
1465,0.031663
1466,0.031608
1467,0.031527
1468,0.031513
1469,0.031715
1470,0.031922
1471,0.031977
1472,0.031904
1473,0.031750
1474,0.031514
1475,0.031866
1476,0.031838
1477,0.031767
1478,0.031884
1479,0.031694
1480,0.031616
1481,0.031656
1482,0.031719
1483,0.031481
1484,0.031883
1485,0.031772
1486,0.031876
1487,0.031825
1488,0.031761
1489,0.031877
1490,0.031521
1491,0.031837
1492,0.031452
1493,0.031922
1494,0.031767
1495,0.031888
1496,0.031841
1497,0.031955
1498,0.031732
1499,0.031688
1500,0.031835
1501,0.031642
1502,0.031684
1503,0.031581
1504,0.031781
1505,0.031593
1506,0.031747
1507,0.031612
1508,0.031448
1509,0.031929
1510,0.031758
1511,0.031839
1512,0.032341
1513,0.031703
1514,0.031668
1515,0.031526
1516,0.031662
1517,0.031572
1518,0.031982
1519,0.031775
1520,0.031809
1521,0.031687
1522,0.031624
1523,0.031594
1524,0.031637
1525,0.031889
1526,0.032072
1527,0.031961
1528,0.031956
1529,0.031863
1530,0.031856
1531,0.031927
1532,0.031602
1533,0.031832
1534,0.031788
1535,0.031746
1536,0.032211
1537,0.031818
1538,0.031734
1539,0.031968
1540,0.031694
1541,0.031996
1542,0.032050
1543,0.031970
1544,0.031686
1545,0.032147
1546,0.031743
1547,0.031886
1548,0.032013
1549,0.032173
1550,0.031863
1551,0.031625
1552,0.031875
1553,0.030061
1554,0.029550
1555,0.029487
1556,0.028990
1557,0.029350
1558,0.029029
1559,0.028874
1560,0.029058
1561,0.029090
1562,0.029328
1563,0.029429
1564,0.028965
1565,0.029483
1566,0.029225
1567,0.029382
1568,0.029156
1569,0.029462
1570,0.029239
1571,0.029552
1572,0.029527
1573,0.029182
1574,0.029239
1575,0.029161
1576,0.029287
1577,0.029976
1578,0.029702
1579,0.029804
1580,0.030030
1581,0.030154
1582,0.029618
1583,0.029749
1584,0.029581
1585,0.030023
1586,0.029972
1587,0.030058
1588,0.029911
1589,0.029927
1590,0.030488
1591,0.029672
1592,0.029773
1593,0.029919
1594,0.030550
1595,0.029793
1596,0.029778
1597,0.030215
1598,0.029772
1599,0.029858
1600,0.030327
1601,0.029785
1602,0.029589
1603,0.029508
1604,0.029585
1605,0.029084
1606,0.029024
1607,0.029034
1608,0.029192
1609,0.029428
1610,0.029141
1611,0.029330
1612,0.029392
1613,0.029309
1614,0.029123
1615,0.029256
1616,0.029147
1617,0.029389
1618,0.029413
1619,0.029335
1620,0.028844
1621,0.028834
1622,0.029198
1623,0.029511
1624,0.029132
1625,0.029549
1626,0.029109
1627,0.029204
1628,0.029554
1629,0.029429
1630,0.029092
1631,0.029291
1632,0.029573
1633,0.029447
1634,0.029457
1635,0.029340
1636,0.029620
1637,0.029054
1638,0.029320
1639,0.029776
1640,0.029368
1641,0.029131
1642,0.029030
1643,0.029205
1644,0.029381
1645,0.029179
1646,0.029254
1647,0.029208
1648,0.028833
1649,0.029086
1650,0.029187
1651,0.029192
1652,0.029405
1653,0.029440
1654,0.029245
1655,0.028802
1656,0.029617
1657,0.029110
1658,0.029445
1659,0.029074
1660,0.029304
1661,0.029405
1662,0.029325
1663,0.028909
1664,0.028760
1665,0.029021
1666,0.029000
1667,0.028984
1668,0.029290
1669,0.029153
1670,0.029160
1671,0.029165
1672,0.029114
1673,0.029297
1674,0.028915
1675,0.028858
1676,0.029080
1677,0.029413
1678,0.029640
1679,0.029174
1680,0.029607
1681,0.029211
1682,0.029510
1683,0.029293
1684,0.029269
1685,0.029495
1686,0.029491
1687,0.029110
1688,0.029625
1689,0.029157
1690,0.029314
1691,0.029713
1692,0.029659
1693,0.029284
1694,0.029593
1695,0.029015
1696,0.029435
1697,0.029364
1698,0.029347
1699,0.029213
1700,0.029506
1701,0.058575
1702,0.029160
1703,0.058062
1704,0.029034
1705,0.029245
1706,0.029075
1707,0.029321
1708,0.029010
1709,0.028827
1710,0.028958
1711,0.058285
1712,0.029279
1713,0.029137
1714,0.029033
1715,0.029250
1716,0.058325
1717,0.029661
1718,0.029766
1719,0.028951
1720,0.057839
1721,0.029392
1722,0.029374
1723,0.029301
1724,0.028756
1725,0.029157
1726,0.029495
1727,0.057898
1728,0.029018
1729,0.057780
1730,0.029151
1731,0.029252
1732,0.029372
1733,0.057370
1734,0.029152
1735,0.028773
1736,0.029025
1737,0.058439
1738,0.028830
1739,0.058334
1740,0.028712
1741,0.029128
1742,0.058274
1743,0.028963
1744,0.029278
1745,0.057599
1746,0.028978
1747,0.028859
1748,0.028984
1749,0.058356
1750,0.057349
1751,0.029678
1752,0.058899
1753,0.029117
1754,0.058031
1755,0.057768
1756,0.058421
1757,0.058064
1758,0.029523
1759,0.058027
1760,0.058184
1761,0.029519
1762,0.057789
1763,0.059516
1764,0.028843
1765,0.058171
1766,0.029211
1767,0.058071
1768,0.057598
1769,0.057785
1770,0.058126
1771,0.058663
1772,0.029527
1773,0.057919
1774,0.057814
1775,0.029058
1776,0.029439
1777,0.029292
1778,0.058016
1779,0.029000
1780,0.029204
1781,0.029252
1782,0.029104
1783,0.029039
1784,0.028864
1785,0.029363
1786,0.029202
1787,0.029127
1788,0.057986
1789,0.029133
1790,0.028944
1791,0.029032
1792,0.029468
1793,0.029464
1794,0.029139
1795,0.029008
1796,0.029208
1797,0.029203
1798,0.029196
1799,0.029278
1800,0.029705
1801,0.060005
1802,0.029831
1803,0.059351
1804,0.058818
1805,0.029910
1806,0.029992
1807,0.059150
1808,0.059533
1809,0.059306
1810,0.059414
1811,0.029445
1812,0.029978
1813,0.059357
1814,0.029615
1815,0.030037
1816,0.029617
1817,0.059282
1818,0.029830
1819,0.030022
1820,0.029422
1821,0.059386
1822,0.059054
1823,0.059510
1824,0.059437
1825,0.059099
1826,0.059404
1827,0.059281
1828,0.059561
1829,0.059301
1830,0.092063
1831,0.098857
1832,0.077958
1833,0.096283
1834,0.145181
1835,0.113368
1836,0.140978
1837,0.145510
1838,0.144126
1839,0.169020
1840,0.142238
1841,0.097981
1842,0.094544
1843,0.097308
1844,0.047014
1845,0.098542
1846,0.046764
1847,0.047458
1848,0.049318
1849,0.048051
1850,0.048211
1851,0.050753
1852,0.056425
1853,0.048839
1854,0.051022
1855,0.047883
1856,0.047934
1857,0.048578
1858,0.048754
1859,0.048250
1860,0.048284
1861,0.050538
1862,0.047025
1863,0.047134
1864,0.048158
1865,0.047725
1866,0.050096
1867,0.049292
1868,0.047422
1869,0.050165
1870,0.048359
1871,0.047584
1872,0.048995
1873,0.049728
1874,0.046784
1875,0.047113
1876,0.048244
1877,0.048624
1878,0.048276
1879,0.049570
1880,0.049780
1881,0.046152
1882,0.048849
1883,0.047701
1884,0.047767
1885,0.048932
1886,0.049004
1887,0.047238
1888,0.046955
1889,0.048910
# total_episodes=1889, avg_seconds=0.054465
