# episode_index, seconds
1,0.008890
2,0.052909
3,0.030981
4,0.082040
5,0.014944
6,0.046285
7,0.015816
8,0.034887
9,0.016976
10,0.021118
11,0.018948
12,0.121087
13,0.016925
14,0.020911
15,0.012156
16,0.016351
17,0.016570
18,0.023090
19,0.026052
20,0.018865
21,0.019973
22,0.025274
23,0.019767
24,0.026900
25,0.016842
26,0.201605
27,0.023043
28,0.024524
29,0.018410
30,0.016694
31,0.018323
32,0.359686
33,0.049008
34,0.021944
35,0.013826
36,0.020444
37,0.027709
38,0.040927
39,0.033837
40,0.013453
41,0.034842
42,0.014949
43,0.033230
44,0.011802
45,0.045185
46,0.018997
47,0.022818
48,0.030836
49,0.017024
50,0.059151
51,0.057544
52,0.051857
53,0.174606
54,0.057982
55,0.053003
56,0.054998
57,0.052979
58,0.056041
59,0.059071
60,0.056854
61,0.057183
62,0.052900
63,0.052110
64,0.053970
65,0.048774
66,0.067984
67,0.052132
68,0.061838
69,0.058322
70,0.110292
71,0.054776
72,0.052975
73,0.060487
74,0.053269
75,0.060209
76,0.051970
77,0.052868
78,0.057792
79,0.085241
80,0.055950
81,0.123983
82,0.055919
83,0.082021
84,0.053132
85,0.059784
86,0.056024
87,0.055982
88,0.058994
89,0.056012
90,0.055980
91,0.121272
92,0.056960
93,0.135909
94,0.056135
95,0.054888
96,0.060025
97,0.053788
98,0.171221
99,0.061974
100,0.057142
101,0.062260
102,0.063630
103,0.054950
104,0.059034
105,0.063937
106,0.063012
107,0.053066
108,0.054632
109,0.055446
110,0.054894
111,0.056321
112,0.052673
113,0.044042
114,0.049647
115,0.048358
116,0.051235
117,0.054181
118,0.053237
119,0.054474
120,0.054889
121,0.064375
122,0.053660
123,0.060004
124,0.161901
125,0.052761
126,0.061298
127,0.055949
128,0.161671
129,0.050188
130,0.057243
131,0.052950
132,0.109438
133,0.060923
134,0.054694
135,0.166009
136,0.060071
137,0.062851
138,0.054078
139,0.112841
140,0.052980
141,0.056185
142,0.054156
143,0.058688
144,0.049346
145,0.051796
146,0.054257
147,0.052568
148,0.059268
149,0.050817
150,0.053253
151,0.053762
152,0.054967
153,0.051690
154,0.050005
155,0.049965
156,0.049767
157,0.062578
158,0.052785
159,0.061452
160,0.052916
161,0.059882
162,0.052993
163,0.053231
164,0.058788
165,0.056099
166,0.057881
167,0.055016
168,0.051991
169,0.051836
170,0.056984
171,0.066285
172,0.058960
173,0.055182
174,0.054031
175,0.065695
176,0.052250
177,0.060724
178,0.053084
179,0.054999
180,0.053899
181,0.060571
182,0.053129
183,0.056329
184,0.058876
185,0.053235
186,0.054120
187,0.054850
188,0.056770
189,0.054086
190,0.051308
191,0.051221
192,0.054548
193,0.053010
194,0.053135
195,0.050758
196,0.040732
197,0.049202
198,0.056248
199,0.058833
200,0.050989
201,0.053076
202,0.053020
203,0.058920
204,0.057077
205,0.048098
206,0.051966
207,0.050100
208,0.054841
209,0.053203
210,0.057793
211,0.057035
212,0.052752
213,0.060052
214,0.041440
215,0.052993
216,0.060700
217,0.054088
218,0.058039
219,0.054889
220,0.055987
221,0.055263
222,0.055371
223,0.050738
224,0.059923
225,0.059714
226,0.057044
227,0.052958
228,0.059836
229,0.059987
230,0.058993
231,0.057015
232,0.054960
233,0.055333
234,0.058853
235,0.052110
236,0.105272
237,0.099935
238,0.055830
239,0.052769
240,0.108978
241,0.114183
242,0.054925
243,0.107072
244,0.050945
245,0.104276
246,0.108730
247,0.053292
248,0.159542
249,0.058154
250,0.111874
251,0.113118
252,0.112827
253,0.059125
254,0.058038
255,0.115008
256,0.167023
257,0.161011
258,0.054508
259,0.058366
260,0.278192
261,0.050875
262,0.289878
263,0.115460
264,0.054353
265,0.050240
266,0.046171
267,0.051823
268,0.054907
269,0.106492
270,0.051398
271,0.106150
272,0.055185
273,0.047808
274,0.061013
275,0.059996
276,0.057981
277,0.174079
278,0.053109
279,0.054045
280,0.054284
281,0.050294
282,0.055469
283,0.086953
284,0.051477
285,0.050717
286,0.053802
287,0.050114
288,0.053241
289,0.117780
290,0.055869
291,0.061885
292,0.053913
293,0.058996
294,0.059017
295,0.056125
296,0.056943
297,0.061084
298,0.057002
299,0.058706
300,0.103428
301,0.060831
302,0.053228
303,0.053887
304,0.056623
305,0.053011
306,0.062465
307,0.057005
308,0.055112
309,0.055739
310,0.057550
311,0.052245
312,0.056226
313,0.055113
314,0.056710
315,0.059468
316,0.053515
317,0.055937
318,0.049166
319,0.059291
320,0.050778
321,0.055442
322,0.060553
323,0.059169
324,0.059952
325,0.054062
326,0.052848
327,0.057034
328,0.057056
329,0.058973
330,0.052719
331,0.062324
332,0.055929
333,0.056253
334,0.062702
335,0.052979
336,0.055128
337,0.059856
338,0.054152
339,0.056790
340,0.064100
341,0.058977
342,0.055115
343,0.054491
344,0.049409
345,0.051947
346,0.056091
347,0.056232
348,0.058701
349,0.056013
350,0.055299
351,0.111713
352,0.052800
353,0.054325
354,0.062806
355,0.066384
356,0.047747
357,0.051884
358,0.058040
359,0.051931
360,0.059185
361,0.052996
362,0.052891
363,0.053326
364,0.063159
365,0.052371
366,0.056203
367,0.046701
368,0.057305
369,0.059051
370,0.052878
371,0.053848
372,0.053848
373,0.054126
374,0.054294
375,0.060860
376,0.058006
377,0.068140
378,0.062407
379,0.054469
380,0.055919
381,0.061166
382,0.054171
383,0.054572
384,0.059173
385,0.057986
386,0.059199
387,0.055408
388,0.114464
389,0.062004
390,0.053955
391,0.061948
392,0.058021
393,0.053963
394,0.060140
395,0.059838
396,0.056096
397,0.054118
398,0.055969
399,0.057878
400,0.051205
401,0.060013
402,0.053459
403,0.054184
404,0.063981
405,0.057232
406,0.055750
407,0.060134
408,0.056004
409,0.055944
410,0.060599
411,0.057441
412,0.050109
413,0.067927
414,0.052670
415,0.055978
416,0.053291
417,0.056170
418,0.054940
419,0.054934
420,0.055664
421,0.068376
422,0.054256
423,0.056615
424,0.060594
425,0.053455
426,0.050092
427,0.057980
428,0.057956
429,0.052034
430,0.271917
431,0.055068
432,0.113007
433,0.056245
434,0.052743
435,0.055956
436,0.054102
437,0.129540
438,0.052968
439,0.060371
440,0.057015
441,0.061042
442,0.109117
443,0.114891
444,0.106002
445,0.055088
446,0.056136
447,0.059399
448,0.052308
449,0.054880
450,0.058303
451,0.054876
452,0.057114
453,0.049895
454,0.053983
455,0.060858
456,0.054099
457,0.115108
458,0.051493
459,0.056381
460,0.055177
461,0.053053
462,0.053213
463,0.054952
464,0.058042
465,0.057100
466,0.051521
467,0.059315
468,0.053453
469,0.050784
470,0.046503
471,0.051202
472,0.051760
473,0.056726
474,0.052509
475,0.058843
476,0.052943
477,0.053333
478,0.056670
479,0.054965
480,0.054254
481,0.215718
482,0.114175
483,0.054784
484,0.053274
485,0.710699
486,0.059167
487,1.355056
488,0.059940
489,0.107011
490,0.052745
491,0.059318
492,0.052887
493,0.055676
494,0.050267
495,0.064007
496,0.055166
497,0.052897
498,0.053294
499,0.050717
500,0.049637
501,0.063274
502,0.059079
503,0.055966
504,0.053198
505,0.053844
506,0.053250
507,0.050751
508,0.055990
509,0.054924
510,0.057177
511,0.048590
512,0.057569
513,0.053633
514,0.057225
515,0.055807
516,0.056707
517,0.052105
518,0.058291
519,0.052976
520,0.056982
521,0.053010
522,0.055160
523,0.053185
524,0.052675
525,0.053063
526,0.108012
527,0.874933
528,0.820990
529,0.253049
530,0.149874
531,0.063811
532,1.406762
533,0.055691
534,1.359868
535,0.053876
536,0.053024
537,0.061036
538,0.055926
539,0.058755
540,0.050336
541,0.054469
542,0.058626
543,0.058774
544,0.052074
545,0.053183
546,0.053018
547,0.051905
548,0.050090
549,0.051828
550,0.055317
551,0.051968
552,0.056605
553,0.051154
554,0.057306
555,0.050000
556,0.059073
557,0.052838
558,0.053456
559,0.058310
560,0.054591
561,0.048270
562,0.058713
563,0.049758
564,0.051067
565,0.051655
566,0.045942
567,0.050790
568,0.060490
569,0.052481
570,0.055191
571,0.055045
572,0.056930
573,0.057955
574,0.051206
575,0.054934
576,0.040777
577,0.050105
578,0.048893
579,0.056298
580,0.054915
581,0.052973
582,0.051133
583,0.053268
584,0.051632
585,0.054380
586,0.054341
587,0.055211
588,0.060163
589,0.057878
590,0.039815
591,0.057191
592,0.053146
593,0.059580
594,0.049260
595,0.059887
596,0.052206
597,0.059200
598,0.054352
599,0.049141
600,0.049250
601,0.050932
602,0.050035
603,0.052002
604,0.052154
605,0.050448
606,0.050456
607,0.057311
608,0.054677
609,0.054265
610,0.059817
611,0.057981
612,0.055823
613,0.052906
614,0.054540
615,0.058623
616,0.059309
617,0.056594
618,0.058252
619,0.052961
620,0.053217
621,0.056652
622,0.056972
623,0.058145
624,0.053203
625,0.052952
626,0.058744
627,0.057018
628,0.112972
629,0.052414
630,0.055191
631,1.394581
632,1.343891
633,0.060092
634,0.052827
635,0.213024
636,0.108736
637,0.108157
638,0.161392
639,0.051413
640,0.049198
641,0.101577
642,0.105538
643,0.055007
644,0.058000
645,0.052617
646,0.054425
647,0.053926
648,0.057609
649,0.054272
650,0.110424
651,0.109229
652,0.058426
653,0.059016
654,0.057336
655,0.055615
656,0.052098
657,0.051044
658,0.104289
659,0.048633
660,0.059197
661,0.055931
662,0.109221
663,0.069032
664,0.053827
665,0.055407
666,0.055568
667,0.053936
668,0.056035
669,0.058873
670,0.056007
671,0.056040
672,0.057751
673,0.059281
674,0.057157
675,0.055570
676,0.061214
677,0.052289
678,0.064548
679,0.058926
680,0.051048
681,0.052956
682,0.058288
683,0.054913
684,0.053014
685,0.055626
686,0.053347
687,0.056506
688,0.049629
689,0.060671
690,0.049991
691,0.056200
692,0.053119
693,0.056196
694,0.055550
695,0.059268
696,0.055951
697,0.056319
698,0.074619
699,0.058888
700,0.057228
701,0.055998
702,0.061884
703,0.053750
704,0.059430
705,0.055846
706,0.056759
707,0.053405
708,0.055849
709,0.056078
710,0.056195
711,0.053701
712,0.053084
713,0.063929
714,0.055993
715,0.055817
716,0.059278
717,0.061828
718,0.054053
719,0.060124
720,0.057041
721,0.053202
722,0.055097
723,0.056179
724,0.063345
725,0.054154
726,0.055680
727,0.063571
728,0.058564
729,0.057980
730,0.061174
731,0.063947
732,0.054227
733,0.052576
734,1.437589
735,1.449596
736,0.057898
737,0.063050
738,0.059507
739,0.057420
740,0.059901
741,0.062296
742,0.056266
743,0.054929
744,0.055958
745,0.056446
746,0.056166
747,0.059266
748,0.056955
749,0.054890
750,0.057547
751,0.052713
752,0.056083
753,0.056287
754,0.057187
755,0.059001
756,0.059178
757,0.056054
758,0.061800
759,0.055382
760,0.056020
761,0.051893
762,0.055949
763,0.060903
764,0.062954
765,0.059066
766,0.055404
767,0.059569
768,0.059038
769,0.055009
770,0.053796
771,0.059221
772,0.061241
773,0.054488
774,0.061371
775,0.053320
776,0.054485
777,0.063024
778,0.057094
779,0.055940
780,0.059939
781,0.058618
782,0.049458
783,0.053493
784,0.050934
785,0.052573
786,0.058786
787,0.056009
788,0.056347
789,0.060932
790,0.053867
791,0.053059
792,0.056490
793,0.070728
794,0.064841
795,0.056688
796,0.059114
797,0.060969
798,0.057134
799,0.056107
800,0.057962
801,0.061187
802,0.056841
803,0.061871
804,0.059930
805,0.055241
806,0.056884
807,0.057302
808,0.062049
809,0.055823
810,0.055733
811,0.064157
812,0.060661
813,0.075468
814,0.052919
815,0.053859
816,0.055097
817,0.055744
818,0.057979
819,0.059006
820,0.060048
821,0.058926
822,0.060211
823,0.054691
824,0.117274
825,0.055094
826,0.058179
827,0.064794
828,0.061055
829,0.055214
830,0.056688
831,0.058131
832,0.063022
833,0.061861
834,0.054371
835,0.075655
836,0.058872
837,0.053128
838,0.059832
839,0.051849
840,0.054371
841,0.060908
842,0.053025
843,0.054508
844,0.056468
845,0.053528
846,0.058443
847,0.051387
848,0.052931
849,0.055060
850,0.111532
851,1.051197
852,0.885585
853,0.114175
854,0.056100
855,0.352402
856,0.118648
857,0.118032
858,0.054091
859,0.056722
860,0.226213
861,0.059009
862,0.164266
863,0.118796
864,0.057112
865,0.058767
866,0.116983
867,0.053205
868,0.164167
869,0.056061
870,0.176605
871,0.055158
872,0.107878
873,0.116196
874,0.054331
875,0.055572
876,0.114021
877,0.054855
878,0.060558
879,0.113587
880,0.108559
881,0.120081
882,0.120382
883,0.055753
884,0.108579
885,0.117521
886,0.057978
887,0.113043
888,0.115028
889,0.118067
890,0.109655
891,0.068159
892,0.052833
893,0.056193
894,0.057833
895,0.123099
896,0.052227
897,0.055393
898,0.050075
899,0.099231
900,0.113243
901,0.054922
902,0.111094
903,0.051017
904,0.058846
905,0.054968
906,0.051584
907,0.051719
908,0.060987
909,0.108305
910,0.054314
911,0.061949
912,0.058012
913,0.056183
914,0.058971
915,0.057990
916,0.052038
917,0.054975
918,0.061875
919,0.058974
920,0.060075
921,0.054203
922,0.058908
923,0.062014
924,0.054986
925,0.055120
926,0.051004
927,0.059001
928,0.053006
929,0.105852
930,0.057376
931,0.060664
932,0.053196
933,0.053963
934,0.068720
935,0.052119
936,0.054164
937,0.063275
938,0.057563
939,0.052672
940,0.059390
941,0.053914
942,0.058039
943,0.054460
944,0.056527
945,0.052991
946,0.052990
947,0.055087
948,0.054929
949,0.055983
950,0.049819
951,0.061147
952,0.057040
953,0.052004
954,0.054626
955,0.049708
956,0.054675
957,0.057534
958,0.044342
959,0.040985
960,0.042999
961,0.041002
962,0.040992
963,0.041004
964,0.040996
965,0.040996
966,0.041005
967,0.041054
968,0.040959
969,0.042982
970,0.044168
971,0.042822
972,0.049096
973,0.057531
974,0.064696
975,0.060777
976,0.065118
977,0.055894
978,0.059491
979,0.109576
980,0.055949
981,0.058037
982,0.058227
983,0.059255
984,0.058465
985,0.057152
986,0.057926
987,0.072209
988,0.059870
989,0.058831
990,0.059116
991,0.059007
992,0.059941
993,0.068455
994,0.060083
995,0.064399
996,0.056995
997,0.058025
998,0.060987
999,0.056776
1000,0.055878
1001,0.058403
1002,0.058025
1003,0.057178
1004,0.058939
1005,0.056077
1006,0.058905
1007,0.062785
1008,0.062087
1009,0.055563
1010,0.060887
1011,0.059499
1012,0.060951
1013,0.055819
1014,0.116220
1015,0.056028
1016,0.057049
1017,0.071254
1018,0.071664
1019,0.056180
1020,0.057939
1021,0.063168
1022,0.065732
1023,0.061020
1024,0.054008
1025,0.058963
1026,0.058137
1027,0.063894
1028,0.059050
1029,0.062118
1030,0.055821
1031,0.056410
1032,0.055565
1033,0.059546
1034,0.056201
1035,0.058410
1036,0.055887
1037,0.056729
1038,0.056268
1039,0.057118
1040,0.058936
1041,0.057683
1042,0.064395
1043,0.054826
1044,0.055988
1045,0.057110
1046,0.058019
1047,0.055878
1048,0.058002
1049,0.055999
1050,0.056811
1051,0.057051
1052,0.062220
1053,0.062111
1054,0.056167
1055,0.056701
1056,0.057771
1057,0.065130
1058,0.060040
1059,0.059194
1060,0.062008
1061,0.061823
1062,0.055203
1063,0.062978
1064,0.059800
1065,0.056363
1066,0.060626
1067,0.056002
1068,0.057111
1069,0.064796
1070,0.061760
1071,0.065510
1072,0.055894
1073,0.061847
1074,0.054701
1075,0.061395
1076,0.053990
1077,0.054146
1078,0.056644
1079,0.055307
1080,0.057015
1081,0.055921
1082,0.060956
1083,0.054218
1084,0.061809
1085,0.056008
1086,0.058047
1087,0.055959
1088,0.062004
1089,0.056275
1090,0.055694
1091,0.057171
1092,0.059845
1093,0.062073
1094,0.059863
1095,0.060072
1096,0.061642
1097,0.055565
1098,0.056736
1099,0.056100
1100,0.055959
1101,0.055980
1102,0.057006
1103,0.057683
1104,0.064298
1105,0.054976
1106,0.056004
1107,0.057589
1108,0.055429
1109,0.061009
1110,0.055769
1111,0.063233
1112,0.063181
1113,0.059755
1114,0.054119
1115,0.056528
1116,0.055704
1117,0.055808
1118,0.056703
1119,0.061198
1120,0.059946
1121,0.055204
1122,0.058157
1123,0.060697
1124,0.058656
1125,0.053547
1126,0.056696
1127,0.051255
1128,0.056622
1129,0.063271
1130,0.059947
1131,0.059024
1132,0.055334
1133,0.057032
1134,0.056313
1135,0.055323
1136,0.055991
1137,0.053006
1138,0.059971
1139,0.053020
1140,0.055959
1141,0.056154
1142,0.063032
1143,0.066877
1144,0.055201
1145,0.058906
1146,0.055848
1147,0.056029
1148,0.056207
1149,0.056161
1150,0.055620
1151,0.057431
1152,0.062570
1153,0.059053
1154,0.059000
1155,0.053132
1156,0.055912
1157,0.057484
1158,0.057552
1159,0.061899
1160,0.058968
1161,0.055175
1162,0.055809
1163,0.057025
1164,0.056006
1165,0.055990
1166,0.056195
1167,0.060818
1168,0.055135
1169,0.061538
1170,0.059294
1171,0.054033
1172,0.056753
1173,0.057269
1174,0.055970
1175,0.062846
1176,0.054924
1177,0.055196
1178,0.062092
1179,0.055105
1180,0.056125
1181,0.060724
1182,0.054752
1183,0.061409
1184,0.056889
1185,0.055979
1186,0.055306
1187,0.057045
1188,0.056306
1189,0.057303
1190,0.056862
1191,0.057254
1192,0.056815
1193,0.061431
1194,0.056422
1195,0.055212
1196,0.058989
1197,0.058084
1198,0.060935
1199,0.058960
1200,0.054272
1201,0.056836
1202,0.059748
1203,0.056217
1204,0.057917
1205,0.062140
1206,0.060895
1207,0.054415
1208,0.058299
1209,0.056140
1210,0.056127
1211,0.060122
1212,0.061928
1213,0.056126
1214,0.058835
1215,0.061919
1216,0.055173
1217,0.055932
1218,0.062085
1219,0.059905
1220,0.058212
1221,0.055912
1222,0.057023
1223,0.057107
1224,0.063710
1225,0.055002
1226,0.061141
1227,0.056894
1228,0.057131
1229,0.054858
1230,0.056026
1231,0.057345
1232,0.056664
1233,0.064057
1234,0.055304
1235,0.061905
1236,0.054696
1237,0.057144
1238,0.057770
1239,0.064056
1240,0.054062
1241,0.061878
1242,0.061123
1243,0.055369
1244,0.056466
1245,0.066254
1246,0.055950
1247,0.115122
1248,0.056492
1249,0.055312
1250,0.058071
1251,0.058640
1252,0.062322
1253,0.057716
1254,0.061246
1255,0.057917
1256,0.060220
1257,0.056925
1258,0.061938
1259,0.056411
1260,0.122541
1261,0.056086
1262,0.062961
1263,0.059175
1264,0.054936
1265,0.059920
1266,0.055010
1267,0.055974
1268,0.062018
1269,0.058083
1270,0.060934
1271,0.111694
1272,0.115298
1273,0.060891
1274,0.054118
1275,0.120034
1276,0.115980
1277,0.108086
1278,0.174973
1279,0.121905
1280,0.174820
1281,0.069933
1282,0.056233
1283,0.116682
1284,0.060314
1285,0.171103
1286,0.178931
1287,0.058838
1288,0.113125
1289,0.177998
1290,0.111053
1291,0.055969
1292,0.060956
1293,0.055623
1294,0.057566
1295,0.061839
1296,0.115152
1297,0.057887
1298,0.062989
1299,0.056983
1300,0.056001
1301,0.059979
1302,0.054020
1303,0.055991
1304,0.057165
1305,0.056584
1306,0.060260
1307,0.052999
1308,0.058155
1309,0.055837
1310,0.056180
1311,0.055990
1312,0.057518
1313,0.062336
1314,0.061946
1315,0.054051
1316,0.057236
1317,0.056110
1318,0.055748
1319,0.056640
1320,0.055283
1321,0.058097
1322,0.055878
1323,0.062045
1324,0.055556
1325,0.061639
1326,0.052835
1327,0.061887
1328,0.055909
1329,0.059129
1330,0.056088
1331,0.061902
1332,0.058004
1333,0.056150
1334,0.055988
1335,0.061913
1336,0.055788
1337,0.059245
1338,0.056898
1339,0.055233
1340,0.055852
1341,0.057256
1342,0.059693
1343,0.056707
1344,0.062274
1345,0.055356
1346,0.057278
1347,0.057385
1348,0.062979
1349,0.054013
1350,0.057609
1351,0.063403
1352,0.053021
1353,0.054093
1354,0.061845
1355,0.054987
1356,0.057146
1357,0.055869
1358,0.061017
1359,0.054138
1360,0.056927
1361,0.056600
1362,0.053797
1363,0.058633
1364,0.056941
1365,0.063959
1366,0.060210
1367,0.054020
1368,0.059024
1369,0.054754
1370,0.064930
1371,0.054075
1372,0.057009
1373,0.056029
1374,0.061936
1375,0.059035
1376,0.054981
1377,0.055991
1378,0.055990
1379,0.055883
1380,0.057357
1381,0.061796
1382,0.058950
1383,1.399138
1384,0.871060
1385,0.120834
1386,0.055029
1387,0.056952
1388,0.061027
1389,0.058003
1390,0.055997
1391,0.123004
1392,0.173115
1393,0.522231
1394,0.061625
1395,0.061182
1396,0.113114
1397,0.061625
1398,0.118576
1399,0.054957
1400,0.065904
1401,0.116777
1402,0.148559
1403,0.055753
1404,0.064680
1405,0.057447
1406,0.063655
1407,0.061907
1408,0.059389
1409,0.065890
1410,0.056835
1411,0.063808
1412,0.056266
1413,0.057159
1414,0.056576
1415,0.064276
1416,0.061738
1417,0.063098
1418,0.055872
1419,0.057483
1420,0.063565
1421,0.062053
1422,0.059139
1423,0.055799
1424,0.056066
1425,0.062855
1426,0.067025
1427,0.055131
1428,0.053811
1429,0.058053
1430,0.061964
1431,0.055541
1432,0.054889
1433,0.063726
1434,0.068822
1435,0.059517
1436,0.059540
1437,0.056186
1438,0.061828
1439,0.055889
1440,0.055310
1441,0.063851
1442,0.054975
1443,0.062950
1444,0.056052
1445,0.056479
1446,0.055481
1447,0.056376
1448,0.056286
1449,0.062318
1450,0.054022
1451,0.057004
1452,0.059343
1453,0.055810
1454,0.057539
1455,0.065296
1456,0.054144
1457,0.056878
1458,0.056802
1459,0.061190
1460,0.059976
1461,0.055537
1462,0.063470
1463,0.064764
1464,0.054236
1465,0.059855
1466,0.055248
1467,0.056042
1468,0.056636
1469,0.060191
1470,0.055820
1471,0.061391
1472,0.055939
1473,0.056028
1474,0.057031
1475,0.055843
1476,0.058993
1477,0.063060
1478,0.053918
1479,0.059079
1480,0.061938
1481,0.055240
1482,0.056957
1483,0.059396
1484,0.057457
1485,0.061934
1486,0.055266
1487,0.056127
1488,0.057008
1489,0.056152
1490,0.064398
1491,0.055053
1492,0.062244
1493,0.061716
1494,0.055431
1495,0.055621
1496,0.058014
1497,0.055939
1498,0.058139
1499,0.057124
1500,0.057057
1501,0.055714
1502,0.057221
1503,0.062762
1504,0.057057
1505,0.059973
1506,0.058020
1507,0.058954
1508,0.060175
1509,0.061759
1510,0.057228
1511,0.059169
1512,0.056764
1513,0.059154
1514,0.061707
1515,0.055454
1516,0.057802
1517,0.056885
1518,0.066072
1519,0.054841
1520,0.057416
1521,0.057813
1522,0.057177
1523,0.058658
1524,0.062952
1525,0.061959
1526,0.056859
1527,0.059188
1528,0.059114
1529,0.059831
1530,0.062028
1531,0.056066
1532,0.059597
1533,0.061290
1534,0.056241
1535,0.056584
1536,0.060297
1537,0.061920
1538,0.058995
1539,0.056030
1540,0.056098
1541,0.055901
1542,0.057123
1543,0.057116
1544,0.058889
1545,0.056863
1546,0.056137
1547,0.057890
1548,0.058010
1549,0.060214
1550,0.055836
1551,0.063963
1552,0.058976
1553,0.059015
1554,0.059177
1555,0.055937
1556,0.058240
1557,0.057003
1558,0.058876
1559,0.070706
1560,0.055339
1561,0.057877
1562,0.061475
1563,0.055266
1564,0.063103
1565,0.061976
1566,0.058245
1567,0.059035
1568,0.062717
1569,0.057243
1570,0.058856
1571,0.058239
1572,0.059127
1573,0.058835
1574,0.065964
1575,0.054762
1576,0.064968
1577,0.062115
1578,0.056374
1579,0.062516
1580,0.059725
1581,0.057556
1582,0.055792
1583,0.065001
1584,0.058886
1585,0.062025
1586,0.059016
1587,0.054099
1588,0.061920
1589,0.055368
1590,0.061703
1591,0.061906
1592,0.058969
1593,0.060028
1594,0.061247
1595,0.059835
1596,0.061851
1597,0.055254
1598,0.057997
1599,0.057918
1600,0.058395
1601,0.061450
1602,0.056084
1603,0.064995
1604,0.055945
1605,0.056045
1606,0.073973
1607,0.058356
1608,0.065744
1609,0.055934
1610,0.058056
1611,0.066864
1612,0.058130
1613,0.058712
1614,0.058213
1615,0.058073
1616,0.059447
1617,0.061472
1618,0.057795
1619,0.061215
1620,0.058991
1621,0.059977
1622,0.055029
1623,0.058937
1624,0.059238
1625,0.056819
1626,0.056684
1627,0.055329
1628,0.057018
1629,0.060940
1630,0.055017
1631,0.059987
1632,0.058180
1633,0.067695
1634,0.071264
1635,0.054909
1636,0.055969
1637,0.057793
1638,0.065223
1639,0.054001
1640,0.058150
1641,0.055822
1642,0.058113
1643,0.060914
1644,0.064069
1645,0.059440
1646,0.061560
1647,0.055933
1648,0.071041
1649,0.061429
1650,0.056796
1651,0.060755
1652,0.061998
1653,0.057564
1654,0.059507
1655,0.057924
1656,0.062042
1657,0.056464
1658,0.061582
1659,0.055920
1660,0.056995
1661,0.058194
1662,0.057955
1663,0.062020
1664,0.116956
1665,0.062585
1666,0.056293
1667,0.059239
1668,0.063755
1669,0.060144
1670,0.057297
1671,0.062025
1672,0.061433
1673,0.058295
1674,0.057635
1675,0.055433
1676,0.060792
1677,0.054109
1678,0.058409
1679,0.056641
1680,0.066770
1681,0.055969
1682,0.060023
1683,0.057026
1684,0.056089
1685,0.055933
1686,0.056193
1687,0.059276
1688,0.060770
1689,0.056876
1690,0.059273
1691,0.056448
1692,0.061031
1693,0.057117
1694,0.057495
1695,0.059524
1696,0.064970
1697,0.056970
1698,0.056055
1699,0.058339
1700,0.066839
1701,0.057379
1702,0.055457
1703,0.059109
1704,0.055856
1705,0.056020
1706,0.057443
1707,0.057735
1708,0.065943
1709,0.056897
1710,0.057135
1711,0.062064
1712,0.057207
1713,0.055584
1714,0.064983
1715,0.055359
1716,0.061337
1717,0.063503
1718,0.055816
1719,0.057245
1720,0.068885
1721,0.060942
1722,0.064992
1723,0.059393
1724,0.056624
1725,0.058696
1726,0.054067
1727,0.059970
1728,0.064185
1729,0.061998
1730,0.062138
1731,0.058733
1732,0.063292
1733,0.056218
1734,0.062348
1735,0.055096
1736,0.058155
1737,0.059253
1738,0.062303
1739,0.059797
1740,0.060614
1741,0.064060
1742,0.058306
1743,0.057880
1744,0.066927
1745,0.056863
1746,0.056082
1747,0.064965
1748,0.058263
1749,0.063906
1750,0.061814
1751,0.057425
1752,0.062367
1753,0.062551
1754,0.055665
1755,0.062977
1756,0.059890
1757,0.060089
1758,0.233298
1759,0.050622
1760,0.062266
1761,0.056636
1762,0.125065
1763,0.058293
1764,0.055879
1765,0.057181
1766,0.063686
1767,0.055973
1768,0.117523
1769,0.057070
1770,0.060525
1771,0.063338
1772,0.057911
1773,0.114789
1774,0.062285
1775,0.059694
1776,0.062110
1777,0.182167
1778,0.063932
1779,0.060626
1780,0.128128
1781,0.057100
1782,0.114891
1783,0.061035
1784,0.055004
1785,0.057978
1786,0.056963
1787,0.056020
1788,0.057532
1789,0.057500
1790,0.060976
1791,0.055928
1792,0.096124
1793,0.061949
1794,0.057046
1795,0.057330
1796,0.060658
1797,0.069312
1798,0.059867
1799,0.064376
1800,0.056928
1801,0.060502
1802,0.058976
1803,0.059051
1804,0.055207
1805,0.059717
1806,0.059055
1807,0.055840
1808,0.059668
1809,0.061428
1810,0.057337
1811,0.055998
1812,0.062034
1813,0.060417
1814,0.057556
1815,0.058743
1816,0.057697
1817,0.063403
1818,0.055900
1819,0.056029
1820,0.064297
1821,0.055686
1822,0.058247
1823,0.055716
1824,0.061619
1825,0.060410
1826,0.065145
1827,0.057296
1828,0.056029
1829,0.057439
1830,0.066091
1831,0.059088
1832,0.054902
1833,0.061983
1834,0.061942
1835,0.060062
1836,0.056473
1837,0.059782
1838,0.067922
1839,0.061656
1840,0.055141
1841,0.056061
1842,0.058981
1843,0.065981
1844,0.058620
1845,0.056382
1846,0.055978
1847,0.059180
1848,0.060908
1849,0.060214
1850,0.062649
1851,0.056062
1852,0.062053
1853,0.056955
1854,0.059444
1855,0.057681
1856,0.058221
1857,0.067819
1858,0.057941
1859,0.061999
1860,0.058900
1861,0.063915
1862,0.059242
1863,0.060841
1864,0.056748
1865,0.055585
1866,0.062781
1867,0.055860
1868,0.058727
1869,0.060279
1870,0.121306
1871,0.060692
1872,0.063339
1873,0.064422
1874,0.064235
1875,0.057451
1876,0.070850
1877,0.059054
1878,0.065855
1879,0.123814
1880,0.127013
1881,0.059526
1882,0.062630
1883,0.057217
1884,0.062627
1885,0.060982
1886,0.058140
1887,0.058393
1888,0.055483
1889,0.066077
1890,0.058311
1891,0.058108
1892,0.063655
1893,0.062862
1894,0.056226
1895,0.058811
1896,0.057907
1897,0.061902
1898,0.058592
1899,0.060597
1900,0.064259
1901,0.055806
1902,0.057459
1903,0.117866
1904,0.061558
1905,0.119877
1906,0.063199
1907,0.056325
1908,0.056886
1909,0.061138
1910,0.056702
1911,0.056769
1912,0.067492
1913,0.055613
1914,0.062988
1915,0.054028
1916,0.061994
1917,0.059990
1918,0.059003
1919,0.063199
1920,0.055063
1921,0.061718
1922,0.054247
1923,0.057090
1924,0.055192
1925,0.058479
1926,0.057483
1927,0.061668
1928,0.057446
1929,0.055164
1930,0.054193
1931,0.059156
1932,0.056943
1933,0.056708
1934,0.061290
1935,0.055181
1936,0.060739
1937,0.055731
1938,0.055281
1939,0.060009
1940,0.055982
1941,0.056016
1942,0.060986
1943,0.058986
1944,0.054385
1945,0.063732
1946,0.060856
1947,0.054188
1948,0.056884
1949,0.056569
1950,0.053402
1951,0.056163
1952,0.056953
1953,0.057420
1954,0.064400
1955,0.057172
1956,0.055894
1957,0.060580
1958,0.052426
1959,0.054997
1960,0.061973
1961,0.055151
1962,0.056078
1963,0.059567
1964,0.061121
1965,0.058224
1966,0.056901
1967,0.057127
1968,0.054879
1969,0.062002
1970,0.052963
1971,0.061497
1972,0.059461
1973,0.057940
1974,0.058076
1975,0.057031
1976,0.059732
1977,0.056659
1978,0.062597
1979,0.058041
1980,0.055344
1981,0.061578
1982,0.054046
1983,0.057973
1984,0.056006
1985,0.061986
1986,0.055292
1987,0.061726
1988,0.055022
1989,0.056010
# total_episodes=1989, avg_seconds=0.069898
