# episode_index, seconds
1,0.067094
2,0.031600
3,0.025315
4,0.024681
5,0.021338
6,0.026810
7,0.046847
8,0.021025
9,0.039979
10,0.025038
11,0.016533
12,0.013444
13,0.019013
14,0.019006
15,0.021015
16,0.016978
17,0.017909
18,0.028226
19,0.032148
20,0.013475
21,0.014205
22,0.019138
23,0.028175
24,0.011631
25,0.017825
26,0.014256
27,0.032856
28,0.091136
29,0.014991
30,0.016451
31,0.020689
32,0.020052
33,0.014809
34,0.013975
35,0.024423
36,0.017751
37,0.016813
38,0.018057
39,0.016857
40,0.021331
41,0.017792
42,0.052016
43,0.016187
44,0.025974
45,0.030855
46,0.019430
47,0.026616
48,0.036581
49,0.112301
50,0.017055
51,0.032020
52,0.012851
53,0.012796
54,0.052572
55,0.016778
56,0.028351
57,0.020696
58,0.014025
59,0.019129
60,0.022771
61,0.031009
62,0.013998
63,0.024089
64,0.085912
65,0.026788
66,0.024489
67,0.021572
68,0.014157
69,0.017045
70,1.322080
71,0.060962
72,0.058874
73,0.058180
74,0.056043
75,0.059823
76,0.054001
77,0.055841
78,0.064119
79,0.054826
80,0.061188
81,0.054126
82,0.060229
83,0.054511
84,0.117150
85,0.062059
86,0.054058
87,0.057955
88,0.174131
89,0.060772
90,0.055585
91,0.063410
92,0.058049
93,0.062954
94,0.055164
95,0.055847
96,0.063578
97,0.061612
98,0.055798
99,0.064153
100,0.062236
101,0.058754
102,1.491320
103,0.055533
104,0.050005
105,0.050114
106,0.050064
107,0.047839
108,0.049009
109,0.041447
110,0.047398
111,0.034038
112,0.033573
113,0.045446
114,0.045983
115,0.045979
116,0.054197
117,0.037169
118,0.040970
119,0.038172
120,0.043481
121,0.099352
122,0.056004
123,0.046964
124,0.110835
125,0.161936
126,0.056095
127,0.052000
128,0.051976
129,0.053101
130,0.053066
131,0.050818
132,0.048992
133,0.046885
134,0.046249
135,0.061078
136,0.056986
137,0.063164
138,0.055781
139,0.050838
140,0.045242
141,0.049814
142,0.056221
143,0.049813
144,0.050149
145,0.052625
146,0.044309
147,0.047733
148,0.044991
149,0.041981
150,0.041011
151,0.044151
152,0.052854
153,0.043939
154,0.057211
155,0.058673
156,0.055335
157,0.048026
158,0.058938
159,0.056913
160,0.065149
161,0.051971
162,0.059061
163,0.052922
164,0.058437
165,0.059782
166,0.058928
167,0.055018
168,0.056246
169,0.062191
170,0.062313
171,0.058024
172,0.056238
173,0.054443
174,0.058376
175,0.055056
176,0.052069
177,0.053329
178,0.056539
179,0.052934
180,0.053045
181,0.054017
182,0.059049
183,0.057274
184,0.067888
185,0.058139
186,0.060711
187,0.053335
188,0.053600
189,0.050317
190,0.048827
191,0.065055
192,0.055663
193,0.057127
194,0.051072
195,0.055991
196,0.111839
197,0.061250
198,0.053021
199,0.055032
200,0.054410
201,0.049996
202,0.052446
203,0.051996
204,0.057990
205,0.056215
206,0.049020
207,0.052828
208,0.059010
209,0.052917
210,0.054355
211,0.054972
212,0.053468
213,0.052321
214,0.061803
215,0.059240
216,1.228030
217,0.057604
218,0.058200
219,0.062966
220,0.054315
221,0.054781
222,0.111111
223,0.116812
224,0.053994
225,0.060181
226,0.060791
227,0.110330
228,0.054191
229,0.110563
230,0.058986
231,0.052914
232,0.061201
233,0.110903
234,0.060986
235,0.111605
236,0.055226
237,0.389310
238,0.059128
239,0.152788
240,0.056305
241,0.049646
242,0.059788
243,0.052192
244,0.119054
245,0.052891
246,0.056860
247,0.060303
248,0.056047
249,0.056095
250,0.056063
251,0.110687
252,0.056214
253,0.054319
254,0.054375
255,0.056973
256,0.056198
257,0.109905
258,0.106856
259,0.051039
260,0.052174
261,0.053907
262,0.055283
263,0.054400
264,0.054237
265,0.055931
266,0.059045
267,0.057216
268,0.046720
269,0.111265
270,0.057953
271,0.055031
272,0.058089
273,0.052830
274,0.054972
275,0.053077
276,0.076820
277,0.055286
278,0.058773
279,0.066640
280,0.060231
281,0.051627
282,0.054605
283,0.053634
284,0.105302
285,0.053187
286,0.053878
287,0.058527
288,0.056929
289,0.053454
290,0.052267
291,0.112833
292,0.054255
293,0.052940
294,0.104123
295,0.053732
296,0.048680
297,0.056446
298,0.053078
299,0.053386
300,0.060194
301,0.124152
302,0.126263
303,0.056464
304,0.063228
305,0.060049
306,0.053854
307,0.059302
308,0.056937
309,0.056238
310,0.053682
311,0.060001
312,0.050943
313,0.111752
314,0.052695
315,0.059423
316,0.059246
317,0.166135
318,0.097421
319,0.049672
320,0.058731
321,0.048075
322,0.048923
323,0.050978
324,0.108447
325,0.052778
326,0.057881
327,0.051680
328,0.059186
329,0.058904
330,0.051908
331,0.060406
332,0.052877
333,0.052975
334,0.055914
335,0.057168
336,0.113111
337,0.059781
338,0.052426
339,0.055398
340,0.060280
341,0.052859
342,0.058991
343,0.049434
344,0.048578
345,0.054473
346,0.057528
347,0.057004
348,0.052994
349,0.058079
350,0.052823
351,0.053173
352,0.053490
353,0.053569
354,0.052908
355,0.058711
356,0.066228
357,0.056011
358,0.054036
359,0.056598
360,0.053387
361,0.054047
362,0.051415
363,0.061530
364,0.051803
365,0.055231
366,0.056112
367,0.058449
368,0.059378
369,0.055181
370,0.052857
371,0.058756
372,0.052562
373,0.051804
374,0.057067
375,0.056541
376,0.112452
377,0.055898
378,0.058266
379,0.054124
380,0.049503
381,0.056017
382,0.111327
383,0.057589
384,0.056213
385,0.055932
386,0.055911
387,0.107242
388,0.057810
389,0.056373
390,0.055997
391,0.054623
392,0.055846
393,0.060269
394,0.110849
395,0.057130
396,0.050765
397,0.111090
398,0.054037
399,0.215995
400,0.052991
401,0.164124
402,0.055865
403,0.054175
404,0.055839
405,0.057224
406,0.054777
407,0.061019
408,0.053053
409,0.054900
410,0.056157
411,0.114029
412,0.114704
413,0.167165
414,0.053924
415,0.059011
416,0.061310
417,0.172589
418,0.059000
419,0.056252
420,0.109878
421,0.061139
422,0.053745
423,0.053096
424,0.055207
425,0.053839
426,0.056122
427,0.053824
428,0.055044
429,0.053995
430,0.053067
431,0.056066
432,0.056168
433,0.056807
434,0.059797
435,0.058086
436,0.053048
437,0.054981
438,0.056240
439,0.050970
440,0.055075
441,0.056837
442,0.058462
443,0.053427
444,0.060258
445,0.057264
446,0.056887
447,0.058618
448,0.052228
449,0.055930
450,0.052796
451,0.059502
452,0.053884
453,0.054602
454,0.053210
455,0.056951
456,0.053841
457,0.053026
458,0.054606
459,0.050032
460,0.050397
461,0.053181
462,0.052752
463,0.056035
464,0.056330
465,0.061684
466,0.058956
467,0.053123
468,0.056540
469,0.048382
470,0.057011
471,0.054179
472,0.053780
473,0.055334
474,0.052850
475,0.058813
476,0.052954
477,0.059048
478,0.053346
479,0.054504
480,0.060204
481,0.052925
482,0.091015
483,0.058991
484,0.052120
485,0.052930
486,0.115648
487,0.066298
488,0.057122
489,0.058905
490,0.056932
491,0.053821
492,0.054244
493,0.055089
494,0.055971
495,0.064863
496,0.054108
497,0.057795
498,0.041209
499,0.051008
500,0.051655
501,0.060387
502,0.052914
503,0.061300
504,0.054333
505,0.048218
506,0.055129
507,0.059022
508,0.053218
509,0.052046
510,0.053101
511,0.054675
512,0.054843
513,0.109194
514,0.054398
515,0.111718
516,0.110903
517,0.060303
518,0.057974
519,0.058657
520,0.057934
521,0.052057
522,0.064958
523,0.054192
524,0.754878
525,0.052303
526,0.061528
527,0.052629
528,0.057373
529,0.056104
530,0.054212
531,0.053819
532,0.054695
533,0.053866
534,0.050726
535,0.056296
536,0.056478
537,0.056025
538,0.055875
539,0.054153
540,0.055339
541,0.053509
542,0.056387
543,0.049654
544,0.050375
545,0.052668
546,0.058907
547,0.059038
548,0.051109
549,0.054553
550,0.054372
551,0.052962
552,0.048079
553,0.053108
554,0.057833
555,0.054724
556,0.052393
557,0.056835
558,0.055148
559,0.053916
560,0.054671
561,0.051018
562,0.050303
563,0.054042
564,0.054038
565,0.054922
566,0.058191
567,0.046810
568,0.053969
569,0.056013
570,0.049308
571,0.060689
572,0.058927
573,0.058117
574,0.054979
575,0.052985
576,0.056756
577,0.052357
578,0.053859
579,0.109291
580,0.109055
581,0.055685
582,0.114871
583,0.060320
584,0.056740
585,0.053663
586,0.050450
587,0.057351
588,0.054563
589,0.066973
590,0.052873
591,0.057097
592,0.053856
593,0.044502
594,0.058592
595,0.057148
596,0.216230
597,0.051768
598,0.105013
599,0.052301
600,0.053874
601,0.055860
602,0.111916
603,0.054009
604,0.100268
605,0.705733
606,0.493697
607,0.053269
608,0.164043
609,0.109256
610,0.051754
611,0.052382
612,0.054384
613,0.046231
614,0.206025
615,0.233009
616,0.536114
617,0.263857
618,0.281029
619,0.312183
620,0.057780
621,0.164179
622,0.057902
623,0.166527
624,0.111893
625,0.052585
626,0.105976
627,0.053940
628,0.058933
629,0.057476
630,0.052619
631,0.055045
632,0.052904
633,0.059413
634,0.049400
635,0.051209
636,0.061173
637,0.052878
638,0.054188
639,0.057193
640,0.050109
641,0.060496
642,0.052943
643,0.053015
644,0.053059
645,0.054029
646,0.059739
647,0.048277
648,0.060875
649,0.055098
650,0.058859
651,0.051229
652,0.057850
653,0.052145
654,0.052973
655,0.222972
656,0.059826
657,0.057969
658,0.052095
659,0.055321
660,0.050673
661,0.054657
662,0.047204
663,0.052650
664,0.054467
665,0.061068
666,0.058854
667,0.056929
668,0.055157
669,0.168098
670,0.053881
671,0.058939
672,0.057931
673,0.054092
674,0.056102
675,0.058935
676,0.053073
677,0.054119
678,0.054817
679,0.050998
680,0.064960
681,0.117853
682,0.059077
683,0.058102
684,0.057001
685,0.058052
686,0.051895
687,0.051275
688,0.055961
689,0.055430
690,0.054439
691,0.056112
692,0.057913
693,0.063929
694,0.052999
695,0.058976
696,0.053157
697,0.054026
698,0.049772
699,0.053712
700,0.111207
701,0.056269
702,0.060900
703,0.052980
704,0.109904
705,0.054289
706,0.059338
707,0.114944
708,0.060556
709,0.056816
710,0.060270
711,0.061076
712,0.054705
713,0.058832
714,0.051458
715,0.055945
716,0.059375
717,0.069488
718,0.055102
719,0.058252
720,0.052703
721,0.060159
722,0.058835
723,0.055887
724,0.053165
725,0.054759
726,0.056296
727,0.053885
728,0.063949
729,0.054369
730,0.062707
731,0.048813
732,0.060285
733,0.054851
734,0.055110
735,0.055163
736,0.056317
737,0.067093
738,0.051390
739,0.058806
740,0.056070
741,0.057955
742,0.057211
743,0.054925
744,0.057320
745,0.072729
746,0.054002
747,0.061365
748,0.067915
749,0.053518
750,0.052114
751,0.058870
752,0.052990
753,0.061273
754,0.054915
755,0.053287
756,0.042607
757,0.053176
758,0.053287
759,0.053749
760,0.053884
761,0.053075
762,0.053511
763,0.049849
764,0.107624
765,0.052746
766,0.056171
767,0.053179
768,0.059924
769,0.057949
770,0.052761
771,0.055207
772,0.060158
773,0.054841
774,0.053042
775,0.054261
776,0.063922
777,0.052916
778,0.053847
779,0.066339
780,0.054731
781,0.053048
782,0.054555
783,0.060337
784,0.056980
785,0.058305
786,0.056756
787,0.055984
788,0.052967
789,0.056003
790,0.053090
791,0.057337
792,0.052680
793,0.055008
794,0.053024
795,0.054014
796,0.050810
797,0.111339
798,0.048724
799,0.050544
800,0.057711
801,0.055099
802,0.052970
803,0.116841
804,0.057785
805,0.058870
806,0.057096
807,0.055041
808,0.055275
809,0.056551
810,0.063550
811,0.060406
812,0.051088
813,0.055958
814,0.061040
815,0.058995
816,0.123227
817,0.060425
818,0.074536
819,0.136782
820,0.059285
821,0.056916
822,0.120423
823,0.070719
824,0.115882
825,0.112102
826,0.055019
827,0.060772
828,0.051986
829,0.061059
830,0.056558
831,0.054298
832,0.057000
833,0.059106
834,0.056080
835,0.056633
836,0.052355
837,0.164964
838,0.056627
839,0.055399
840,0.059030
841,0.109124
842,0.057063
843,0.108746
844,0.054036
845,0.059990
846,0.107004
847,0.053907
848,0.168396
849,0.171517
850,0.059031
851,0.060237
852,0.055902
853,0.060026
854,0.053354
855,0.054921
856,0.056262
857,0.055535
858,0.055894
859,0.109895
860,0.059108
861,0.056400
862,0.059745
863,0.111859
864,0.229948
865,0.059077
866,0.114193
867,0.052979
868,0.054822
869,0.055975
870,0.122112
871,0.055927
872,0.055998
873,0.054589
874,0.055704
875,0.056349
876,0.061203
877,0.055975
878,0.124139
879,0.053995
880,0.057025
881,0.230838
882,0.055203
883,0.056471
884,0.053994
885,0.055759
886,0.059688
887,0.054031
888,0.056011
889,0.055006
890,0.115156
891,0.064796
892,0.054037
893,1.036995
894,0.470066
895,0.170935
896,0.103860
897,0.116123
898,0.107026
899,0.110852
900,0.121009
901,0.056962
902,0.061031
903,0.056109
904,0.062032
905,0.053045
906,0.055979
907,0.053973
908,0.061014
909,0.059965
910,0.056891
911,0.056979
912,0.059001
913,0.056079
914,0.058966
915,0.058112
916,0.059112
917,0.062903
918,0.053536
919,0.054363
920,0.053205
921,0.053972
922,0.052911
923,0.044840
924,0.062263
925,0.053925
926,0.058632
927,0.049383
928,0.059915
929,0.056040
930,0.057154
931,0.051719
932,0.056267
933,0.055855
934,0.052974
935,0.067042
936,0.060678
937,0.076307
938,0.064041
939,0.053313
940,0.052047
941,0.057328
942,0.060093
943,0.052632
944,0.055667
945,0.110525
946,0.050467
947,0.073022
948,0.052822
949,0.055117
950,0.059013
951,0.058382
952,0.052309
953,0.063311
954,0.053914
955,0.055363
956,0.050273
957,0.049424
958,0.058651
959,0.056208
960,0.061157
961,0.056371
962,0.055419
963,0.061145
964,0.052001
965,0.053111
966,0.060140
967,0.050353
968,0.050335
969,0.065498
970,0.052569
971,0.054988
972,0.057141
973,0.052991
974,0.054727
975,0.065096
976,0.052254
977,0.058905
978,0.053014
979,0.059025
980,0.046888
981,0.051061
982,0.054108
983,0.057746
984,0.056098
985,0.049982
986,0.049966
987,0.053028
988,0.059158
989,0.054701
990,0.060211
991,0.056872
992,0.156713
993,0.049724
994,0.047903
995,0.055729
996,0.061178
997,0.054456
998,0.102957
999,0.048381
1000,0.157181
1001,0.054776
1002,0.120353
1003,0.058698
1004,0.050936
1005,0.051999
1006,0.097075
1007,0.052823
1008,0.097450
1009,0.114377
1010,0.054409
1011,0.053881
1012,0.110872
1013,0.054260
1014,0.101380
1015,0.049814
1016,0.054038
1017,0.054226
1018,0.059281
1019,0.060263
1020,0.059175
1021,0.063763
1022,0.053818
1023,0.058285
1024,0.053961
1025,0.054013
1026,0.053236
1027,0.050676
1028,0.054031
1029,0.056026
1030,0.048809
1031,0.070099
1032,0.055975
1033,0.056019
1034,0.056035
1035,0.056098
1036,0.056279
1037,0.056146
1038,0.056350
1039,0.056080
1040,0.057040
1041,0.057525
1042,0.052319
1043,0.059167
1044,0.056747
1045,0.054320
1046,0.052888
1047,0.053133
1048,0.054535
1049,0.056295
1050,0.055988
1051,0.055274
1052,0.058634
1053,0.059976
1054,0.056096
1055,0.058900
1056,0.059998
1057,0.058024
1058,0.065049
1059,0.059327
1060,0.052913
1061,0.055597
1062,0.052340
1063,0.055062
1064,0.057366
1065,0.052546
1066,0.052966
1067,0.054274
1068,0.054384
1069,0.054335
1070,0.057058
1071,0.058018
1072,0.051028
1073,0.059172
1074,0.057343
1075,0.053020
1076,0.056357
1077,0.050275
1078,0.058957
1079,0.113887
1080,0.054933
1081,0.054414
1082,0.049712
1083,0.054835
1084,0.049014
1085,0.052725
1086,0.049751
1087,0.061539
1088,0.051057
1089,0.059187
1090,0.054164
1091,0.049571
1092,0.057458
1093,0.049261
1094,0.054579
1095,0.052708
1096,0.051636
1097,0.046459
1098,0.058911
1099,0.056222
1100,0.059927
1101,0.052980
1102,0.060068
1103,0.060967
1104,0.058903
1105,0.057086
1106,0.056015
1107,0.053487
1108,0.053236
1109,0.053137
1110,0.059035
1111,0.052937
1112,0.053974
1113,0.055972
1114,0.054531
1115,0.064071
1116,0.053846
1117,0.058674
1118,0.052926
1119,0.054234
1120,0.057846
1121,0.057436
1122,0.057129
1123,0.057253
1124,0.056094
1125,0.052998
1126,0.058965
1127,0.053047
1128,0.054589
1129,0.050056
1130,0.049892
1131,0.061485
1132,0.058112
1133,0.052918
1134,0.058981
1135,0.056826
1136,0.051402
1137,0.053193
1138,0.054612
1139,0.056966
1140,0.053628
1141,0.060460
1142,0.052902
1143,0.060187
1144,0.048877
1145,0.050268
1146,0.047654
1147,0.050013
1148,0.048027
1149,0.051289
1150,0.049326
1151,0.049051
1152,0.062303
1153,0.056994
1154,0.052822
1155,0.052110
1156,0.059165
1157,0.052954
1158,0.055545
1159,0.054407
1160,0.054957
1161,0.057941
1162,0.051431
1163,0.050664
1164,0.048018
1165,0.051325
1166,0.048970
1167,0.059178
1168,0.052759
1169,0.053178
1170,0.055634
1171,0.054037
1172,0.053155
1173,0.054258
1174,0.062490
1175,0.115089
1176,0.053934
1177,0.059944
1178,0.059106
1179,0.053019
1180,0.052906
1181,0.052987
1182,0.053031
1183,0.070965
1184,0.054032
1185,0.050223
1186,0.049777
1187,0.050627
1188,0.051013
1189,0.057673
1190,0.054662
1191,0.060907
1192,0.060516
1193,0.054560
1194,0.056018
1195,0.055267
1196,0.076756
1197,0.050829
1198,0.056125
1199,0.055170
1200,0.052840
1201,0.054685
1202,0.054093
1203,0.054840
1204,0.058378
1205,0.058142
1206,0.054007
1207,0.060194
1208,0.051649
1209,0.061223
1210,0.052788
1211,0.053350
1212,0.051459
1213,0.057824
1214,0.104267
1215,0.057950
1216,0.055960
1217,0.057251
1218,0.057488
1219,0.053481
1220,0.052979
1221,0.051034
1222,0.054957
1223,0.054408
1224,0.052260
1225,0.059367
1226,0.047991
1227,0.053973
1228,0.060831
1229,0.058002
1230,0.061282
1231,0.059722
1232,0.058085
1233,0.053103
1234,0.058802
1235,0.059729
1236,0.064445
1237,0.057062
1238,0.056112
1239,0.051705
1240,0.063593
1241,0.053761
1242,0.064596
1243,0.062114
1244,0.057081
1245,0.054638
1246,0.050130
1247,0.049473
1248,0.055304
1249,0.058450
1250,0.053086
1251,0.053900
1252,0.058961
1253,0.058012
1254,0.051124
1255,0.058581
1256,0.049336
1257,0.059292
1258,0.053593
1259,0.060195
1260,0.051908
1261,0.054022
1262,0.054772
1263,0.051559
1264,0.057082
1265,0.055600
1266,0.058904
1267,0.062063
1268,0.053002
1269,0.052012
1270,0.057201
1271,0.110925
1272,0.052636
1273,0.060181
1274,0.057833
1275,0.053234
1276,0.054611
1277,0.048411
1278,0.051979
1279,0.057443
1280,0.053277
1281,0.054418
1282,0.054965
1283,0.054626
1284,0.050911
1285,0.062821
1286,0.052546
1287,0.058817
1288,0.064975
1289,0.053229
1290,0.059801
1291,0.058355
1292,0.052810
1293,0.059000
1294,0.052806
1295,0.055213
1296,0.052963
1297,0.059960
1298,0.053170
1299,0.058361
1300,0.048539
1301,0.055061
1302,0.059094
1303,0.059105
1304,0.056606
1305,0.056122
1306,0.052564
1307,0.057439
1308,0.056026
1309,0.060057
1310,0.054229
1311,0.056117
1312,0.046762
1313,0.048817
1314,0.050376
1315,0.059101
1316,0.058431
1317,0.056875
1318,0.057247
1319,0.060772
1320,0.051274
1321,0.056746
1322,0.057168
1323,0.053858
1324,0.111461
1325,0.056746
1326,0.109008
1327,0.054003
1328,0.055583
1329,0.050414
1330,0.051912
1331,0.061074
1332,0.053929
1333,0.052967
1334,0.052983
1335,0.053990
1336,0.053172
1337,0.052953
1338,0.050956
1339,0.048986
1340,0.055982
1341,0.050010
1342,0.167815
1343,0.116305
1344,0.056486
1345,0.115346
1346,0.169960
1347,0.169090
1348,0.176427
1349,0.093348
1350,0.219742
1351,0.331539
1352,0.107971
1353,0.208001
1354,0.116835
1355,0.109109
1356,0.108123
1357,0.053918
1358,0.269016
1359,0.102593
1360,0.271596
1361,0.053379
1362,0.058347
1363,0.051865
1364,0.055185
1365,0.054108
1366,0.058201
1367,0.056325
1368,0.052376
1369,0.053756
1370,0.058329
1371,0.050868
1372,0.058035
1373,0.052963
1374,0.058950
1375,0.053093
1376,0.054281
1377,0.058682
1378,0.059716
1379,0.061317
1380,0.052392
1381,0.053364
1382,0.061250
1383,0.051096
1384,0.052235
1385,0.050670
1386,0.050943
1387,0.049075
1388,0.056002
1389,0.054124
1390,0.054767
1391,0.052932
1392,0.059550
1393,0.060672
1394,0.058819
1395,0.052222
1396,0.053430
1397,0.058462
1398,0.052983
1399,0.052010
1400,0.063698
1401,0.056367
1402,0.054376
1403,0.058409
1404,0.053954
1405,0.059481
1406,0.057557
1407,0.056940
1408,0.058348
1409,0.061777
1410,0.060204
1411,0.058519
1412,0.048429
1413,0.049110
1414,0.056474
1415,0.084360
1416,0.048098
1417,0.060944
1418,0.055392
1419,0.057641
1420,0.055432
1421,0.054485
1422,0.062080
1423,0.053163
1424,0.055579
1425,0.059298
1426,0.055912
1427,0.059908
1428,0.053091
1429,0.054465
1430,0.052201
1431,0.066774
1432,0.057564
1433,0.055821
1434,0.053319
1435,0.048832
1436,0.057302
1437,0.053477
1438,0.052238
1439,0.054054
1440,0.057176
1441,0.142343
1442,0.049679
1443,0.053375
1444,0.050002
1445,0.052374
1446,0.049841
1447,0.057196
1448,0.052910
1449,0.053021
1450,0.054619
1451,0.050370
1452,0.062452
1453,0.057643
1454,0.051972
1455,0.055481
1456,0.055889
1457,0.056677
1458,0.052227
1459,0.054993
1460,0.058679
1461,0.052995
1462,0.054257
1463,0.081670
1464,0.053061
1465,0.053015
1466,0.106128
1467,0.058070
1468,0.048629
1469,0.101936
1470,0.055330
1471,0.058920
1472,0.050998
1473,0.054593
1474,0.062773
1475,0.053529
1476,0.066090
1477,0.051149
1478,0.058788
1479,0.052271
1480,0.059397
1481,0.054396
1482,0.047493
1483,0.058474
1484,0.059090
1485,0.057526
1486,0.050569
1487,0.057877
1488,0.053214
1489,0.050778
1490,0.053965
1491,0.054916
1492,0.060245
1493,0.051913
1494,0.058580
1495,0.052859
1496,0.059556
1497,0.053677
1498,0.053224
1499,0.054248
1500,0.052917
1501,0.058640
1502,0.051009
1503,0.053518
1504,0.061412
1505,0.055539
1506,0.052757
1507,0.054121
1508,0.054402
1509,0.051493
1510,0.052891
1511,0.057300
1512,0.057837
1513,0.059909
1514,0.058241
1515,0.053941
1516,0.053100
1517,0.056937
1518,0.047877
1519,0.055249
1520,0.067854
1521,0.052850
1522,0.055559
1523,0.042382
1524,0.052238
1525,0.053081
1526,0.047777
1527,0.048007
1528,0.052992
1529,0.051971
1530,0.049563
1531,0.049817
1532,0.061638
1533,0.051888
1534,0.063123
1535,0.058505
1536,0.049485
1537,0.049303
1538,0.049072
1539,0.058741
1540,0.051032
1541,0.059434
1542,0.050598
1543,0.049658
1544,0.053050
1545,0.056209
1546,0.056839
1547,0.058961
1548,0.059054
1549,0.053022
1550,0.053127
1551,0.061279
1552,0.054622
1553,0.053320
1554,0.058675
1555,0.053081
1556,0.052888
1557,0.054205
1558,0.055807
1559,0.053339
1560,0.056699
1561,0.056991
1562,0.055094
1563,0.058872
1564,0.051051
1565,0.057846
1566,0.058016
1567,0.060209
1568,0.058935
1569,0.056528
1570,0.053612
1571,0.053025
1572,0.054836
1573,0.053111
1574,0.054874
1575,0.058502
1576,0.056945
1577,0.053553
1578,0.058880
1579,0.054220
1580,0.052990
1581,0.054219
1582,0.054436
1583,0.054499
1584,0.052288
1585,0.050731
1586,0.057715
1587,0.052019
1588,0.051621
1589,0.054504
1590,0.050167
1591,0.058151
1592,0.055149
1593,0.048413
1594,0.053739
1595,0.059463
1596,0.044329
1597,0.068218
1598,0.059281
1599,0.055060
1600,0.057489
1601,0.050391
1602,0.050099
1603,0.060035
1604,0.058839
1605,0.061217
1606,0.059018
1607,0.114778
1608,0.050615
1609,0.051476
1610,0.056683
1611,0.056346
1612,0.067135
1613,0.065753
1614,0.054079
1615,0.056468
1616,0.066755
1617,0.056338
1618,0.058528
1619,0.059839
1620,0.059309
1621,0.058387
1622,0.061682
1623,0.058663
1624,0.054802
1625,0.056333
1626,0.060754
1627,0.054200
1628,0.111583
1629,0.063227
1630,0.056242
1631,0.055986
1632,0.056440
1633,0.058551
1634,0.059830
1635,0.054002
1636,0.056013
1637,0.057765
1638,0.115240
1639,0.056004
1640,0.055944
1641,0.055967
1642,0.056084
1643,0.056177
1644,0.057461
1645,0.060426
1646,0.054418
1647,0.055406
1648,0.053944
1649,0.055955
1650,0.052453
1651,0.054918
1652,0.056651
1653,0.057039
1654,0.057173
1655,0.053290
1656,0.053258
1657,0.052450
1658,0.062972
1659,0.061003
1660,0.052085
1661,0.052196
1662,0.052504
1663,0.049091
1664,0.056124
1665,0.049324
1666,0.058707
1667,0.053746
1668,0.055243
1669,0.058917
1670,0.058034
1671,0.054006
1672,0.058121
1673,0.056637
1674,0.053269
1675,0.053001
1676,0.053435
1677,0.058827
1678,0.052745
1679,0.052175
1680,0.060027
1681,0.056524
1682,0.056281
1683,0.052490
1684,0.062513
1685,0.055056
1686,0.049249
1687,0.123499
1688,0.064152
1689,0.056055
1690,0.056253
1691,0.053687
1692,0.109567
1693,0.050306
1694,0.055188
1695,0.042075
1696,0.052898
1697,0.050860
1698,0.056156
1699,0.049290
1700,0.062594
1701,0.061230
1702,0.054879
1703,0.106873
1704,0.057508
1705,0.054671
1706,0.054036
1707,0.054909
1708,0.055385
1709,0.053767
1710,0.059083
1711,0.053779
1712,0.060680
1713,0.072504
1714,0.054039
1715,0.054757
1716,0.057377
1717,0.054848
1718,0.053536
1719,0.052059
1720,0.059255
1721,0.054965
1722,0.055582
1723,0.048452
1724,0.056949
1725,0.050289
1726,0.055056
1727,0.106448
1728,0.053129
1729,0.055994
1730,0.061297
1731,0.055033
1732,0.053742
1733,0.054813
1734,0.062180
1735,0.054604
1736,0.063387
1737,0.054098
1738,0.060743
1739,0.079857
1740,0.063088
1741,0.052264
1742,0.060181
1743,0.058720
1744,0.053865
1745,0.061196
1746,0.054978
1747,0.060318
1748,0.065260
1749,0.055486
1750,0.059054
1751,0.054899
1752,0.054954
1753,0.053036
1754,0.056235
1755,0.056359
1756,0.055335
1757,0.058927
1758,0.063328
1759,0.056908
1760,0.056983
1761,0.112948
1762,0.055218
1763,0.119023
1764,0.061878
1765,0.059709
1766,0.053317
1767,0.060749
1768,0.053365
1769,0.059564
1770,0.062745
1771,0.059327
1772,0.054228
1773,0.055012
1774,0.061915
1775,0.060218
1776,0.054812
1777,0.059929
1778,0.054723
1779,0.055426
1780,0.053850
1781,0.056071
1782,0.054741
1783,0.111056
1784,0.061091
1785,0.108143
1786,0.051888
1787,0.125348
1788,0.104209
1789,0.122549
1790,0.105917
1791,0.059258
1792,0.096822
1793,0.052889
1794,0.056548
1795,0.059756
1796,0.052508
1797,0.060204
1798,0.048813
1799,0.055998
1800,0.106132
1801,0.057153
1802,0.058200
1803,0.057131
1804,0.062542
1805,0.052472
1806,0.050718
1807,0.051828
1808,0.052867
1809,0.060169
1810,0.055821
1811,0.059111
1812,0.051198
1813,0.053481
1814,0.049960
1815,0.060133
1816,0.061264
1817,0.054626
1818,0.050024
1819,0.050035
1820,0.052312
1821,0.051027
1822,0.061149
1823,0.058953
1824,0.052633
1825,0.041202
1826,0.058015
1827,0.056284
1828,0.058707
1829,0.053034
1830,0.056218
1831,0.059694
1832,0.059112
1833,0.054959
1834,0.057110
1835,0.055901
1836,0.057344
1837,0.069628
1838,0.054517
1839,0.059486
1840,0.054834
1841,0.062097
1842,0.059226
1843,0.055925
1844,0.056154
1845,0.053782
1846,0.053456
1847,0.057548
1848,0.055484
1849,0.057124
1850,0.054323
1851,0.056037
1852,0.056333
1853,0.055235
1854,0.061877
1855,0.059626
1856,0.057953
1857,0.056619
1858,0.052380
1859,0.056972
1860,0.053148
1861,0.054045
1862,0.057473
1863,0.048959
1864,0.054394
1865,0.056763
1866,0.049224
1867,0.059069
1868,0.053721
1869,0.052314
1870,0.058974
1871,0.057371
1872,0.086611
1873,0.056234
1874,0.054496
1875,0.059216
1876,0.052399
1877,0.065590
1878,0.050999
1879,0.059126
1880,0.058916
1881,0.049996
1882,0.053220
1883,0.055922
1884,0.054859
1885,0.054579
1886,0.048423
1887,0.050639
1888,0.055680
1889,0.057157
1890,0.055721
1891,0.050603
1892,0.056134
1893,0.057152
1894,0.058837
1895,0.051057
1896,0.054140
1897,0.082884
1898,0.057031
1899,0.049830
1900,0.052062
1901,0.059211
1902,0.056886
1903,0.044746
1904,0.058349
1905,0.053014
1906,0.053809
1907,0.053052
1908,0.057522
1909,0.050633
1910,0.050943
1911,0.059977
1912,0.051886
1913,0.054021
1914,0.056282
1915,0.050723
1916,0.053065
1917,0.048679
1918,0.053381
1919,0.055156
1920,0.054066
1921,0.055665
1922,0.061796
1923,0.050560
1924,0.056630
1925,0.052287
1926,0.053475
1927,0.052661
1928,0.055410
1929,0.064975
1930,0.040023
1931,0.057162
1932,0.048835
1933,0.049726
1934,0.056463
1935,0.059111
1936,0.053854
1937,0.059080
1938,0.049834
1939,0.108094
1940,0.054111
1941,0.056130
1942,0.052775
1943,0.054843
1944,0.051041
1945,0.054172
1946,0.046722
1947,0.054149
1948,0.058911
1949,0.059006
1950,0.062528
1951,0.060646
1952,0.056994
1953,0.053204
1954,0.054767
1955,0.058999
1956,0.054109
1957,0.112099
1958,0.059167
1959,0.111579
1960,0.057021
1961,0.053020
1962,0.056657
1963,0.107680
1964,0.053060
1965,0.055652
1966,0.053004
1967,0.059037
1968,0.111910
1969,0.106217
1970,0.113795
1971,0.114080
1972,0.106929
1973,0.109447
1974,0.108597
1975,0.110782
1976,0.106962
1977,0.059045
1978,0.056233
1979,0.055041
1980,0.110050
1981,0.052856
1982,0.052869
1983,0.111120
1984,0.057009
1985,0.119985
1986,0.107829
1987,0.053168
1988,0.053965
1989,0.054006
1990,0.053022
1991,0.106066
1992,0.050995
1993,0.049953
1994,0.115416
1995,0.042474
1996,0.042026
1997,0.042977
1998,0.042041
1999,0.042956
2000,0.042014
2001,0.042974
2002,0.042016
2003,0.042014
2004,0.040998
2005,0.042990
2006,0.042005
2007,0.042995
2008,0.042008
2009,0.041007
2010,0.042982
2011,0.042010
2012,0.040997
2013,0.041966
2014,0.043043
2015,0.041957
2016,0.042015
2017,0.042112
2018,0.041913
2019,0.040997
2020,0.041973
2021,0.040994
2022,0.042025
2023,0.040986
2024,0.042988
2025,0.043037
2026,0.041001
2027,0.043013
2028,0.041988
2029,0.042973
2030,0.042016
2031,0.040997
2032,0.040998
2033,0.042066
2034,0.041910
2035,0.042022
2036,0.042984
2037,0.042025
2038,0.042980
2039,0.043009
2040,0.043028
2041,0.040992
2042,0.042983
2043,0.042988
2044,0.042013
2045,0.041997
2046,0.042025
2047,0.042988
2048,0.041996
2049,0.042990
2050,0.042025
2051,0.042990
2052,0.042969
2053,0.042019
2054,0.042989
2055,0.040990
2056,0.041999
2057,0.042013
2058,0.042984
2059,0.041039
2060,0.041973
2061,0.042004
2062,0.042006
2063,0.042008
2064,0.042005
2065,0.042010
2066,0.041981
2067,0.043013
2068,0.042001
2069,0.041971
2070,0.041025
2071,0.041975
2072,0.042006
2073,0.042016
2074,0.041995
2075,0.041990
2076,0.041991
2077,0.041997
2078,0.042020
2079,0.041991
2080,0.043009
2081,0.042975
2082,0.043036
2083,0.042992
2084,0.041996
2085,0.042009
2086,0.039973
2087,0.042015
2088,0.041994
2089,0.042015
2090,0.042991
2091,0.039018
2092,0.041987
2093,0.041980
2094,0.043039
2095,0.040992
2096,0.041965
2097,0.041002
2098,0.042009
2099,0.041996
2100,0.042015
2101,0.040996
2102,0.042986
2103,0.043102
2104,0.043092
# total_episodes=2104, avg_seconds=0.063632
